date,state_name,districtname,average_soilmoisture_level_(at_15cm),average_soilmoisture_volume_(at_15cm),aggregate_soilmoisture_percentage_(at_15cm),volume_soilmoisture_percentage_(at_15cm),Year,Month,Day
2018/06/30,UTTAR PRADESH,FARRUKHABAD,0.06,-,0.58,17.84188355,2018,Jun,30
2018/06/30,UTTAR PRADESH,LUCKNOW,0.04,-,0.23,22.27967869,2018,Jun,30
2018/06/30,UTTAR PRADESH,KHERI,0.23,-,1.96,23.97344208,2018,Jun,30
2018/06/30,UTTAR PRADESH,CHANDAULI,0.0,-,0.0,22.93656259,2018,Jun,30
2018/06/30,UTTAR PRADESH,AMBEDKAR NAGAR,0.0,-,0.0,21.04634086,2018,Jun,30
2018/06/30,UTTAR PRADESH,BUDAUN,0.01,-,0.06,10.58975578,2018,Jun,30
2018/06/30,UTTAR PRADESH,BALRAMPUR,0.31,-,2.48,29.13442114,2018,Jun,30
2018/06/30,UTTAR PRADESH,BASTI,0.0,-,0.0,25.27863571,2018,Jun,30
2018/06/30,UTTAR PRADESH,RAMPUR,0.0,-,0.0,14.41912905,2018,Jun,30
2018/06/30,UTTAR PRADESH,MIRZAPUR,0.18,-,1.69,23.90480004,2018,Jun,30
2018/06/30,UTTAR PRADESH,JYOTIBA PHULE NAGAR,0.15,-,1.52,11.9956631,2018,Jun,30
2018/06/30,UTTAR PRADESH,LALITPUR,0.67,-,4.18,28.18533115,2018,Jun,30
2018/06/30,UTTAR PRADESH,MAHAMAYA NAGAR,0.0,-,0.0,25.05966243,2018,Jun,30
2018/06/30,UTTAR PRADESH,MATHURA,0.32,-,1.99,28.55694614,2018,Jun,30
2018/06/30,UTTAR PRADESH,MAHOBA,0.01,-,0.08,26.01421289,2018,Jun,30
2018/06/30,UTTAR PRADESH,CHITRAKOOT,0.04,-,0.33,22.87864077,2018,Jun,30
2018/06/30,UTTAR PRADESH,SAHARANPUR,0.02,-,0.18,20.16270628,2018,Jun,30
2018/06/30,UTTAR PRADESH,KANNAUJ,0.0,-,0.0,20.95953093,2018,Jun,30
2018/06/30,UTTAR PRADESH,SANT KABIR NAGAR,0.0,-,0.0,25.39800612,2018,Jun,30
2018/06/30,UTTAR PRADESH,SONBHADRA,0.11,-,0.81,32.23035258,2018,Jun,30
2018/06/30,UTTAR PRADESH,FATEHPUR,0.05,-,0.47,16.22319111,2018,Jun,30
2018/06/30,UTTAR PRADESH,BARA BANKI,0.0,-,0.0,22.34282501,2018,Jun,30
2018/06/30,UTTAR PRADESH,AZAMGARH,0.0,-,0.0,19.75464808,2018,Jun,30
2018/06/30,UTTAR PRADESH,BAGHPAT,0.0,-,0.01,17.41148353,2018,Jun,30
2018/06/30,UTTAR PRADESH,ALIGARH,0.01,-,0.06,23.68651443,2018,Jun,30
2018/06/30,UTTAR PRADESH,HARDOI,0.07,-,0.65,26.90663815,2018,Jun,30
2018/06/30,UTTAR PRADESH,RAE BARELI,0.08,-,0.78,18.53121627,2018,Jun,30
2018/06/30,UTTAR PRADESH,GHAZIPUR,0.01,-,0.08,16.81811804,2018,Jun,30
2018/06/30,UTTAR PRADESH,KAUSHAMBI,0.02,-,0.23,15.5278673,2018,Jun,30
2018/06/30,UTTAR PRADESH,BULANDSHAHR,0.0,-,0.02,24.80381332,2018,Jun,30
2018/06/30,UTTAR PRADESH,DEORIA,0.0,-,0.0,22.13673588,2018,Jun,30
2018/06/30,UTTAR PRADESH,BAHRAICH,0.43,-,3.92,24.45917943,2018,Jun,30
2018/06/30,UTTAR PRADESH,GORAKHPUR,0.17,-,1.23,25.97285484,2018,Jun,30
2018/06/30,UTTAR PRADESH,BIJNOR,0.11,-,0.79,17.70696243,2018,Jun,30
2018/06/30,UTTAR PRADESH,BANDA,0.0,-,0.01,25.47436678,2018,Jun,30
2018/06/30,UTTAR PRADESH,MUZAFFARNAGAR,0.02,-,0.18,19.15899596,2018,Jun,30
2018/06/30,UTTAR PRADESH,SANT RAVI DAS NAGAR(BHADOHI),0.12,-,0.95,23.92790086,2018,Jun,30
2018/06/30,UTTAR PRADESH,HAMIRPUR,0.0,-,0.0,26.58096427,2018,Jun,30
2018/06/30,UTTAR PRADESH,PRATAPGARH,0.0,-,0.0,26.83910081,2018,Jun,30
2018/06/30,UTTAR PRADESH,ETAWAH,0.15,-,1.11,26.86990498,2018,Jun,30
2018/06/30,UTTAR PRADESH,MORADABAD,0.0,-,0.02,10.57685304,2018,Jun,30
2018/06/30,UTTAR PRADESH,AGRA,0.38,-,3.47,29.18483182,2018,Jun,30
2018/06/30,UTTAR PRADESH,JAUNPUR,0.0,-,0.0,24.73479475,2018,Jun,30
2018/06/30,UTTAR PRADESH,KANPUR NAGAR,0.02,-,0.21,19.68963712,2018,Jun,30
2018/06/30,UTTAR PRADESH,JHANSI,0.37,-,2.31,33.0719671,2018,Jun,30
2018/06/30,UTTAR PRADESH,SIDDHARTH NAGAR,0.34,-,2.3,30.10741298,2018,Jun,30
2018/06/30,UTTAR PRADESH,MEERUT,0.09,-,0.59,14.76577205,2018,Jun,30
2018/06/30,UTTAR PRADESH,PILIBHIT,0.63,-,4.86,25.97214231,2018,Jun,30
2018/06/30,UTTAR PRADESH,SHAHJAHANPUR,0.1,-,0.94,23.50375481,2018,Jun,30
2018/06/30,UTTAR PRADESH,KANPUR DEHAT,0.0,-,0.0,20.20070635,2018,Jun,30
2018/06/30,UTTAR PRADESH,FIROZABAD,0.04,-,0.39,23.07102149,2018,Jun,30
2018/06/30,UTTAR PRADESH,AYODHYA,0.0,-,0.0,19.87682925,2018,Jun,30
2018/06/30,UTTAR PRADESH,KUSHINAGAR,0.03,-,0.25,28.05270822,2018,Jun,30
2018/06/30,UTTAR PRADESH,JALAUN,0.03,-,0.2,35.54277232,2018,Jun,30
2018/06/30,UTTAR PRADESH,GHAZIABAD,0.08,-,0.53,23.9173785,2018,Jun,30
2018/06/30,UTTAR PRADESH,ETAH,0.0,-,0.0,19.03028275,2018,Jun,30
2018/06/30,UTTAR PRADESH,BALLIA,0.0,-,0.0,17.94911108,2018,Jun,30
2018/06/30,UTTAR PRADESH,UNNAO,0.14,-,1.41,22.55613063,2018,Jun,30
2018/06/30,UTTAR PRADESH,MAU,0.0,-,0.0,17.24210658,2018,Jun,30
2018/06/30,UTTAR PRADESH,SITAPUR,0.05,-,0.46,23.12638905,2018,Jun,30
2018/06/30,UTTAR PRADESH,PRAYAGRAJ,0.11,-,1.06,23.77953106,2018,Jun,30
2018/06/30,UTTAR PRADESH,BAREILLY,0.03,-,0.18,16.86929203,2018,Jun,30
2018/06/30,UTTAR PRADESH,SHRAWASTI,0.27,-,2.61,30.36760071,2018,Jun,30
2018/06/30,UTTAR PRADESH,SULTANPUR,0.0,-,0.0,24.59581236,2018,Jun,30
2018/06/30,UTTAR PRADESH,GONDA,0.0,-,0.04,24.38679705,2018,Jun,30
2018/06/30,UTTAR PRADESH,GAUTAM BUDDHA NAGAR,0.04,-,0.27,29.4629803,2018,Jun,30
2018/06/30,UTTAR PRADESH,KANSIRAM NAGAR,0.0,-,0.02,13.77337184,2018,Jun,30
2018/06/30,UTTAR PRADESH,MAHARAJGANJ,0.04,-,0.28,28.2385638,2018,Jun,30
2018/06/30,UTTAR PRADESH,MAINPURI,0.0,-,0.0,18.73731878,2018,Jun,30
2018/06/30,UTTAR PRADESH,VARANASI,0.0,-,0.04,22.1879009,2018,Jun,30
2018/06/30,UTTAR PRADESH,AURAIYA,0.04,-,0.39,21.42977887,2018,Jun,30
2018/06/29,UTTAR PRADESH,FARRUKHABAD,0.03,-,0.3,17.10067096,2018,Jun,29
2018/06/29,UTTAR PRADESH,LUCKNOW,0.04,-,0.23,22.77384305,2018,Jun,29
2018/06/29,UTTAR PRADESH,KHERI,0.18,-,1.49,22.93065808,2018,Jun,29
2018/06/29,UTTAR PRADESH,CHANDAULI,0.0,-,0.01,23.82662939,2018,Jun,29
2018/06/29,UTTAR PRADESH,AMBEDKAR NAGAR,0.0,-,0.0,21.37586899,2018,Jun,29
2018/06/29,UTTAR PRADESH,BUDAUN,0.01,-,0.12,10.41194833,2018,Jun,29
2018/06/29,UTTAR PRADESH,BALRAMPUR,0.16,-,1.31,27.32307624,2018,Jun,29
2018/06/29,UTTAR PRADESH,BASTI,0.0,-,0.0,26.27402385,2018,Jun,29
2018/06/29,UTTAR PRADESH,RAMPUR,0.0,-,0.0,13.31659796,2018,Jun,29
2018/06/29,UTTAR PRADESH,MIRZAPUR,0.25,-,2.25,24.7361831,2018,Jun,29
2018/06/29,UTTAR PRADESH,JYOTIBA PHULE NAGAR,0.2,-,2.01,11.91894626,2018,Jun,29
2018/06/29,UTTAR PRADESH,LALITPUR,1.0,-,6.33,29.72769264,2018,Jun,29
2018/06/29,UTTAR PRADESH,MAHAMAYA NAGAR,0.0,-,0.0,25.54288418,2018,Jun,29
2018/06/29,UTTAR PRADESH,MATHURA,0.35,-,2.16,29.34976883,2018,Jun,29
2018/06/29,UTTAR PRADESH,MAHOBA,0.02,-,0.13,26.20656887,2018,Jun,29
2018/06/29,UTTAR PRADESH,CHITRAKOOT,0.06,-,0.49,23.89258725,2018,Jun,29
2018/06/29,UTTAR PRADESH,SAHARANPUR,0.01,-,0.13,19.80829531,2018,Jun,29
2018/06/29,UTTAR PRADESH,KANNAUJ,0.0,-,0.0,20.66154092,2018,Jun,29
2018/06/29,UTTAR PRADESH,SANT KABIR NAGAR,0.0,-,0.0,26.28250431,2018,Jun,29
2018/06/29,UTTAR PRADESH,SONBHADRA,0.12,-,0.86,33.2638955,2018,Jun,29
2018/06/29,UTTAR PRADESH,FATEHPUR,0.07,-,0.72,16.95277225,2018,Jun,29
2018/06/29,UTTAR PRADESH,BARA BANKI,0.0,-,0.0,22.70044571,2018,Jun,29
2018/06/29,UTTAR PRADESH,AZAMGARH,0.0,-,0.0,20.70614197,2018,Jun,29
2018/06/29,UTTAR PRADESH,BAGHPAT,0.01,-,0.1,17.61610943,2018,Jun,29
2018/06/29,UTTAR PRADESH,ALIGARH,0.01,-,0.06,24.21955386,2018,Jun,29
2018/06/29,UTTAR PRADESH,HARDOI,0.07,-,0.66,25.75143329,2018,Jun,29
2018/06/29,UTTAR PRADESH,RAE BARELI,0.12,-,1.14,19.24442255,2018,Jun,29
2018/06/29,UTTAR PRADESH,GHAZIPUR,0.02,-,0.18,17.50462595,2018,Jun,29
2018/06/29,UTTAR PRADESH,KAUSHAMBI,0.05,-,0.46,16.48504819,2018,Jun,29
2018/06/29,UTTAR PRADESH,BULANDSHAHR,0.07,-,0.45,25.58601097,2018,Jun,29
2018/06/29,UTTAR PRADESH,DEORIA,0.0,-,0.0,22.95795908,2018,Jun,29
2018/06/29,UTTAR PRADESH,BAHRAICH,0.26,-,2.53,21.13427527,2018,Jun,29
2018/06/29,UTTAR PRADESH,GORAKHPUR,0.17,-,1.26,27.14523957,2018,Jun,29
2018/06/29,UTTAR PRADESH,BIJNOR,0.03,-,0.23,16.03459225,2018,Jun,29
2018/06/29,UTTAR PRADESH,BANDA,0.0,-,0.01,25.88785617,2018,Jun,29
2018/06/29,UTTAR PRADESH,MUZAFFARNAGAR,0.04,-,0.4,19.67980113,2018,Jun,29
2018/06/29,UTTAR PRADESH,SANT RAVI DAS NAGAR(BHADOHI),0.19,-,1.56,25.3464843,2018,Jun,29
2018/06/29,UTTAR PRADESH,HAMIRPUR,0.0,-,0.0,26.57958632,2018,Jun,29
2018/06/29,UTTAR PRADESH,PRATAPGARH,0.0,-,0.03,28.52502157,2018,Jun,29
2018/06/29,UTTAR PRADESH,ETAWAH,0.14,-,1.04,25.86779342,2018,Jun,29
2018/06/29,UTTAR PRADESH,MORADABAD,0.0,-,0.0,9.793685949,2018,Jun,29
2018/06/29,UTTAR PRADESH,AGRA,0.35,-,3.29,29.29365569,2018,Jun,29
2018/06/29,UTTAR PRADESH,JAUNPUR,0.0,-,0.0,26.18779801,2018,Jun,29
2018/06/29,UTTAR PRADESH,KANPUR NAGAR,0.02,-,0.21,20.14103012,2018,Jun,29
2018/06/29,UTTAR PRADESH,JHANSI,0.37,-,2.3,34.10876762,2018,Jun,29
2018/06/29,UTTAR PRADESH,SIDDHARTH NAGAR,0.01,-,0.1,26.56502194,2018,Jun,29
2018/06/29,UTTAR PRADESH,MEERUT,0.09,-,0.6,14.61299865,2018,Jun,29
2018/06/29,UTTAR PRADESH,PILIBHIT,0.61,-,4.65,25.61737179,2018,Jun,29
2018/06/29,UTTAR PRADESH,SHAHJAHANPUR,0.09,-,0.82,22.39196878,2018,Jun,29
2018/06/29,UTTAR PRADESH,KANPUR DEHAT,0.0,-,0.01,20.93639965,2018,Jun,29
2018/06/29,UTTAR PRADESH,FIROZABAD,0.04,-,0.34,22.00467697,2018,Jun,29
2018/06/29,UTTAR PRADESH,AYODHYA,0.0,-,0.0,20.5011039,2018,Jun,29
2018/06/29,UTTAR PRADESH,KUSHINAGAR,0.03,-,0.28,27.17113808,2018,Jun,29
2018/06/29,UTTAR PRADESH,JALAUN,0.04,-,0.25,36.58386969,2018,Jun,29
2018/06/29,UTTAR PRADESH,GHAZIABAD,0.12,-,0.79,24.06007366,2018,Jun,29
2018/06/29,UTTAR PRADESH,ETAH,0.0,-,0.0,18.75036375,2018,Jun,29
2018/06/29,UTTAR PRADESH,BALLIA,0.0,-,0.0,18.64854012,2018,Jun,29
2018/06/29,UTTAR PRADESH,UNNAO,0.16,-,1.54,22.84497783,2018,Jun,29
2018/06/29,UTTAR PRADESH,MAU,0.0,-,0.0,18.06857883,2018,Jun,29
2018/06/29,UTTAR PRADESH,SITAPUR,0.01,-,0.13,21.53764508,2018,Jun,29
2018/06/29,UTTAR PRADESH,PRAYAGRAJ,0.17,-,1.62,25.11269187,2018,Jun,29
2018/06/29,UTTAR PRADESH,BAREILLY,0.02,-,0.17,16.0720041,2018,Jun,29
2018/06/29,UTTAR PRADESH,SHRAWASTI,0.11,-,1.15,25.25804034,2018,Jun,29
2018/06/29,UTTAR PRADESH,SULTANPUR,0.0,-,0.0,25.34547484,2018,Jun,29
2018/06/29,UTTAR PRADESH,GONDA,0.0,-,0.0,23.37135391,2018,Jun,29
2018/06/29,UTTAR PRADESH,GAUTAM BUDDHA NAGAR,0.24,-,1.51,31.08487432,2018,Jun,29
2018/06/29,UTTAR PRADESH,KANSIRAM NAGAR,0.0,-,0.02,13.84562691,2018,Jun,29
2018/06/29,UTTAR PRADESH,MAHARAJGANJ,0.02,-,0.21,25.08945596,2018,Jun,29
2018/06/29,UTTAR PRADESH,MAINPURI,0.0,-,0.0,18.07612879,2018,Jun,29
2018/06/29,UTTAR PRADESH,VARANASI,0.0,-,0.05,23.32038285,2018,Jun,29
2018/06/29,UTTAR PRADESH,AURAIYA,0.04,-,0.38,21.54154807,2018,Jun,29
2018/06/28,UTTAR PRADESH,FARRUKHABAD,0.05,-,0.47,17.38124718,2018,Jun,28
2018/06/28,UTTAR PRADESH,LUCKNOW,0.04,-,0.25,23.79428134,2018,Jun,28
2018/06/28,UTTAR PRADESH,KHERI,0.21,-,1.82,24.03873575,2018,Jun,28
2018/06/28,UTTAR PRADESH,CHANDAULI,0.0,-,0.03,25.14184519,2018,Jun,28
2018/06/28,UTTAR PRADESH,AMBEDKAR NAGAR,0.0,-,0.0,20.52783915,2018,Jun,28
2018/06/28,UTTAR PRADESH,BUDAUN,0.0,-,0.0,9.557138978,2018,Jun,28
2018/06/28,UTTAR PRADESH,BALRAMPUR,0.18,-,1.5,28.99339795,2018,Jun,28
2018/06/28,UTTAR PRADESH,BASTI,0.0,-,0.0,27.27269976,2018,Jun,28
2018/06/28,UTTAR PRADESH,RAMPUR,0.0,-,0.0,13.73928747,2018,Jun,28
2018/06/28,UTTAR PRADESH,MIRZAPUR,0.38,-,3.32,26.37559551,2018,Jun,28
2018/06/28,UTTAR PRADESH,JYOTIBA PHULE NAGAR,0.21,-,2.14,11.91537967,2018,Jun,28
2018/06/28,UTTAR PRADESH,LALITPUR,1.83,-,11.94,32.75390111,2018,Jun,28
2018/06/28,UTTAR PRADESH,MAHAMAYA NAGAR,0.0,-,0.0,26.16126513,2018,Jun,28
2018/06/28,UTTAR PRADESH,MATHURA,0.59,-,3.72,31.41506955,2018,Jun,28
2018/06/28,UTTAR PRADESH,MAHOBA,0.05,-,0.37,27.36978197,2018,Jun,28
2018/06/28,UTTAR PRADESH,CHITRAKOOT,0.5,-,4.86,25.36702917,2018,Jun,28
2018/06/28,UTTAR PRADESH,SAHARANPUR,0.12,-,0.85,20.97830572,2018,Jun,28
2018/06/28,UTTAR PRADESH,KANNAUJ,0.0,-,0.0,20.11532207,2018,Jun,28
2018/06/28,UTTAR PRADESH,SANT KABIR NAGAR,0.0,-,0.0,27.17189087,2018,Jun,28
2018/06/28,UTTAR PRADESH,SONBHADRA,0.13,-,0.95,34.68570479,2018,Jun,28
2018/06/28,UTTAR PRADESH,FATEHPUR,0.06,-,0.64,16.65766838,2018,Jun,28
2018/06/28,UTTAR PRADESH,BARA BANKI,0.0,-,0.0,23.58864229,2018,Jun,28
2018/06/28,UTTAR PRADESH,AZAMGARH,0.0,-,0.0,19.99707905,2018,Jun,28
2018/06/28,UTTAR PRADESH,BAGHPAT,0.03,-,0.26,18.18410377,2018,Jun,28
2018/06/28,UTTAR PRADESH,ALIGARH,0.01,-,0.09,24.21087313,2018,Jun,28
2018/06/28,UTTAR PRADESH,HARDOI,0.1,-,0.84,27.48861597,2018,Jun,28
2018/06/28,UTTAR PRADESH,RAE BARELI,0.1,-,1.03,19.04808191,2018,Jun,28
2018/06/28,UTTAR PRADESH,GHAZIPUR,0.02,-,0.22,17.62328201,2018,Jun,28
2018/06/28,UTTAR PRADESH,KAUSHAMBI,0.07,-,0.57,16.36017202,2018,Jun,28
2018/06/28,UTTAR PRADESH,BULANDSHAHR,0.01,-,0.06,23.55580637,2018,Jun,28
2018/06/28,UTTAR PRADESH,DEORIA,0.0,-,0.0,22.75541587,2018,Jun,28
2018/06/28,UTTAR PRADESH,BAHRAICH,0.3,-,2.92,21.99213251,2018,Jun,28
2018/06/28,UTTAR PRADESH,GORAKHPUR,0.17,-,1.28,27.99293192,2018,Jun,28
2018/06/28,UTTAR PRADESH,BIJNOR,0.03,-,0.27,16.59538806,2018,Jun,28
2018/06/28,UTTAR PRADESH,BANDA,0.0,-,0.01,26.79480332,2018,Jun,28
2018/06/28,UTTAR PRADESH,MUZAFFARNAGAR,0.33,-,2.28,20.69395742,2018,Jun,28
2018/06/28,UTTAR PRADESH,SANT RAVI DAS NAGAR(BHADOHI),0.32,-,2.53,26.85378178,2018,Jun,28
2018/06/28,UTTAR PRADESH,HAMIRPUR,0.0,-,0.06,27.40949856,2018,Jun,28
2018/06/28,UTTAR PRADESH,PRATAPGARH,0.6,-,4.01,30.64816493,2018,Jun,28
2018/06/28,UTTAR PRADESH,ETAWAH,0.74,-,5.16,28.22330251,2018,Jun,28
2018/06/28,UTTAR PRADESH,MORADABAD,0.0,-,0.0,9.876545218,2018,Jun,28
2018/06/28,UTTAR PRADESH,AGRA,1.07,-,8.53,31.95484056,2018,Jun,28
2018/06/28,UTTAR PRADESH,JAUNPUR,0.0,-,0.01,26.39554692,2018,Jun,28
2018/06/28,UTTAR PRADESH,KANPUR NAGAR,0.02,-,0.19,20.017652,2018,Jun,28
2018/06/28,UTTAR PRADESH,JHANSI,0.82,-,5.2,36.83171723,2018,Jun,28
2018/06/28,UTTAR PRADESH,SIDDHARTH NAGAR,0.02,-,0.13,27.97961008,2018,Jun,28
2018/06/28,UTTAR PRADESH,MEERUT,0.1,-,0.62,14.76607643,2018,Jun,28
2018/06/28,UTTAR PRADESH,PILIBHIT,0.74,-,5.64,27.27757106,2018,Jun,28
2018/06/28,UTTAR PRADESH,SHAHJAHANPUR,0.12,-,1.1,23.62991117,2018,Jun,28
2018/06/28,UTTAR PRADESH,KANPUR DEHAT,0.0,-,0.01,21.09168462,2018,Jun,28
2018/06/28,UTTAR PRADESH,FIROZABAD,0.13,-,1.11,22.328514,2018,Jun,28
2018/06/28,UTTAR PRADESH,AYODHYA,0.0,-,0.0,20.022859,2018,Jun,28
2018/06/28,UTTAR PRADESH,KUSHINAGAR,0.03,-,0.29,27.99893729,2018,Jun,28
2018/06/28,UTTAR PRADESH,JALAUN,0.07,-,0.44,38.10586534,2018,Jun,28
2018/06/28,UTTAR PRADESH,GHAZIABAD,0.14,-,0.94,23.72350488,2018,Jun,28
2018/06/28,UTTAR PRADESH,ETAH,0.0,-,0.0,18.06378124,2018,Jun,28
2018/06/28,UTTAR PRADESH,BALLIA,0.0,-,0.0,18.73107077,2018,Jun,28
2018/06/28,UTTAR PRADESH,UNNAO,0.16,-,1.57,23.45067148,2018,Jun,28
2018/06/28,UTTAR PRADESH,MAU,0.0,-,0.0,17.5685143,2018,Jun,28
2018/06/28,UTTAR PRADESH,SITAPUR,0.02,-,0.22,22.65401554,2018,Jun,28
2018/06/28,UTTAR PRADESH,PRAYAGRAJ,0.48,-,4.28,27.15016272,2018,Jun,28
2018/06/28,UTTAR PRADESH,BAREILLY,0.03,-,0.2,16.73089831,2018,Jun,28
2018/06/28,UTTAR PRADESH,SHRAWASTI,0.13,-,1.36,26.05059943,2018,Jun,28
2018/06/28,UTTAR PRADESH,SULTANPUR,0.01,-,0.07,24.59956569,2018,Jun,28
2018/06/28,UTTAR PRADESH,GONDA,0.0,-,0.0,24.2448796,2018,Jun,28
2018/06/28,UTTAR PRADESH,GAUTAM BUDDHA NAGAR,0.21,-,1.29,30.62124041,2018,Jun,28
2018/06/28,UTTAR PRADESH,KANSIRAM NAGAR,0.0,-,0.02,12.91146205,2018,Jun,28
2018/06/28,UTTAR PRADESH,MAHARAJGANJ,0.03,-,0.25,25.96015818,2018,Jun,28
2018/06/28,UTTAR PRADESH,MAINPURI,0.0,-,0.0,17.5044959,2018,Jun,28
2018/06/28,UTTAR PRADESH,VARANASI,0.01,-,0.09,23.81509859,2018,Jun,28
2018/06/28,UTTAR PRADESH,AURAIYA,0.05,-,0.47,21.99248433,2018,Jun,28
2018/06/27,UTTAR PRADESH,FARRUKHABAD,0.04,-,0.39,17.56219545,2018,Jun,27
2018/06/27,UTTAR PRADESH,LUCKNOW,0.17,-,1.26,25.64597869,2018,Jun,27
2018/06/27,UTTAR PRADESH,KHERI,0.44,-,3.33,25.98119325,2018,Jun,27
2018/06/27,UTTAR PRADESH,CHANDAULI,0.56,-,4.02,27.64344999,2018,Jun,27
2018/06/27,UTTAR PRADESH,AMBEDKAR NAGAR,0.01,-,0.06,21.6002717,2018,Jun,27
2018/06/27,UTTAR PRADESH,BUDAUN,0.0,-,0.0,9.255465866,2018,Jun,27
2018/06/27,UTTAR PRADESH,BALRAMPUR,1.77,-,11.93,32.98137766,2018,Jun,27
2018/06/27,UTTAR PRADESH,BASTI,0.61,-,3.75,30.1113878,2018,Jun,27
2018/06/27,UTTAR PRADESH,RAMPUR,0.0,-,0.0,13.78194794,2018,Jun,27
2018/06/27,UTTAR PRADESH,MIRZAPUR,0.37,-,3.34,26.64094132,2018,Jun,27
2018/06/27,UTTAR PRADESH,JYOTIBA PHULE NAGAR,0.02,-,0.21,8.816752534,2018,Jun,27
2018/06/27,UTTAR PRADESH,LALITPUR,1.72,-,11.44,32.36650918,2018,Jun,27
2018/06/27,UTTAR PRADESH,MAHAMAYA NAGAR,0.56,-,3.56,27.71895342,2018,Jun,27
2018/06/27,UTTAR PRADESH,MATHURA,2.81,-,18.27,37.25368341,2018,Jun,27
2018/06/27,UTTAR PRADESH,MAHOBA,0.02,-,0.11,24.34435471,2018,Jun,27
2018/06/27,UTTAR PRADESH,CHITRAKOOT,0.02,-,0.09,18.33734509,2018,Jun,27
2018/06/27,UTTAR PRADESH,SAHARANPUR,0.01,-,0.11,17.92659276,2018,Jun,27
2018/06/27,UTTAR PRADESH,KANNAUJ,0.0,-,0.04,20.81239,2018,Jun,27
2018/06/27,UTTAR PRADESH,SANT KABIR NAGAR,0.33,-,2.35,29.50587525,2018,Jun,27
2018/06/27,UTTAR PRADESH,SONBHADRA,0.22,-,1.65,36.86624777,2018,Jun,27
2018/06/27,UTTAR PRADESH,FATEHPUR,0.0,-,0.04,13.5589344,2018,Jun,27
2018/06/27,UTTAR PRADESH,BARA BANKI,0.0,-,0.0,24.99365347,2018,Jun,27
2018/06/27,UTTAR PRADESH,AZAMGARH,0.0,-,0.0,21.18771802,2018,Jun,27
2018/06/27,UTTAR PRADESH,BAGHPAT,0.01,-,0.11,14.90898637,2018,Jun,27
2018/06/27,UTTAR PRADESH,ALIGARH,1.13,-,7.06,26.71854347,2018,Jun,27
2018/06/27,UTTAR PRADESH,HARDOI,0.8,-,5.78,30.52047236,2018,Jun,27
2018/06/27,UTTAR PRADESH,RAE BARELI,0.01,-,0.06,16.83809721,2018,Jun,27
2018/06/27,UTTAR PRADESH,GHAZIPUR,0.04,-,0.44,18.38697164,2018,Jun,27
2018/06/27,UTTAR PRADESH,KAUSHAMBI,0.01,-,0.05,14.81729093,2018,Jun,27
2018/06/27,UTTAR PRADESH,BULANDSHAHR,0.33,-,2.03,23.37283495,2018,Jun,27
2018/06/27,UTTAR PRADESH,DEORIA,0.0,-,0.0,23.73394644,2018,Jun,27
2018/06/27,UTTAR PRADESH,BAHRAICH,0.38,-,3.57,23.11187677,2018,Jun,27
2018/06/27,UTTAR PRADESH,GORAKHPUR,0.62,-,4.15,30.54179112,2018,Jun,27
2018/06/27,UTTAR PRADESH,BIJNOR,0.01,-,0.11,13.22651867,2018,Jun,27
2018/06/27,UTTAR PRADESH,BANDA,0.0,-,0.0,24.94026699,2018,Jun,27
2018/06/27,UTTAR PRADESH,MUZAFFARNAGAR,0.06,-,0.6,13.70954094,2018,Jun,27
2018/06/27,UTTAR PRADESH,SANT RAVI DAS NAGAR(BHADOHI),0.07,-,0.53,23.83421926,2018,Jun,27
2018/06/27,UTTAR PRADESH,HAMIRPUR,0.0,-,0.0,25.34401198,2018,Jun,27
2018/06/27,UTTAR PRADESH,PRATAPGARH,0.0,-,0.0,21.19239055,2018,Jun,27
2018/06/27,UTTAR PRADESH,ETAWAH,0.51,-,3.03,25.6470287,2018,Jun,27
2018/06/27,UTTAR PRADESH,MORADABAD,0.0,-,0.0,8.202730398,2018,Jun,27
2018/06/27,UTTAR PRADESH,AGRA,1.73,-,13.08,33.70687037,2018,Jun,27
2018/06/27,UTTAR PRADESH,JAUNPUR,0.67,-,4.73,28.866386,2018,Jun,27
2018/06/27,UTTAR PRADESH,KANPUR NAGAR,0.02,-,0.2,18.91474224,2018,Jun,27
2018/06/27,UTTAR PRADESH,JHANSI,0.98,-,6.81,37.65383749,2018,Jun,27
2018/06/27,UTTAR PRADESH,SIDDHARTH NAGAR,0.71,-,4.9,30.65008902,2018,Jun,27
2018/06/27,UTTAR PRADESH,MEERUT,0.1,-,0.59,9.774307128,2018,Jun,27
2018/06/27,UTTAR PRADESH,PILIBHIT,1.32,-,9.53,30.16705644,2018,Jun,27
2018/06/27,UTTAR PRADESH,SHAHJAHANPUR,0.19,-,1.52,24.78240211,2018,Jun,27
2018/06/27,UTTAR PRADESH,KANPUR DEHAT,0.0,-,0.01,20.59337896,2018,Jun,27
2018/06/27,UTTAR PRADESH,FIROZABAD,0.11,-,0.97,20.61580256,2018,Jun,27
2018/06/27,UTTAR PRADESH,AYODHYA,0.02,-,0.12,21.20029736,2018,Jun,27
2018/06/27,UTTAR PRADESH,KUSHINAGAR,0.03,-,0.32,28.65954057,2018,Jun,27
2018/06/27,UTTAR PRADESH,JALAUN,0.17,-,1.18,38.80722502,2018,Jun,27
2018/06/27,UTTAR PRADESH,GHAZIABAD,0.01,-,0.08,16.61630638,2018,Jun,27
2018/06/27,UTTAR PRADESH,ETAH,0.0,-,0.0,18.03610044,2018,Jun,27
2018/06/27,UTTAR PRADESH,BALLIA,0.0,-,0.0,19.40003581,2018,Jun,27
2018/06/27,UTTAR PRADESH,UNNAO,0.53,-,3.91,24.31190232,2018,Jun,27
2018/06/27,UTTAR PRADESH,MAU,0.0,-,0.0,18.49960765,2018,Jun,27
2018/06/27,UTTAR PRADESH,SITAPUR,0.19,-,1.39,24.49923116,2018,Jun,27
2018/06/27,UTTAR PRADESH,PRAYAGRAJ,0.03,-,0.35,18.6707048,2018,Jun,27
2018/06/27,UTTAR PRADESH,BAREILLY,0.14,-,0.89,17.4020082,2018,Jun,27
2018/06/27,UTTAR PRADESH,SHRAWASTI,0.15,-,1.57,26.60329501,2018,Jun,27
2018/06/27,UTTAR PRADESH,SULTANPUR,0.0,-,0.01,24.35200032,2018,Jun,27
2018/06/27,UTTAR PRADESH,GONDA,0.28,-,1.73,26.07303127,2018,Jun,27
2018/06/27,UTTAR PRADESH,GAUTAM BUDDHA NAGAR,1.15,-,7.29,30.14916407,2018,Jun,27
2018/06/27,UTTAR PRADESH,KANSIRAM NAGAR,0.0,-,0.03,12.81528976,2018,Jun,27
2018/06/27,UTTAR PRADESH,MAHARAJGANJ,0.06,-,0.51,26.65866962,2018,Jun,27
2018/06/27,UTTAR PRADESH,MAINPURI,0.0,-,0.0,17.12772712,2018,Jun,27
2018/06/27,UTTAR PRADESH,VARANASI,0.03,-,0.24,25.2729402,2018,Jun,27
2018/06/27,UTTAR PRADESH,AURAIYA,0.18,-,1.41,22.38322921,2018,Jun,27
2018/06/26,UTTAR PRADESH,FARRUKHABAD,0.01,-,0.08,15.27768962,2018,Jun,26
2018/06/26,UTTAR PRADESH,LUCKNOW,0.04,-,0.26,19.94626679,2018,Jun,26
2018/06/26,UTTAR PRADESH,KHERI,0.09,-,0.67,15.24794243,2018,Jun,26
2018/06/26,UTTAR PRADESH,CHANDAULI,0.16,-,1.08,25.39658949,2018,Jun,26
2018/06/26,UTTAR PRADESH,AMBEDKAR NAGAR,0.0,-,0.0,14.65100598,2018,Jun,26
2018/06/26,UTTAR PRADESH,BUDAUN,0.0,-,0.0,7.55552093,2018,Jun,26
2018/06/26,UTTAR PRADESH,BALRAMPUR,0.16,-,1.01,23.2266765,2018,Jun,26
2018/06/26,UTTAR PRADESH,BASTI,0.0,-,0.0,19.89600791,2018,Jun,26
2018/06/26,UTTAR PRADESH,RAMPUR,0.0,-,0.0,12.01382531,2018,Jun,26
2018/06/26,UTTAR PRADESH,MIRZAPUR,0.06,-,0.5,22.80594831,2018,Jun,26
2018/06/26,UTTAR PRADESH,JYOTIBA PHULE NAGAR,0.0,-,0.0,6.730650483,2018,Jun,26
2018/06/26,UTTAR PRADESH,LALITPUR,1.23,-,8.12,29.2972843,2018,Jun,26
2018/06/26,UTTAR PRADESH,MAHAMAYA NAGAR,0.0,-,0.0,19.19166725,2018,Jun,26
2018/06/26,UTTAR PRADESH,MATHURA,0.0,-,0.0,20.47907269,2018,Jun,26
2018/06/26,UTTAR PRADESH,MAHOBA,0.03,-,0.27,20.91406762,2018,Jun,26
2018/06/26,UTTAR PRADESH,CHITRAKOOT,0.02,-,0.12,17.77453084,2018,Jun,26
2018/06/26,UTTAR PRADESH,SAHARANPUR,0.0,-,0.0,14.78666275,2018,Jun,26
2018/06/26,UTTAR PRADESH,KANNAUJ,0.0,-,0.0,18.02163079,2018,Jun,26
2018/06/26,UTTAR PRADESH,SANT KABIR NAGAR,0.0,-,0.0,18.91971881,2018,Jun,26
2018/06/26,UTTAR PRADESH,SONBHADRA,0.2,-,1.53,36.86390313,2018,Jun,26
2018/06/26,UTTAR PRADESH,FATEHPUR,0.0,-,0.02,11.5111371,2018,Jun,26
2018/06/26,UTTAR PRADESH,BARA BANKI,0.0,-,0.0,18.31867736,2018,Jun,26
2018/06/26,UTTAR PRADESH,AZAMGARH,0.0,-,0.0,16.73956962,2018,Jun,26
2018/06/26,UTTAR PRADESH,BAGHPAT,0.0,-,0.0,10.59280893,2018,Jun,26
2018/06/26,UTTAR PRADESH,ALIGARH,0.01,-,0.06,14.24597754,2018,Jun,26
2018/06/26,UTTAR PRADESH,HARDOI,0.04,-,0.34,18.82273147,2018,Jun,26
2018/06/26,UTTAR PRADESH,RAE BARELI,0.0,-,0.0,13.36016129,2018,Jun,26
2018/06/26,UTTAR PRADESH,GHAZIPUR,0.02,-,0.22,17.87852332,2018,Jun,26
2018/06/26,UTTAR PRADESH,KAUSHAMBI,0.01,-,0.05,13.00837459,2018,Jun,26
2018/06/26,UTTAR PRADESH,BULANDSHAHR,0.0,-,0.0,10.77881984,2018,Jun,26
2018/06/26,UTTAR PRADESH,DEORIA,0.0,-,0.0,23.32607569,2018,Jun,26
2018/06/26,UTTAR PRADESH,BAHRAICH,0.07,-,0.67,14.94000117,2018,Jun,26
2018/06/26,UTTAR PRADESH,GORAKHPUR,0.15,-,1.16,24.17055734,2018,Jun,26
2018/06/26,UTTAR PRADESH,BIJNOR,0.01,-,0.07,12.49276467,2018,Jun,26
2018/06/26,UTTAR PRADESH,BANDA,0.12,-,1.27,26.26595444,2018,Jun,26
2018/06/26,UTTAR PRADESH,MUZAFFARNAGAR,0.0,-,0.0,10.44523016,2018,Jun,26
2018/06/26,UTTAR PRADESH,SANT RAVI DAS NAGAR(BHADOHI),0.0,-,0.0,16.61643218,2018,Jun,26
2018/06/26,UTTAR PRADESH,HAMIRPUR,0.05,-,0.49,25.92133985,2018,Jun,26
2018/06/26,UTTAR PRADESH,PRATAPGARH,0.0,-,0.0,17.90946292,2018,Jun,26
2018/06/26,UTTAR PRADESH,ETAWAH,0.01,-,0.08,19.01390261,2018,Jun,26
2018/06/26,UTTAR PRADESH,MORADABAD,0.0,-,0.0,7.934564796,2018,Jun,26
2018/06/26,UTTAR PRADESH,AGRA,0.02,-,0.14,23.25705321,2018,Jun,26
2018/06/26,UTTAR PRADESH,JAUNPUR,0.0,-,0.0,18.17149372,2018,Jun,26
2018/06/26,UTTAR PRADESH,KANPUR NAGAR,0.0,-,0.03,17.77172854,2018,Jun,26
2018/06/26,UTTAR PRADESH,JHANSI,0.72,-,5.14,33.58739023,2018,Jun,26
2018/06/26,UTTAR PRADESH,SIDDHARTH NAGAR,0.0,-,0.0,22.7927464,2018,Jun,26
2018/06/26,UTTAR PRADESH,MEERUT,0.1,-,0.6,8.326983041,2018,Jun,26
2018/06/26,UTTAR PRADESH,PILIBHIT,1.09,-,7.9,27.29387053,2018,Jun,26
2018/06/26,UTTAR PRADESH,SHAHJAHANPUR,0.06,-,0.55,18.76049884,2018,Jun,26
2018/06/26,UTTAR PRADESH,KANPUR DEHAT,0.0,-,0.02,19.9447694,2018,Jun,26
2018/06/26,UTTAR PRADESH,FIROZABAD,0.02,-,0.15,17.07236863,2018,Jun,26
2018/06/26,UTTAR PRADESH,AYODHYA,0.0,-,0.0,14.17966351,2018,Jun,26
2018/06/26,UTTAR PRADESH,KUSHINAGAR,0.04,-,0.37,29.85228783,2018,Jun,26
2018/06/26,UTTAR PRADESH,JALAUN,0.13,-,0.87,39.28423535,2018,Jun,26
2018/06/26,UTTAR PRADESH,GHAZIABAD,0.01,-,0.07,10.06060751,2018,Jun,26
2018/06/26,UTTAR PRADESH,ETAH,0.0,-,0.0,15.39823332,2018,Jun,26
2018/06/26,UTTAR PRADESH,BALLIA,0.0,-,0.0,19.12699507,2018,Jun,26
2018/06/26,UTTAR PRADESH,UNNAO,0.06,-,0.58,19.74486337,2018,Jun,26
2018/06/26,UTTAR PRADESH,MAU,0.0,-,0.0,16.23792845,2018,Jun,26
2018/06/26,UTTAR PRADESH,SITAPUR,0.01,-,0.11,14.39961294,2018,Jun,26
2018/06/26,UTTAR PRADESH,PRAYAGRAJ,0.0,-,0.06,16.41364069,2018,Jun,26
2018/06/26,UTTAR PRADESH,BAREILLY,0.03,-,0.2,14.41186071,2018,Jun,26
2018/06/26,UTTAR PRADESH,SHRAWASTI,0.01,-,0.11,20.13457796,2018,Jun,26
2018/06/26,UTTAR PRADESH,SULTANPUR,0.0,-,0.0,19.13519557,2018,Jun,26
2018/06/26,UTTAR PRADESH,GONDA,0.0,-,0.0,17.63969917,2018,Jun,26
2018/06/26,UTTAR PRADESH,GAUTAM BUDDHA NAGAR,0.0,-,0.02,12.7334581,2018,Jun,26
2018/06/26,UTTAR PRADESH,KANSIRAM NAGAR,0.0,-,0.0,10.69126141,2018,Jun,26
2018/06/26,UTTAR PRADESH,MAHARAJGANJ,0.04,-,0.35,26.49491599,2018,Jun,26
2018/06/26,UTTAR PRADESH,MAINPURI,0.0,-,0.0,14.19780919,2018,Jun,26
2018/06/26,UTTAR PRADESH,VARANASI,0.0,-,0.04,21.22390842,2018,Jun,26
2018/06/26,UTTAR PRADESH,AURAIYA,0.1,-,0.64,20.81374842,2018,Jun,26
2018/06/25,UTTAR PRADESH,FARRUKHABAD,0.0,-,0.0,12.53634618,2018,Jun,25
2018/06/25,UTTAR PRADESH,LUCKNOW,0.04,-,0.25,16.85619234,2018,Jun,25
2018/06/25,UTTAR PRADESH,KHERI,0.1,-,0.73,12.03709502,2018,Jun,25
2018/06/25,UTTAR PRADESH,CHANDAULI,0.0,-,0.0,21.20704099,2018,Jun,25
2018/06/25,UTTAR PRADESH,AMBEDKAR NAGAR,0.0,-,0.0,13.53070177,2018,Jun,25
2018/06/25,UTTAR PRADESH,BUDAUN,0.0,-,0.0,5.466551232,2018,Jun,25
2018/06/25,UTTAR PRADESH,BALRAMPUR,0.01,-,0.06,16.30278029,2018,Jun,25
2018/06/25,UTTAR PRADESH,BASTI,0.0,-,0.0,17.19618552,2018,Jun,25
2018/06/25,UTTAR PRADESH,RAMPUR,0.0,-,0.0,9.215011868,2018,Jun,25
2018/06/25,UTTAR PRADESH,MIRZAPUR,0.06,-,0.46,20.66976108,2018,Jun,25
2018/06/25,UTTAR PRADESH,JYOTIBA PHULE NAGAR,0.0,-,0.0,6.633843301,2018,Jun,25
2018/06/25,UTTAR PRADESH,LALITPUR,0.07,-,0.38,17.20280289,2018,Jun,25
2018/06/25,UTTAR PRADESH,MAHAMAYA NAGAR,0.0,-,0.0,14.73684689,2018,Jun,25
2018/06/25,UTTAR PRADESH,MATHURA,0.0,-,0.0,14.51105714,2018,Jun,25
2018/06/25,UTTAR PRADESH,MAHOBA,0.0,-,0.0,12.84710537,2018,Jun,25
2018/06/25,UTTAR PRADESH,CHITRAKOOT,0.01,-,0.08,14.08088466,2018,Jun,25
2018/06/25,UTTAR PRADESH,SAHARANPUR,0.0,-,0.0,14.44205054,2018,Jun,25
2018/06/25,UTTAR PRADESH,KANNAUJ,0.0,-,0.0,14.3330752,2018,Jun,25
2018/06/25,UTTAR PRADESH,SANT KABIR NAGAR,0.0,-,0.0,19.09003136,2018,Jun,25
2018/06/25,UTTAR PRADESH,SONBHADRA,0.16,-,1.15,35.27140333,2018,Jun,25
2018/06/25,UTTAR PRADESH,FATEHPUR,0.0,-,0.02,10.04313663,2018,Jun,25
2018/06/25,UTTAR PRADESH,BARA BANKI,0.0,-,0.0,18.57964546,2018,Jun,25
2018/06/25,UTTAR PRADESH,AZAMGARH,0.0,-,0.0,16.19451403,2018,Jun,25
2018/06/25,UTTAR PRADESH,BAGHPAT,0.0,-,0.0,10.44485068,2018,Jun,25
2018/06/25,UTTAR PRADESH,ALIGARH,0.01,-,0.06,11.52251299,2018,Jun,25
2018/06/25,UTTAR PRADESH,HARDOI,0.01,-,0.11,12.5894386,2018,Jun,25
2018/06/25,UTTAR PRADESH,RAE BARELI,0.0,-,0.0,12.60898674,2018,Jun,25
2018/06/25,UTTAR PRADESH,GHAZIPUR,0.0,-,0.04,15.99364333,2018,Jun,25
2018/06/25,UTTAR PRADESH,KAUSHAMBI,0.01,-,0.05,11.22137463,2018,Jun,25
2018/06/25,UTTAR PRADESH,BULANDSHAHR,0.0,-,0.0,10.33726925,2018,Jun,25
2018/06/25,UTTAR PRADESH,DEORIA,0.0,-,0.0,23.70068884,2018,Jun,25
2018/06/25,UTTAR PRADESH,BAHRAICH,0.04,-,0.43,14.69161081,2018,Jun,25
2018/06/25,UTTAR PRADESH,GORAKHPUR,0.15,-,1.15,24.44184973,2018,Jun,25
2018/06/25,UTTAR PRADESH,BIJNOR,0.01,-,0.07,12.2289513,2018,Jun,25
2018/06/25,UTTAR PRADESH,BANDA,0.0,-,0.0,14.06048284,2018,Jun,25
2018/06/25,UTTAR PRADESH,MUZAFFARNAGAR,0.0,-,0.0,9.885247413,2018,Jun,25
2018/06/25,UTTAR PRADESH,SANT RAVI DAS NAGAR(BHADOHI),0.0,-,0.0,13.3928155,2018,Jun,25
2018/06/25,UTTAR PRADESH,HAMIRPUR,0.0,-,0.0,13.90825037,2018,Jun,25
2018/06/25,UTTAR PRADESH,PRATAPGARH,0.0,-,0.0,16.40973223,2018,Jun,25
2018/06/25,UTTAR PRADESH,ETAWAH,0.0,-,0.0,14.00247711,2018,Jun,25
2018/06/25,UTTAR PRADESH,MORADABAD,0.0,-,0.0,7.208712205,2018,Jun,25
2018/06/25,UTTAR PRADESH,AGRA,0.01,-,0.1,14.32214069,2018,Jun,25
2018/06/25,UTTAR PRADESH,JAUNPUR,0.0,-,0.0,16.07486035,2018,Jun,25
2018/06/25,UTTAR PRADESH,KANPUR NAGAR,0.0,-,0.0,12.09229757,2018,Jun,25
2018/06/25,UTTAR PRADESH,JHANSI,0.0,-,0.0,18.95639643,2018,Jun,25
2018/06/25,UTTAR PRADESH,SIDDHARTH NAGAR,0.0,-,0.0,18.73800568,2018,Jun,25
2018/06/25,UTTAR PRADESH,MEERUT,0.1,-,0.62,8.045312447,2018,Jun,25
2018/06/25,UTTAR PRADESH,PILIBHIT,0.17,-,1.23,13.97859009,2018,Jun,25
2018/06/25,UTTAR PRADESH,SHAHJAHANPUR,0.0,-,0.0,7.807465944,2018,Jun,25
2018/06/25,UTTAR PRADESH,KANPUR DEHAT,0.0,-,0.0,12.63171832,2018,Jun,25
2018/06/25,UTTAR PRADESH,FIROZABAD,0.02,-,0.15,13.71916518,2018,Jun,25
2018/06/25,UTTAR PRADESH,AYODHYA,0.0,-,0.0,14.08174392,2018,Jun,25
2018/06/25,UTTAR PRADESH,KUSHINAGAR,0.04,-,0.4,30.97647033,2018,Jun,25
2018/06/25,UTTAR PRADESH,JALAUN,0.0,-,0.0,19.04188689,2018,Jun,25
2018/06/25,UTTAR PRADESH,GHAZIABAD,0.01,-,0.08,9.37727687,2018,Jun,25
2018/06/25,UTTAR PRADESH,ETAH,0.0,-,0.0,13.80409586,2018,Jun,25
2018/06/25,UTTAR PRADESH,BALLIA,0.1,-,0.82,19.52488228,2018,Jun,25
2018/06/25,UTTAR PRADESH,UNNAO,0.0,-,0.01,13.39916942,2018,Jun,25
2018/06/25,UTTAR PRADESH,MAU,0.0,-,0.0,16.39769694,2018,Jun,25
2018/06/25,UTTAR PRADESH,SITAPUR,0.01,-,0.12,12.39896127,2018,Jun,25
2018/06/25,UTTAR PRADESH,PRAYAGRAJ,0.0,-,0.04,14.78599329,2018,Jun,25
2018/06/25,UTTAR PRADESH,BAREILLY,0.02,-,0.16,6.295243381,2018,Jun,25
2018/06/25,UTTAR PRADESH,SHRAWASTI,0.01,-,0.11,19.63588257,2018,Jun,25
2018/06/25,UTTAR PRADESH,SULTANPUR,0.0,-,0.0,18.85726515,2018,Jun,25
2018/06/25,UTTAR PRADESH,GONDA,0.0,-,0.0,16.87190426,2018,Jun,25
2018/06/25,UTTAR PRADESH,GAUTAM BUDDHA NAGAR,0.01,-,0.03,12.53319627,2018,Jun,25
2018/06/25,UTTAR PRADESH,KANSIRAM NAGAR,0.0,-,0.0,9.389492867,2018,Jun,25
2018/06/25,UTTAR PRADESH,MAHARAJGANJ,0.04,-,0.4,27.21540769,2018,Jun,25
2018/06/25,UTTAR PRADESH,MAINPURI,0.0,-,0.0,12.4198281,2018,Jun,25
2018/06/25,UTTAR PRADESH,VARANASI,0.0,-,0.0,16.17345896,2018,Jun,25
2018/06/25,UTTAR PRADESH,AURAIYA,0.0,-,0.0,12.68242559,2018,Jun,25
2018/06/24,UTTAR PRADESH,FARRUKHABAD,0.0,-,0.0,12.86534294,2018,Jun,24
2018/06/24,UTTAR PRADESH,LUCKNOW,0.04,-,0.25,17.49086809,2018,Jun,24
2018/06/24,UTTAR PRADESH,KHERI,0.12,-,0.89,12.2168088,2018,Jun,24
2018/06/24,UTTAR PRADESH,CHANDAULI,0.0,-,0.0,20.62908245,2018,Jun,24
2018/06/24,UTTAR PRADESH,AMBEDKAR NAGAR,0.0,-,0.0,12.99023637,2018,Jun,24
2018/06/24,UTTAR PRADESH,BUDAUN,0.0,-,0.0,5.435335087,2018,Jun,24
2018/06/24,UTTAR PRADESH,BALRAMPUR,0.01,-,0.07,16.36931302,2018,Jun,24
2018/06/24,UTTAR PRADESH,BASTI,0.0,-,0.0,17.13811508,2018,Jun,24
2018/06/24,UTTAR PRADESH,RAMPUR,0.0,-,0.0,9.249550087,2018,Jun,24
2018/06/24,UTTAR PRADESH,MIRZAPUR,0.0,-,0.0,19.90865782,2018,Jun,24
2018/06/24,UTTAR PRADESH,JYOTIBA PHULE NAGAR,0.0,-,0.0,6.55888787,2018,Jun,24
2018/06/24,UTTAR PRADESH,LALITPUR,0.07,-,0.46,16.63660124,2018,Jun,24
2018/06/24,UTTAR PRADESH,MAHAMAYA NAGAR,0.0,-,0.0,14.79194191,2018,Jun,24
2018/06/24,UTTAR PRADESH,MATHURA,0.0,-,0.0,14.72104603,2018,Jun,24
2018/06/24,UTTAR PRADESH,MAHOBA,0.0,-,0.0,11.65102651,2018,Jun,24
2018/06/24,UTTAR PRADESH,CHITRAKOOT,0.02,-,0.1,14.00879563,2018,Jun,24
2018/06/24,UTTAR PRADESH,SAHARANPUR,0.0,-,0.0,14.2342121,2018,Jun,24
2018/06/24,UTTAR PRADESH,KANNAUJ,0.0,-,0.0,14.72842749,2018,Jun,24
2018/06/24,UTTAR PRADESH,SANT KABIR NAGAR,0.0,-,0.0,19.44979497,2018,Jun,24
2018/06/24,UTTAR PRADESH,SONBHADRA,0.17,-,1.09,35.19001024,2018,Jun,24
2018/06/24,UTTAR PRADESH,FATEHPUR,0.0,-,0.02,9.821887308,2018,Jun,24
2018/06/24,UTTAR PRADESH,BARA BANKI,0.0,-,0.0,18.85705401,2018,Jun,24
2018/06/24,UTTAR PRADESH,AZAMGARH,0.0,-,0.0,16.07188701,2018,Jun,24
2018/06/24,UTTAR PRADESH,BAGHPAT,0.0,-,0.0,10.46136934,2018,Jun,24
2018/06/24,UTTAR PRADESH,ALIGARH,0.01,-,0.07,11.26332696,2018,Jun,24
2018/06/24,UTTAR PRADESH,HARDOI,0.02,-,0.16,12.84887271,2018,Jun,24
2018/06/24,UTTAR PRADESH,RAE BARELI,0.0,-,0.0,12.33926652,2018,Jun,24
2018/06/24,UTTAR PRADESH,GHAZIPUR,0.0,-,0.0,15.43605697,2018,Jun,24
2018/06/24,UTTAR PRADESH,KAUSHAMBI,0.01,-,0.05,11.11735723,2018,Jun,24
2018/06/24,UTTAR PRADESH,BULANDSHAHR,0.0,-,0.0,9.921432547,2018,Jun,24
2018/06/24,UTTAR PRADESH,DEORIA,0.0,-,0.0,23.13130109,2018,Jun,24
2018/06/24,UTTAR PRADESH,BAHRAICH,0.06,-,0.61,14.71109943,2018,Jun,24
2018/06/24,UTTAR PRADESH,GORAKHPUR,0.15,-,1.15,25.11633376,2018,Jun,24
2018/06/24,UTTAR PRADESH,BIJNOR,0.01,-,0.1,12.54144268,2018,Jun,24
2018/06/24,UTTAR PRADESH,BANDA,0.0,-,0.0,14.0292708,2018,Jun,24
2018/06/24,UTTAR PRADESH,MUZAFFARNAGAR,0.0,-,0.0,9.455130494,2018,Jun,24
2018/06/24,UTTAR PRADESH,SANT RAVI DAS NAGAR(BHADOHI),0.0,-,0.0,13.54473147,2018,Jun,24
2018/06/24,UTTAR PRADESH,HAMIRPUR,0.0,-,0.0,13.85143241,2018,Jun,24
2018/06/24,UTTAR PRADESH,PRATAPGARH,0.0,-,0.0,16.24586663,2018,Jun,24
2018/06/24,UTTAR PRADESH,ETAWAH,0.0,-,0.0,14.46337304,2018,Jun,24
2018/06/24,UTTAR PRADESH,MORADABAD,0.0,-,0.0,7.214281239,2018,Jun,24
2018/06/24,UTTAR PRADESH,AGRA,0.01,-,0.1,14.49991575,2018,Jun,24
2018/06/24,UTTAR PRADESH,JAUNPUR,0.0,-,0.0,16.08426062,2018,Jun,24
2018/06/24,UTTAR PRADESH,KANPUR NAGAR,0.0,-,0.0,12.38937361,2018,Jun,24
2018/06/24,UTTAR PRADESH,JHANSI,0.0,-,0.0,18.31802394,2018,Jun,24
2018/06/24,UTTAR PRADESH,SIDDHARTH NAGAR,0.0,-,0.0,19.17832342,2018,Jun,24
2018/06/24,UTTAR PRADESH,MEERUT,0.1,-,0.63,8.053408832,2018,Jun,24
2018/06/24,UTTAR PRADESH,PILIBHIT,0.2,-,1.46,14.354799,2018,Jun,24
2018/06/24,UTTAR PRADESH,SHAHJAHANPUR,0.0,-,0.0,7.87532158,2018,Jun,24
2018/06/24,UTTAR PRADESH,KANPUR DEHAT,0.0,-,0.0,13.09706033,2018,Jun,24
2018/06/24,UTTAR PRADESH,FIROZABAD,0.02,-,0.15,13.87609915,2018,Jun,24
2018/06/24,UTTAR PRADESH,AYODHYA,0.0,-,0.0,13.49417518,2018,Jun,24
2018/06/24,UTTAR PRADESH,KUSHINAGAR,0.05,-,0.45,31.09803524,2018,Jun,24
2018/06/24,UTTAR PRADESH,JALAUN,0.0,-,0.0,19.25857337,2018,Jun,24
2018/06/24,UTTAR PRADESH,GHAZIABAD,0.01,-,0.08,9.458299864,2018,Jun,24
2018/06/24,UTTAR PRADESH,ETAH,0.0,-,0.0,13.91771675,2018,Jun,24
2018/06/24,UTTAR PRADESH,BALLIA,0.0,-,0.0,18.0275947,2018,Jun,24
2018/06/24,UTTAR PRADESH,UNNAO,0.01,-,0.05,13.71711926,2018,Jun,24
2018/06/24,UTTAR PRADESH,MAU,0.0,-,0.0,16.58805526,2018,Jun,24
2018/06/24,UTTAR PRADESH,SITAPUR,0.02,-,0.15,12.27608738,2018,Jun,24
2018/06/24,UTTAR PRADESH,PRAYAGRAJ,0.0,-,0.04,14.77497841,2018,Jun,24
2018/06/24,UTTAR PRADESH,BAREILLY,0.02,-,0.17,6.335989117,2018,Jun,24
2018/06/24,UTTAR PRADESH,SHRAWASTI,0.01,-,0.15,19.60618102,2018,Jun,24
2018/06/24,UTTAR PRADESH,SULTANPUR,0.0,-,0.0,18.3846493,2018,Jun,24
2018/06/24,UTTAR PRADESH,GONDA,0.0,-,0.0,16.53513161,2018,Jun,24
2018/06/24,UTTAR PRADESH,GAUTAM BUDDHA NAGAR,0.01,-,0.04,11.99433535,2018,Jun,24
2018/06/24,UTTAR PRADESH,KANSIRAM NAGAR,0.0,-,0.0,9.372165667,2018,Jun,24
2018/06/24,UTTAR PRADESH,MAHARAJGANJ,0.05,-,0.48,28.07899645,2018,Jun,24
2018/06/24,UTTAR PRADESH,MAINPURI,0.0,-,0.0,12.66000961,2018,Jun,24
2018/06/24,UTTAR PRADESH,VARANASI,0.0,-,0.0,16.15852695,2018,Jun,24
2018/06/24,UTTAR PRADESH,AURAIYA,0.0,-,0.0,13.10391395,2018,Jun,24
2018/06/23,UTTAR PRADESH,FARRUKHABAD,0.0,-,0.0,13.24602747,2018,Jun,23
2018/06/23,UTTAR PRADESH,LUCKNOW,0.04,-,0.26,17.88382599,2018,Jun,23
2018/06/23,UTTAR PRADESH,KHERI,0.14,-,1.06,12.58125816,2018,Jun,23
2018/06/23,UTTAR PRADESH,CHANDAULI,0.0,-,0.0,16.85288185,2018,Jun,23
2018/06/23,UTTAR PRADESH,AMBEDKAR NAGAR,0.0,-,0.0,12.7742114,2018,Jun,23
2018/06/23,UTTAR PRADESH,BUDAUN,0.0,-,0.0,5.47318932,2018,Jun,23
2018/06/23,UTTAR PRADESH,BALRAMPUR,0.01,-,0.08,16.73657651,2018,Jun,23
2018/06/23,UTTAR PRADESH,BASTI,0.0,-,0.0,17.61997291,2018,Jun,23
2018/06/23,UTTAR PRADESH,RAMPUR,0.0,-,0.0,9.31468864,2018,Jun,23
2018/06/23,UTTAR PRADESH,MIRZAPUR,0.0,-,0.0,14.98024281,2018,Jun,23
2018/06/23,UTTAR PRADESH,JYOTIBA PHULE NAGAR,0.0,-,0.0,6.637040748,2018,Jun,23
2018/06/23,UTTAR PRADESH,LALITPUR,0.03,-,0.17,13.65654657,2018,Jun,23
2018/06/23,UTTAR PRADESH,MAHAMAYA NAGAR,0.0,-,0.0,14.96246499,2018,Jun,23
2018/06/23,UTTAR PRADESH,MATHURA,0.0,-,0.0,14.97771879,2018,Jun,23
2018/06/23,UTTAR PRADESH,MAHOBA,0.0,-,0.0,11.64318067,2018,Jun,23
2018/06/23,UTTAR PRADESH,CHITRAKOOT,0.0,-,0.02,11.01140145,2018,Jun,23
2018/06/23,UTTAR PRADESH,SAHARANPUR,0.0,-,0.0,14.82203895,2018,Jun,23
2018/06/23,UTTAR PRADESH,KANNAUJ,0.0,-,0.0,15.13492892,2018,Jun,23
2018/06/23,UTTAR PRADESH,SANT KABIR NAGAR,0.0,-,0.0,19.97259803,2018,Jun,23
2018/06/23,UTTAR PRADESH,SONBHADRA,0.04,-,0.2,29.16344758,2018,Jun,23
2018/06/23,UTTAR PRADESH,FATEHPUR,0.0,-,0.03,9.60317767,2018,Jun,23
2018/06/23,UTTAR PRADESH,BARA BANKI,0.0,-,0.0,19.85170236,2018,Jun,23
2018/06/23,UTTAR PRADESH,AZAMGARH,0.0,-,0.0,15.03122346,2018,Jun,23
2018/06/23,UTTAR PRADESH,BAGHPAT,0.0,-,0.0,10.5604231,2018,Jun,23
2018/06/23,UTTAR PRADESH,ALIGARH,0.01,-,0.07,11.3290763,2018,Jun,23
2018/06/23,UTTAR PRADESH,HARDOI,0.02,-,0.21,13.19234546,2018,Jun,23
2018/06/23,UTTAR PRADESH,RAE BARELI,0.0,-,0.0,12.20026962,2018,Jun,23
2018/06/23,UTTAR PRADESH,GHAZIPUR,0.0,-,0.0,13.59120106,2018,Jun,23
2018/06/23,UTTAR PRADESH,KAUSHAMBI,0.01,-,0.05,7.876644401,2018,Jun,23
2018/06/23,UTTAR PRADESH,BULANDSHAHR,0.0,-,0.0,9.969082826,2018,Jun,23
2018/06/23,UTTAR PRADESH,DEORIA,0.0,-,0.0,21.1188979,2018,Jun,23
2018/06/23,UTTAR PRADESH,BAHRAICH,0.08,-,0.82,15.41017085,2018,Jun,23
2018/06/23,UTTAR PRADESH,GORAKHPUR,0.3,-,2.43,26.0235439,2018,Jun,23
2018/06/23,UTTAR PRADESH,BIJNOR,0.02,-,0.16,12.94634911,2018,Jun,23
2018/06/23,UTTAR PRADESH,BANDA,0.0,-,0.0,13.74318959,2018,Jun,23
2018/06/23,UTTAR PRADESH,MUZAFFARNAGAR,0.0,-,0.0,9.557246438,2018,Jun,23
2018/06/23,UTTAR PRADESH,SANT RAVI DAS NAGAR(BHADOHI),0.0,-,0.0,8.98297848,2018,Jun,23
2018/06/23,UTTAR PRADESH,HAMIRPUR,0.0,-,0.0,13.84373296,2018,Jun,23
2018/06/23,UTTAR PRADESH,PRATAPGARH,0.0,-,0.0,14.99157219,2018,Jun,23
2018/06/23,UTTAR PRADESH,ETAWAH,0.0,-,0.0,14.45269334,2018,Jun,23
2018/06/23,UTTAR PRADESH,MORADABAD,0.0,-,0.0,7.270901069,2018,Jun,23
2018/06/23,UTTAR PRADESH,AGRA,0.01,-,0.1,14.70974608,2018,Jun,23
2018/06/23,UTTAR PRADESH,JAUNPUR,0.0,-,0.0,15.47262223,2018,Jun,23
2018/06/23,UTTAR PRADESH,KANPUR NAGAR,0.0,-,0.01,12.36623513,2018,Jun,23
2018/06/23,UTTAR PRADESH,JHANSI,0.0,-,0.0,18.38768582,2018,Jun,23
2018/06/23,UTTAR PRADESH,SIDDHARTH NAGAR,0.0,-,0.0,20.09262716,2018,Jun,23
2018/06/23,UTTAR PRADESH,MEERUT,0.1,-,0.65,8.103418358,2018,Jun,23
2018/06/23,UTTAR PRADESH,PILIBHIT,0.24,-,1.73,14.83060377,2018,Jun,23
2018/06/23,UTTAR PRADESH,SHAHJAHANPUR,0.0,-,0.0,7.966573071,2018,Jun,23
2018/06/23,UTTAR PRADESH,KANPUR DEHAT,0.0,-,0.0,12.49429236,2018,Jun,23
2018/06/23,UTTAR PRADESH,FIROZABAD,0.02,-,0.15,14.2085754,2018,Jun,23
2018/06/23,UTTAR PRADESH,AYODHYA,0.0,-,0.0,13.69280401,2018,Jun,23
2018/06/23,UTTAR PRADESH,KUSHINAGAR,0.15,-,1.26,32.56324172,2018,Jun,23
2018/06/23,UTTAR PRADESH,JALAUN,0.0,-,0.0,18.75562421,2018,Jun,23
2018/06/23,UTTAR PRADESH,GHAZIABAD,0.01,-,0.09,9.608086329,2018,Jun,23
2018/06/23,UTTAR PRADESH,ETAH,0.0,-,0.0,14.14958522,2018,Jun,23
2018/06/23,UTTAR PRADESH,BALLIA,0.0,-,0.0,10.69631837,2018,Jun,23
2018/06/23,UTTAR PRADESH,UNNAO,0.01,-,0.07,12.52052156,2018,Jun,23
2018/06/23,UTTAR PRADESH,MAU,0.0,-,0.0,12.55527975,2018,Jun,23
2018/06/23,UTTAR PRADESH,SITAPUR,0.02,-,0.17,12.59236154,2018,Jun,23
2018/06/23,UTTAR PRADESH,PRAYAGRAJ,0.0,-,0.04,10.48842305,2018,Jun,23
2018/06/23,UTTAR PRADESH,BAREILLY,0.03,-,0.18,6.385581713,2018,Jun,23
2018/06/23,UTTAR PRADESH,SHRAWASTI,0.03,-,0.27,20.46476792,2018,Jun,23
2018/06/23,UTTAR PRADESH,SULTANPUR,0.0,-,0.0,18.41034895,2018,Jun,23
2018/06/23,UTTAR PRADESH,GONDA,0.0,-,0.0,17.16357211,2018,Jun,23
2018/06/23,UTTAR PRADESH,GAUTAM BUDDHA NAGAR,0.01,-,0.06,12.18462273,2018,Jun,23
2018/06/23,UTTAR PRADESH,KANSIRAM NAGAR,0.0,-,0.0,9.45535118,2018,Jun,23
2018/06/23,UTTAR PRADESH,MAHARAJGANJ,0.18,-,1.45,29.70645209,2018,Jun,23
2018/06/23,UTTAR PRADESH,MAINPURI,0.0,-,0.0,12.94879537,2018,Jun,23
2018/06/23,UTTAR PRADESH,VARANASI,0.0,-,0.0,12.58520668,2018,Jun,23
2018/06/23,UTTAR PRADESH,AURAIYA,0.0,-,0.0,12.96924253,2018,Jun,23
2018/06/22,UTTAR PRADESH,FARRUKHABAD,0.0,-,0.01,13.19827299,2018,Jun,22
2018/06/22,UTTAR PRADESH,LUCKNOW,0.04,-,0.26,18.51039859,2018,Jun,22
2018/06/22,UTTAR PRADESH,KHERI,0.16,-,1.22,12.36279252,2018,Jun,22
2018/06/22,UTTAR PRADESH,CHANDAULI,0.0,-,0.0,16.27725631,2018,Jun,22
2018/06/22,UTTAR PRADESH,AMBEDKAR NAGAR,0.0,-,0.0,11.82284542,2018,Jun,22
2018/06/22,UTTAR PRADESH,BUDAUN,0.0,-,0.0,5.405289502,2018,Jun,22
2018/06/22,UTTAR PRADESH,BALRAMPUR,0.01,-,0.08,15.67537414,2018,Jun,22
2018/06/22,UTTAR PRADESH,BASTI,0.0,-,0.0,15.389968,2018,Jun,22
2018/06/22,UTTAR PRADESH,RAMPUR,0.0,-,0.0,9.321755145,2018,Jun,22
2018/06/22,UTTAR PRADESH,MIRZAPUR,0.0,-,0.0,14.82765098,2018,Jun,22
2018/06/22,UTTAR PRADESH,JYOTIBA PHULE NAGAR,0.0,-,0.0,6.330802143,2018,Jun,22
2018/06/22,UTTAR PRADESH,LALITPUR,0.03,-,0.17,13.36561437,2018,Jun,22
2018/06/22,UTTAR PRADESH,MAHAMAYA NAGAR,0.0,-,0.0,14.98499301,2018,Jun,22
2018/06/22,UTTAR PRADESH,MATHURA,0.0,-,0.0,15.1266311,2018,Jun,22
2018/06/22,UTTAR PRADESH,MAHOBA,0.0,-,0.0,9.224660931,2018,Jun,22
2018/06/22,UTTAR PRADESH,CHITRAKOOT,0.0,-,0.03,10.5527642,2018,Jun,22
2018/06/22,UTTAR PRADESH,SAHARANPUR,0.04,-,0.24,12.63577755,2018,Jun,22
2018/06/22,UTTAR PRADESH,KANNAUJ,0.0,-,0.0,14.75125573,2018,Jun,22
2018/06/22,UTTAR PRADESH,SANT KABIR NAGAR,0.0,-,0.0,16.66148188,2018,Jun,22
2018/06/22,UTTAR PRADESH,SONBHADRA,0.04,-,0.21,27.95998511,2018,Jun,22
2018/06/22,UTTAR PRADESH,FATEHPUR,0.0,-,0.04,8.539088748,2018,Jun,22
2018/06/22,UTTAR PRADESH,BARA BANKI,0.0,-,0.0,20.2659784,2018,Jun,22
2018/06/22,UTTAR PRADESH,AZAMGARH,0.0,-,0.0,12.200698,2018,Jun,22
2018/06/22,UTTAR PRADESH,BAGHPAT,0.0,-,0.0,10.17203307,2018,Jun,22
2018/06/22,UTTAR PRADESH,ALIGARH,0.01,-,0.08,11.3415938,2018,Jun,22
2018/06/22,UTTAR PRADESH,HARDOI,0.02,-,0.24,13.12568977,2018,Jun,22
2018/06/22,UTTAR PRADESH,RAE BARELI,0.0,-,0.0,11.58644789,2018,Jun,22
2018/06/22,UTTAR PRADESH,GHAZIPUR,0.0,-,0.0,11.18389701,2018,Jun,22
2018/06/22,UTTAR PRADESH,KAUSHAMBI,0.01,-,0.05,7.586209674,2018,Jun,22
2018/06/22,UTTAR PRADESH,BULANDSHAHR,0.0,-,0.0,9.899606215,2018,Jun,22
2018/06/22,UTTAR PRADESH,DEORIA,0.0,-,0.0,17.33067259,2018,Jun,22
2018/06/22,UTTAR PRADESH,BAHRAICH,0.1,-,1.03,15.54904065,2018,Jun,22
2018/06/22,UTTAR PRADESH,GORAKHPUR,0.11,-,0.81,21.85952774,2018,Jun,22
2018/06/22,UTTAR PRADESH,BIJNOR,0.02,-,0.18,12.45439522,2018,Jun,22
2018/06/22,UTTAR PRADESH,BANDA,0.0,-,0.0,12.97425325,2018,Jun,22
2018/06/22,UTTAR PRADESH,MUZAFFARNAGAR,0.0,-,0.0,8.454357582,2018,Jun,22
2018/06/22,UTTAR PRADESH,SANT RAVI DAS NAGAR(BHADOHI),0.0,-,0.0,8.547988119,2018,Jun,22
2018/06/22,UTTAR PRADESH,HAMIRPUR,0.0,-,0.0,10.9823283,2018,Jun,22
2018/06/22,UTTAR PRADESH,PRATAPGARH,0.0,-,0.0,14.03468907,2018,Jun,22
2018/06/22,UTTAR PRADESH,ETAWAH,0.0,-,0.0,14.11491892,2018,Jun,22
2018/06/22,UTTAR PRADESH,MORADABAD,0.0,-,0.0,7.116126285,2018,Jun,22
2018/06/22,UTTAR PRADESH,AGRA,0.01,-,0.1,14.78996752,2018,Jun,22
2018/06/22,UTTAR PRADESH,JAUNPUR,0.0,-,0.0,12.11297651,2018,Jun,22
2018/06/22,UTTAR PRADESH,KANPUR NAGAR,0.0,-,0.01,12.14373675,2018,Jun,22
2018/06/22,UTTAR PRADESH,JHANSI,0.0,-,0.0,12.30114264,2018,Jun,22
2018/06/22,UTTAR PRADESH,SIDDHARTH NAGAR,0.0,-,0.0,16.07399763,2018,Jun,22
2018/06/22,UTTAR PRADESH,MEERUT,0.11,-,0.66,7.721295836,2018,Jun,22
2018/06/22,UTTAR PRADESH,PILIBHIT,0.28,-,1.95,14.58042625,2018,Jun,22
2018/06/22,UTTAR PRADESH,SHAHJAHANPUR,0.0,-,0.0,7.826706789,2018,Jun,22
2018/06/22,UTTAR PRADESH,KANPUR DEHAT,0.0,-,0.0,12.12971353,2018,Jun,22
2018/06/22,UTTAR PRADESH,FIROZABAD,0.02,-,0.15,14.13662131,2018,Jun,22
2018/06/22,UTTAR PRADESH,AYODHYA,0.0,-,0.0,12.37323049,2018,Jun,22
2018/06/22,UTTAR PRADESH,KUSHINAGAR,0.05,-,0.43,23.77186143,2018,Jun,22
2018/06/22,UTTAR PRADESH,JALAUN,0.0,-,0.0,15.11066154,2018,Jun,22
2018/06/22,UTTAR PRADESH,GHAZIABAD,0.02,-,0.1,9.535638647,2018,Jun,22
2018/06/22,UTTAR PRADESH,ETAH,0.0,-,0.0,14.09614644,2018,Jun,22
2018/06/22,UTTAR PRADESH,BALLIA,0.0,-,0.0,9.686213318,2018,Jun,22
2018/06/22,UTTAR PRADESH,UNNAO,0.01,-,0.11,12.58673667,2018,Jun,22
2018/06/22,UTTAR PRADESH,MAU,0.0,-,0.0,10.66164686,2018,Jun,22
2018/06/22,UTTAR PRADESH,SITAPUR,0.02,-,0.19,12.34342955,2018,Jun,22
2018/06/22,UTTAR PRADESH,PRAYAGRAJ,0.0,-,0.04,9.852274206,2018,Jun,22
2018/06/22,UTTAR PRADESH,BAREILLY,0.03,-,0.19,6.339168636,2018,Jun,22
2018/06/22,UTTAR PRADESH,SHRAWASTI,0.04,-,0.4,20.61171317,2018,Jun,22
2018/06/22,UTTAR PRADESH,SULTANPUR,0.0,-,0.0,17.29258903,2018,Jun,22
2018/06/22,UTTAR PRADESH,GONDA,0.0,-,0.0,16.14110053,2018,Jun,22
2018/06/22,UTTAR PRADESH,GAUTAM BUDDHA NAGAR,0.01,-,0.07,12.2874513,2018,Jun,22
2018/06/22,UTTAR PRADESH,KANSIRAM NAGAR,0.0,-,0.0,9.336840549,2018,Jun,22
2018/06/22,UTTAR PRADESH,MAHARAJGANJ,0.04,-,0.36,24.3414875,2018,Jun,22
2018/06/22,UTTAR PRADESH,MAINPURI,0.0,-,0.0,12.58062726,2018,Jun,22
2018/06/22,UTTAR PRADESH,VARANASI,0.0,-,0.0,11.99194889,2018,Jun,22
2018/06/22,UTTAR PRADESH,AURAIYA,0.0,-,0.0,12.26703478,2018,Jun,22
2018/06/21,UTTAR PRADESH,FARRUKHABAD,0.01,-,0.05,13.56368921,2018,Jun,21
2018/06/21,UTTAR PRADESH,LUCKNOW,0.05,-,0.28,19.32885393,2018,Jun,21
2018/06/21,UTTAR PRADESH,KHERI,0.19,-,1.42,12.68167009,2018,Jun,21
2018/06/21,UTTAR PRADESH,CHANDAULI,0.0,-,0.0,15.72001284,2018,Jun,21
2018/06/21,UTTAR PRADESH,AMBEDKAR NAGAR,0.0,-,0.0,11.49946951,2018,Jun,21
2018/06/21,UTTAR PRADESH,BUDAUN,0.0,-,0.0,5.44154276,2018,Jun,21
2018/06/21,UTTAR PRADESH,BALRAMPUR,0.0,-,0.04,15.22314486,2018,Jun,21
2018/06/21,UTTAR PRADESH,BASTI,0.0,-,0.0,13.65673401,2018,Jun,21
2018/06/21,UTTAR PRADESH,RAMPUR,0.0,-,0.0,9.369879754,2018,Jun,21
2018/06/21,UTTAR PRADESH,MIRZAPUR,0.0,-,0.0,13.51757725,2018,Jun,21
2018/06/21,UTTAR PRADESH,JYOTIBA PHULE NAGAR,0.0,-,0.0,6.351708894,2018,Jun,21
2018/06/21,UTTAR PRADESH,LALITPUR,0.0,-,0.01,11.84027623,2018,Jun,21
2018/06/21,UTTAR PRADESH,MAHAMAYA NAGAR,0.0,-,0.0,15.17998071,2018,Jun,21
2018/06/21,UTTAR PRADESH,MATHURA,0.0,-,0.0,15.44890481,2018,Jun,21
2018/06/21,UTTAR PRADESH,MAHOBA,0.0,-,0.0,9.215103153,2018,Jun,21
2018/06/21,UTTAR PRADESH,CHITRAKOOT,0.0,-,0.03,10.0089682,2018,Jun,21
2018/06/21,UTTAR PRADESH,SAHARANPUR,0.0,-,0.0,12.41035907,2018,Jun,21
2018/06/21,UTTAR PRADESH,KANNAUJ,0.0,-,0.0,15.18162222,2018,Jun,21
2018/06/21,UTTAR PRADESH,SANT KABIR NAGAR,0.0,-,0.0,15.02803105,2018,Jun,21
2018/06/21,UTTAR PRADESH,SONBHADRA,0.04,-,0.21,25.8628694,2018,Jun,21
2018/06/21,UTTAR PRADESH,FATEHPUR,0.0,-,0.04,8.632793023,2018,Jun,21
2018/06/21,UTTAR PRADESH,BARA BANKI,0.0,-,0.0,21.34269882,2018,Jun,21
2018/06/21,UTTAR PRADESH,AZAMGARH,0.0,-,0.0,12.07220285,2018,Jun,21
2018/06/21,UTTAR PRADESH,BAGHPAT,0.0,-,0.0,10.20208689,2018,Jun,21
2018/06/21,UTTAR PRADESH,ALIGARH,0.01,-,0.08,11.42269604,2018,Jun,21
2018/06/21,UTTAR PRADESH,HARDOI,0.04,-,0.36,13.43272338,2018,Jun,21
2018/06/21,UTTAR PRADESH,RAE BARELI,0.0,-,0.0,11.69679721,2018,Jun,21
2018/06/21,UTTAR PRADESH,GHAZIPUR,0.0,-,0.0,11.28422296,2018,Jun,21
2018/06/21,UTTAR PRADESH,KAUSHAMBI,0.01,-,0.05,7.289928792,2018,Jun,21
2018/06/21,UTTAR PRADESH,BULANDSHAHR,0.0,-,0.0,9.965721422,2018,Jun,21
2018/06/21,UTTAR PRADESH,DEORIA,0.0,-,0.0,16.34974428,2018,Jun,21
2018/06/21,UTTAR PRADESH,BAHRAICH,0.14,-,1.36,16.37864373,2018,Jun,21
2018/06/21,UTTAR PRADESH,GORAKHPUR,0.11,-,0.81,17.04102451,2018,Jun,21
2018/06/21,UTTAR PRADESH,BIJNOR,0.03,-,0.25,12.63669467,2018,Jun,21
2018/06/21,UTTAR PRADESH,BANDA,0.0,-,0.0,12.69260484,2018,Jun,21
2018/06/21,UTTAR PRADESH,MUZAFFARNAGAR,0.0,-,0.0,8.478576766,2018,Jun,21
2018/06/21,UTTAR PRADESH,SANT RAVI DAS NAGAR(BHADOHI),0.0,-,0.0,7.951242733,2018,Jun,21
2018/06/21,UTTAR PRADESH,HAMIRPUR,0.0,-,0.0,11.08770613,2018,Jun,21
2018/06/21,UTTAR PRADESH,PRATAPGARH,0.0,-,0.0,14.25142521,2018,Jun,21
2018/06/21,UTTAR PRADESH,ETAWAH,0.0,-,0.0,14.62449479,2018,Jun,21
2018/06/21,UTTAR PRADESH,MORADABAD,0.0,-,0.0,7.137033992,2018,Jun,21
2018/06/21,UTTAR PRADESH,AGRA,0.01,-,0.1,15.18193447,2018,Jun,21
2018/06/21,UTTAR PRADESH,JAUNPUR,0.0,-,0.0,12.22018786,2018,Jun,21
2018/06/21,UTTAR PRADESH,KANPUR NAGAR,0.0,-,0.0,10.23052476,2018,Jun,21
2018/06/21,UTTAR PRADESH,JHANSI,0.0,-,0.0,12.4299487,2018,Jun,21
2018/06/21,UTTAR PRADESH,SIDDHARTH NAGAR,0.0,-,0.0,14.74907059,2018,Jun,21
2018/06/21,UTTAR PRADESH,MEERUT,0.11,-,0.68,7.75422497,2018,Jun,21
2018/06/21,UTTAR PRADESH,PILIBHIT,0.32,-,2.25,15.09339335,2018,Jun,21
2018/06/21,UTTAR PRADESH,SHAHJAHANPUR,0.0,-,0.0,7.843818497,2018,Jun,21
2018/06/21,UTTAR PRADESH,KANPUR DEHAT,0.0,-,0.0,11.25033529,2018,Jun,21
2018/06/21,UTTAR PRADESH,FIROZABAD,0.02,-,0.16,14.47584486,2018,Jun,21
2018/06/21,UTTAR PRADESH,AYODHYA,0.0,-,0.0,12.4645094,2018,Jun,21
2018/06/21,UTTAR PRADESH,KUSHINAGAR,0.07,-,0.65,21.73789658,2018,Jun,21
2018/06/21,UTTAR PRADESH,JALAUN,0.0,-,0.0,15.12455565,2018,Jun,21
2018/06/21,UTTAR PRADESH,GHAZIABAD,0.02,-,0.1,9.671969461,2018,Jun,21
2018/06/21,UTTAR PRADESH,ETAH,0.0,-,0.0,14.34269399,2018,Jun,21
2018/06/21,UTTAR PRADESH,BALLIA,0.0,-,0.0,9.734372259,2018,Jun,21
2018/06/21,UTTAR PRADESH,UNNAO,0.0,-,0.0,11.43099769,2018,Jun,21
2018/06/21,UTTAR PRADESH,MAU,0.0,-,0.0,10.71622783,2018,Jun,21
2018/06/21,UTTAR PRADESH,SITAPUR,0.02,-,0.21,12.60921006,2018,Jun,21
2018/06/21,UTTAR PRADESH,PRAYAGRAJ,0.0,-,0.04,9.476325385,2018,Jun,21
2018/06/21,UTTAR PRADESH,BAREILLY,0.03,-,0.19,6.394692917,2018,Jun,21
2018/06/21,UTTAR PRADESH,SHRAWASTI,0.07,-,0.79,21.42808832,2018,Jun,21
2018/06/21,UTTAR PRADESH,SULTANPUR,0.0,-,0.0,17.59953362,2018,Jun,21
2018/06/21,UTTAR PRADESH,GONDA,0.0,-,0.0,16.6013924,2018,Jun,21
2018/06/21,UTTAR PRADESH,GAUTAM BUDDHA NAGAR,0.01,-,0.09,12.51543665,2018,Jun,21
2018/06/21,UTTAR PRADESH,KANSIRAM NAGAR,0.0,-,0.0,9.423043575,2018,Jun,21
2018/06/21,UTTAR PRADESH,MAHARAJGANJ,0.05,-,0.45,20.86934955,2018,Jun,21
2018/06/21,UTTAR PRADESH,MAINPURI,0.0,-,0.0,12.83649483,2018,Jun,21
2018/06/21,UTTAR PRADESH,VARANASI,0.0,-,0.0,11.25102771,2018,Jun,21
2018/06/21,UTTAR PRADESH,AURAIYA,0.0,-,0.0,12.59926125,2018,Jun,21
2018/06/20,UTTAR PRADESH,FARRUKHABAD,0.01,-,0.15,13.90774816,2018,Jun,20
2018/06/20,UTTAR PRADESH,LUCKNOW,0.05,-,0.33,20.56701816,2018,Jun,20
2018/06/20,UTTAR PRADESH,KHERI,0.21,-,1.63,13.05573692,2018,Jun,20
2018/06/20,UTTAR PRADESH,CHANDAULI,0.0,-,0.0,16.0051978,2018,Jun,20
2018/06/20,UTTAR PRADESH,AMBEDKAR NAGAR,0.0,-,0.0,11.5247698,2018,Jun,20
2018/06/20,UTTAR PRADESH,BUDAUN,0.0,-,0.0,5.491884238,2018,Jun,20
2018/06/20,UTTAR PRADESH,BALRAMPUR,0.01,-,0.06,15.6282326,2018,Jun,20
2018/06/20,UTTAR PRADESH,BASTI,0.0,-,0.0,14.0106778,2018,Jun,20
2018/06/20,UTTAR PRADESH,RAMPUR,0.0,-,0.0,9.455180941,2018,Jun,20
2018/06/20,UTTAR PRADESH,MIRZAPUR,0.0,-,0.0,13.75923458,2018,Jun,20
2018/06/20,UTTAR PRADESH,JYOTIBA PHULE NAGAR,0.0,-,0.0,6.377841098,2018,Jun,20
2018/06/20,UTTAR PRADESH,LALITPUR,0.0,-,0.02,11.96874769,2018,Jun,20
2018/06/20,UTTAR PRADESH,MAHAMAYA NAGAR,0.0,-,0.0,15.24125249,2018,Jun,20
2018/06/20,UTTAR PRADESH,MATHURA,0.0,-,0.0,15.7320679,2018,Jun,20
2018/06/20,UTTAR PRADESH,MAHOBA,0.0,-,0.0,9.276450742,2018,Jun,20
2018/06/20,UTTAR PRADESH,CHITRAKOOT,0.01,-,0.04,10.11801168,2018,Jun,20
2018/06/20,UTTAR PRADESH,SAHARANPUR,0.0,-,0.0,12.56142957,2018,Jun,20
2018/06/20,UTTAR PRADESH,KANNAUJ,0.0,-,0.0,14.93782757,2018,Jun,20
2018/06/20,UTTAR PRADESH,SANT KABIR NAGAR,0.0,-,0.0,15.6823648,2018,Jun,20
2018/06/20,UTTAR PRADESH,SONBHADRA,0.04,-,0.23,26.40487401,2018,Jun,20
2018/06/20,UTTAR PRADESH,FATEHPUR,0.01,-,0.06,8.770054129,2018,Jun,20
2018/06/20,UTTAR PRADESH,BARA BANKI,0.0,-,0.0,22.66240548,2018,Jun,20
2018/06/20,UTTAR PRADESH,AZAMGARH,0.0,-,0.0,12.17552387,2018,Jun,20
2018/06/20,UTTAR PRADESH,BAGHPAT,0.0,-,0.0,10.24426175,2018,Jun,20
2018/06/20,UTTAR PRADESH,ALIGARH,0.02,-,0.09,11.42183492,2018,Jun,20
2018/06/20,UTTAR PRADESH,HARDOI,0.06,-,0.52,13.88082855,2018,Jun,20
2018/06/20,UTTAR PRADESH,RAE BARELI,0.0,-,0.0,11.99086387,2018,Jun,20
2018/06/20,UTTAR PRADESH,GHAZIPUR,0.0,-,0.0,11.41955657,2018,Jun,20
2018/06/20,UTTAR PRADESH,KAUSHAMBI,0.01,-,0.05,7.386461804,2018,Jun,20
2018/06/20,UTTAR PRADESH,BULANDSHAHR,0.0,-,0.0,10.04305095,2018,Jun,20
2018/06/20,UTTAR PRADESH,DEORIA,0.0,-,0.0,16.58384485,2018,Jun,20
2018/06/20,UTTAR PRADESH,BAHRAICH,0.18,-,1.77,17.37465985,2018,Jun,20
2018/06/20,UTTAR PRADESH,GORAKHPUR,0.12,-,0.84,17.84824508,2018,Jun,20
2018/06/20,UTTAR PRADESH,BIJNOR,0.04,-,0.35,12.99960566,2018,Jun,20
2018/06/20,UTTAR PRADESH,BANDA,0.0,-,0.0,12.84555001,2018,Jun,20
2018/06/20,UTTAR PRADESH,MUZAFFARNAGAR,0.0,-,0.0,8.519240423,2018,Jun,20
2018/06/20,UTTAR PRADESH,SANT RAVI DAS NAGAR(BHADOHI),0.0,-,0.0,7.990531263,2018,Jun,20
2018/06/20,UTTAR PRADESH,HAMIRPUR,0.0,-,0.0,11.21920299,2018,Jun,20
2018/06/20,UTTAR PRADESH,PRATAPGARH,0.0,-,0.0,14.56147067,2018,Jun,20
2018/06/20,UTTAR PRADESH,ETAWAH,0.0,-,0.0,14.19500374,2018,Jun,20
2018/06/20,UTTAR PRADESH,MORADABAD,0.0,-,0.0,7.165578507,2018,Jun,20
2018/06/20,UTTAR PRADESH,AGRA,0.01,-,0.11,15.6126793,2018,Jun,20
2018/06/20,UTTAR PRADESH,JAUNPUR,0.0,-,0.0,12.4106543,2018,Jun,20
2018/06/20,UTTAR PRADESH,KANPUR NAGAR,0.0,-,0.0,10.33655534,2018,Jun,20
2018/06/20,UTTAR PRADESH,JHANSI,0.0,-,0.0,12.58504466,2018,Jun,20
2018/06/20,UTTAR PRADESH,SIDDHARTH NAGAR,0.0,-,0.0,15.08172932,2018,Jun,20
2018/06/20,UTTAR PRADESH,MEERUT,0.11,-,0.7,7.796398876,2018,Jun,20
2018/06/20,UTTAR PRADESH,PILIBHIT,0.37,-,2.59,15.70445049,2018,Jun,20
2018/06/20,UTTAR PRADESH,SHAHJAHANPUR,0.0,-,0.01,7.973701438,2018,Jun,20
2018/06/20,UTTAR PRADESH,KANPUR DEHAT,0.0,-,0.0,11.28141156,2018,Jun,20
2018/06/20,UTTAR PRADESH,FIROZABAD,0.02,-,0.17,14.8450273,2018,Jun,20
2018/06/20,UTTAR PRADESH,AYODHYA,0.0,-,0.0,12.60988611,2018,Jun,20
2018/06/20,UTTAR PRADESH,KUSHINAGAR,0.09,-,0.88,22.8862561,2018,Jun,20
2018/06/20,UTTAR PRADESH,JALAUN,0.0,-,0.0,15.25847177,2018,Jun,20
2018/06/20,UTTAR PRADESH,GHAZIABAD,0.02,-,0.11,9.83800095,2018,Jun,20
2018/06/20,UTTAR PRADESH,ETAH,0.0,-,0.0,14.6065778,2018,Jun,20
2018/06/20,UTTAR PRADESH,BALLIA,0.0,-,0.0,9.854584321,2018,Jun,20
2018/06/20,UTTAR PRADESH,UNNAO,0.0,-,0.01,11.77198773,2018,Jun,20
2018/06/20,UTTAR PRADESH,MAU,0.0,-,0.0,10.84743783,2018,Jun,20
2018/06/20,UTTAR PRADESH,SITAPUR,0.02,-,0.24,12.92833922,2018,Jun,20
2018/06/20,UTTAR PRADESH,PRAYAGRAJ,0.01,-,0.04,9.57358949,2018,Jun,20
2018/06/20,UTTAR PRADESH,BAREILLY,0.03,-,0.2,6.465204572,2018,Jun,20
2018/06/20,UTTAR PRADESH,SHRAWASTI,0.13,-,1.38,22.45828166,2018,Jun,20
2018/06/20,UTTAR PRADESH,SULTANPUR,0.0,-,0.0,17.96002039,2018,Jun,20
2018/06/20,UTTAR PRADESH,GONDA,0.0,-,0.0,17.26772772,2018,Jun,20
2018/06/20,UTTAR PRADESH,GAUTAM BUDDHA NAGAR,0.02,-,0.11,12.79404099,2018,Jun,20
2018/06/20,UTTAR PRADESH,KANSIRAM NAGAR,0.0,-,0.0,9.517169129,2018,Jun,20
2018/06/20,UTTAR PRADESH,MAHARAJGANJ,0.06,-,0.56,21.85097727,2018,Jun,20
2018/06/20,UTTAR PRADESH,MAINPURI,0.0,-,0.0,12.63265755,2018,Jun,20
2018/06/20,UTTAR PRADESH,VARANASI,0.0,-,0.0,11.34935873,2018,Jun,20
2018/06/20,UTTAR PRADESH,AURAIYA,0.0,-,0.0,12.3609824,2018,Jun,20
2018/06/19,UTTAR PRADESH,FARRUKHABAD,0.03,-,0.26,14.31789026,2018,Jun,19
2018/06/19,UTTAR PRADESH,LUCKNOW,0.05,-,0.35,21.73207763,2018,Jun,19
2018/06/19,UTTAR PRADESH,KHERI,0.23,-,1.73,13.3207689,2018,Jun,19
2018/06/19,UTTAR PRADESH,CHANDAULI,0.0,-,0.0,16.25820475,2018,Jun,19
2018/06/19,UTTAR PRADESH,AMBEDKAR NAGAR,0.0,-,0.0,11.55106886,2018,Jun,19
2018/06/19,UTTAR PRADESH,BUDAUN,0.0,-,0.0,5.548493526,2018,Jun,19
2018/06/19,UTTAR PRADESH,BALRAMPUR,0.01,-,0.07,15.94979045,2018,Jun,19
2018/06/19,UTTAR PRADESH,BASTI,0.0,-,0.0,14.37406409,2018,Jun,19
2018/06/19,UTTAR PRADESH,RAMPUR,0.0,-,0.0,9.509072365,2018,Jun,19
2018/06/19,UTTAR PRADESH,MIRZAPUR,0.0,-,0.0,13.98099617,2018,Jun,19
2018/06/19,UTTAR PRADESH,JYOTIBA PHULE NAGAR,0.0,-,0.0,6.394889762,2018,Jun,19
2018/06/19,UTTAR PRADESH,LALITPUR,0.01,-,0.04,12.17303432,2018,Jun,19
2018/06/19,UTTAR PRADESH,MAHAMAYA NAGAR,0.0,-,0.0,15.39963258,2018,Jun,19
2018/06/19,UTTAR PRADESH,MATHURA,0.0,-,0.0,16.03751042,2018,Jun,19
2018/06/19,UTTAR PRADESH,MAHOBA,0.0,-,0.0,9.325404854,2018,Jun,19
2018/06/19,UTTAR PRADESH,CHITRAKOOT,0.01,-,0.05,10.2173005,2018,Jun,19
2018/06/19,UTTAR PRADESH,SAHARANPUR,0.0,-,0.0,12.67265704,2018,Jun,19
2018/06/19,UTTAR PRADESH,KANNAUJ,0.0,-,0.0,15.23126215,2018,Jun,19
2018/06/19,UTTAR PRADESH,SANT KABIR NAGAR,0.0,-,0.0,16.36823372,2018,Jun,19
2018/06/19,UTTAR PRADESH,SONBHADRA,0.05,-,0.28,27.10287289,2018,Jun,19
2018/06/19,UTTAR PRADESH,FATEHPUR,0.01,-,0.07,8.887006704,2018,Jun,19
2018/06/19,UTTAR PRADESH,BARA BANKI,0.0,-,0.0,23.99916808,2018,Jun,19
2018/06/19,UTTAR PRADESH,AZAMGARH,0.0,-,0.0,12.2828548,2018,Jun,19
2018/06/19,UTTAR PRADESH,BAGHPAT,0.0,-,0.0,10.27628973,2018,Jun,19
2018/06/19,UTTAR PRADESH,ALIGARH,0.02,-,0.09,11.49067614,2018,Jun,19
2018/06/19,UTTAR PRADESH,HARDOI,0.08,-,0.69,14.28124738,2018,Jun,19
2018/06/19,UTTAR PRADESH,RAE BARELI,0.0,-,0.0,12.24917336,2018,Jun,19
2018/06/19,UTTAR PRADESH,GHAZIPUR,0.0,-,0.0,11.53157831,2018,Jun,19
2018/06/19,UTTAR PRADESH,KAUSHAMBI,0.01,-,0.05,7.477176147,2018,Jun,19
2018/06/19,UTTAR PRADESH,BULANDSHAHR,0.0,-,0.0,9.837050677,2018,Jun,19
2018/06/19,UTTAR PRADESH,DEORIA,0.0,-,0.0,16.79827765,2018,Jun,19
2018/06/19,UTTAR PRADESH,BAHRAICH,0.22,-,2.13,18.15539965,2018,Jun,19
2018/06/19,UTTAR PRADESH,GORAKHPUR,0.12,-,0.87,18.56339367,2018,Jun,19
2018/06/19,UTTAR PRADESH,BIJNOR,0.05,-,0.41,13.19934403,2018,Jun,19
2018/06/19,UTTAR PRADESH,BANDA,0.0,-,0.0,12.9810846,2018,Jun,19
2018/06/19,UTTAR PRADESH,MUZAFFARNAGAR,0.0,-,0.0,8.547663819,2018,Jun,19
2018/06/19,UTTAR PRADESH,SANT RAVI DAS NAGAR(BHADOHI),0.0,-,0.0,8.016925574,2018,Jun,19
2018/06/19,UTTAR PRADESH,HAMIRPUR,0.0,-,0.0,11.34027453,2018,Jun,19
2018/06/19,UTTAR PRADESH,PRATAPGARH,0.0,-,0.0,14.83673692,2018,Jun,19
2018/06/19,UTTAR PRADESH,ETAWAH,0.0,-,0.0,14.5040978,2018,Jun,19
2018/06/19,UTTAR PRADESH,MORADABAD,0.0,-,0.0,7.182307396,2018,Jun,19
2018/06/19,UTTAR PRADESH,AGRA,0.01,-,0.11,16.00792918,2018,Jun,19
2018/06/19,UTTAR PRADESH,JAUNPUR,0.0,-,0.0,12.61088029,2018,Jun,19
2018/06/19,UTTAR PRADESH,KANPUR NAGAR,0.0,-,0.0,10.50068928,2018,Jun,19
2018/06/19,UTTAR PRADESH,JHANSI,0.0,-,0.0,12.07210793,2018,Jun,19
2018/06/19,UTTAR PRADESH,SIDDHARTH NAGAR,0.0,-,0.0,15.45152995,2018,Jun,19
2018/06/19,UTTAR PRADESH,MEERUT,0.12,-,0.71,7.823626054,2018,Jun,19
2018/06/19,UTTAR PRADESH,PILIBHIT,0.4,-,2.8,16.09941984,2018,Jun,19
2018/06/19,UTTAR PRADESH,SHAHJAHANPUR,0.0,-,0.02,8.084619938,2018,Jun,19
2018/06/19,UTTAR PRADESH,KANPUR DEHAT,0.0,-,0.0,11.41075097,2018,Jun,19
2018/06/19,UTTAR PRADESH,FIROZABAD,0.02,-,0.17,15.17474966,2018,Jun,19
2018/06/19,UTTAR PRADESH,AYODHYA,0.0,-,0.0,12.75295213,2018,Jun,19
2018/06/19,UTTAR PRADESH,KUSHINAGAR,0.11,-,1.0,23.52187258,2018,Jun,19
2018/06/19,UTTAR PRADESH,JALAUN,0.0,-,0.0,15.38931473,2018,Jun,19
2018/06/19,UTTAR PRADESH,GHAZIABAD,0.02,-,0.12,9.913547129,2018,Jun,19
2018/06/19,UTTAR PRADESH,ETAH,0.0,-,0.0,14.84271595,2018,Jun,19
2018/06/19,UTTAR PRADESH,BALLIA,0.0,-,0.0,9.816346005,2018,Jun,19
2018/06/19,UTTAR PRADESH,UNNAO,0.0,-,0.01,12.03378741,2018,Jun,19
2018/06/19,UTTAR PRADESH,MAU,0.0,-,0.0,10.98623473,2018,Jun,19
2018/06/19,UTTAR PRADESH,SITAPUR,0.03,-,0.26,13.22310664,2018,Jun,19
2018/06/19,UTTAR PRADESH,PRAYAGRAJ,0.01,-,0.04,9.662083326,2018,Jun,19
2018/06/19,UTTAR PRADESH,BAREILLY,0.03,-,0.22,6.520221245,2018,Jun,19
2018/06/19,UTTAR PRADESH,SHRAWASTI,0.16,-,1.7,23.20919915,2018,Jun,19
2018/06/19,UTTAR PRADESH,SULTANPUR,0.0,-,0.0,18.30989966,2018,Jun,19
2018/06/19,UTTAR PRADESH,GONDA,0.0,-,0.0,17.88171654,2018,Jun,19
2018/06/19,UTTAR PRADESH,GAUTAM BUDDHA NAGAR,0.02,-,0.12,12.48003034,2018,Jun,19
2018/06/19,UTTAR PRADESH,KANSIRAM NAGAR,0.0,-,0.0,9.608244879,2018,Jun,19
2018/06/19,UTTAR PRADESH,MAHARAJGANJ,0.07,-,0.61,22.32472957,2018,Jun,19
2018/06/19,UTTAR PRADESH,MAINPURI,0.0,-,0.0,12.81545146,2018,Jun,19
2018/06/19,UTTAR PRADESH,VARANASI,0.0,-,0.0,11.47043435,2018,Jun,19
2018/06/19,UTTAR PRADESH,AURAIYA,0.0,-,0.0,12.58206338,2018,Jun,19
2018/06/18,UTTAR PRADESH,FARRUKHABAD,0.05,-,0.53,14.93058566,2018,Jun,18
2018/06/18,UTTAR PRADESH,LUCKNOW,0.1,-,0.62,21.01999296,2018,Jun,18
2018/06/18,UTTAR PRADESH,KHERI,0.24,-,1.88,13.76238539,2018,Jun,18
2018/06/18,UTTAR PRADESH,CHANDAULI,0.0,-,0.0,16.61371473,2018,Jun,18
2018/06/18,UTTAR PRADESH,AMBEDKAR NAGAR,0.0,-,0.0,11.59326964,2018,Jun,18
2018/06/18,UTTAR PRADESH,BUDAUN,0.0,-,0.02,5.678824765,2018,Jun,18
2018/06/18,UTTAR PRADESH,BALRAMPUR,0.01,-,0.08,16.50213081,2018,Jun,18
2018/06/18,UTTAR PRADESH,BASTI,0.0,-,0.0,14.92990648,2018,Jun,18
2018/06/18,UTTAR PRADESH,RAMPUR,0.0,-,0.0,9.518851197,2018,Jun,18
2018/06/18,UTTAR PRADESH,MIRZAPUR,0.0,-,0.0,14.30973205,2018,Jun,18
2018/06/18,UTTAR PRADESH,JYOTIBA PHULE NAGAR,0.0,-,0.0,6.42328909,2018,Jun,18
2018/06/18,UTTAR PRADESH,LALITPUR,0.01,-,0.07,12.45468684,2018,Jun,18
2018/06/18,UTTAR PRADESH,MAHAMAYA NAGAR,0.0,-,0.0,15.62702989,2018,Jun,18
2018/06/18,UTTAR PRADESH,MATHURA,0.0,-,0.0,16.35131669,2018,Jun,18
2018/06/18,UTTAR PRADESH,MAHOBA,0.0,-,0.0,9.392118175,2018,Jun,18
2018/06/18,UTTAR PRADESH,CHITRAKOOT,0.01,-,0.08,10.35556265,2018,Jun,18
2018/06/18,UTTAR PRADESH,SAHARANPUR,0.0,-,0.0,13.00993241,2018,Jun,18
2018/06/18,UTTAR PRADESH,KANNAUJ,0.0,-,0.0,15.68376763,2018,Jun,18
2018/06/18,UTTAR PRADESH,SANT KABIR NAGAR,0.0,-,0.0,17.29103405,2018,Jun,18
2018/06/18,UTTAR PRADESH,SONBHADRA,0.04,-,0.26,26.83438331,2018,Jun,18
2018/06/18,UTTAR PRADESH,FATEHPUR,0.01,-,0.08,9.048995378,2018,Jun,18
2018/06/18,UTTAR PRADESH,BARA BANKI,0.19,-,1.21,25.45735404,2018,Jun,18
2018/06/18,UTTAR PRADESH,AZAMGARH,0.0,-,0.0,12.44775943,2018,Jun,18
2018/06/18,UTTAR PRADESH,BAGHPAT,0.0,-,0.0,10.31567455,2018,Jun,18
2018/06/18,UTTAR PRADESH,ALIGARH,0.02,-,0.1,11.58749897,2018,Jun,18
2018/06/18,UTTAR PRADESH,HARDOI,0.13,-,1.05,14.89802357,2018,Jun,18
2018/06/18,UTTAR PRADESH,RAE BARELI,0.0,-,0.0,12.38523849,2018,Jun,18
2018/06/18,UTTAR PRADESH,GHAZIPUR,0.0,-,0.0,11.75809542,2018,Jun,18
2018/06/18,UTTAR PRADESH,KAUSHAMBI,0.01,-,0.05,7.608255185,2018,Jun,18
2018/06/18,UTTAR PRADESH,BULANDSHAHR,0.0,-,0.0,9.877967576,2018,Jun,18
2018/06/18,UTTAR PRADESH,DEORIA,0.0,-,0.0,17.12668008,2018,Jun,18
2018/06/18,UTTAR PRADESH,BAHRAICH,0.26,-,2.57,18.79415993,2018,Jun,18
2018/06/18,UTTAR PRADESH,GORAKHPUR,0.13,-,0.91,19.53307159,2018,Jun,18
2018/06/18,UTTAR PRADESH,BIJNOR,0.07,-,0.61,13.63150494,2018,Jun,18
2018/06/18,UTTAR PRADESH,BANDA,0.0,-,0.0,13.16218504,2018,Jun,18
2018/06/18,UTTAR PRADESH,MUZAFFARNAGAR,0.0,-,0.0,8.602767732,2018,Jun,18
2018/06/18,UTTAR PRADESH,SANT RAVI DAS NAGAR(BHADOHI),0.0,-,0.0,8.050212535,2018,Jun,18
2018/06/18,UTTAR PRADESH,HAMIRPUR,0.0,-,0.0,11.49686865,2018,Jun,18
2018/06/18,UTTAR PRADESH,PRATAPGARH,0.0,-,0.0,15.25308132,2018,Jun,18
2018/06/18,UTTAR PRADESH,ETAWAH,0.0,-,0.0,14.96021181,2018,Jun,18
2018/06/18,UTTAR PRADESH,MORADABAD,0.0,-,0.0,7.217603071,2018,Jun,18
2018/06/18,UTTAR PRADESH,AGRA,0.01,-,0.11,16.03819355,2018,Jun,18
2018/06/18,UTTAR PRADESH,JAUNPUR,0.0,-,0.0,12.91395672,2018,Jun,18
2018/06/18,UTTAR PRADESH,KANPUR NAGAR,0.0,-,0.0,10.73364734,2018,Jun,18
2018/06/18,UTTAR PRADESH,JHANSI,0.0,-,0.0,12.22888644,2018,Jun,18
2018/06/18,UTTAR PRADESH,SIDDHARTH NAGAR,0.0,-,0.0,16.04031942,2018,Jun,18
2018/06/18,UTTAR PRADESH,MEERUT,0.12,-,0.73,7.868067032,2018,Jun,18
2018/06/18,UTTAR PRADESH,PILIBHIT,0.48,-,3.28,16.80692001,2018,Jun,18
2018/06/18,UTTAR PRADESH,SHAHJAHANPUR,0.01,-,0.09,8.246296978,2018,Jun,18
2018/06/18,UTTAR PRADESH,KANPUR DEHAT,0.0,-,0.0,11.59564471,2018,Jun,18
2018/06/18,UTTAR PRADESH,FIROZABAD,0.02,-,0.17,15.60369171,2018,Jun,18
2018/06/18,UTTAR PRADESH,AYODHYA,0.0,-,0.0,13.01217293,2018,Jun,18
2018/06/18,UTTAR PRADESH,KUSHINAGAR,0.13,-,1.21,24.77775319,2018,Jun,18
2018/06/18,UTTAR PRADESH,JALAUN,0.0,-,0.0,15.56232703,2018,Jun,18
2018/06/18,UTTAR PRADESH,GHAZIABAD,0.02,-,0.13,10.08677891,2018,Jun,18
2018/06/18,UTTAR PRADESH,ETAH,0.0,-,0.0,15.19743395,2018,Jun,18
2018/06/18,UTTAR PRADESH,BALLIA,0.0,-,0.0,9.939425655,2018,Jun,18
2018/06/18,UTTAR PRADESH,UNNAO,0.0,-,0.0,11.61951446,2018,Jun,18
2018/06/18,UTTAR PRADESH,MAU,0.0,-,0.0,11.19979395,2018,Jun,18
2018/06/18,UTTAR PRADESH,SITAPUR,0.03,-,0.29,13.37888971,2018,Jun,18
2018/06/18,UTTAR PRADESH,PRAYAGRAJ,0.01,-,0.04,9.777763216,2018,Jun,18
2018/06/18,UTTAR PRADESH,BAREILLY,0.03,-,0.24,6.611933193,2018,Jun,18
2018/06/18,UTTAR PRADESH,SHRAWASTI,0.21,-,2.19,24.34231594,2018,Jun,18
2018/06/18,UTTAR PRADESH,SULTANPUR,0.0,-,0.0,18.8127295,2018,Jun,18
2018/06/18,UTTAR PRADESH,GONDA,0.0,-,0.0,18.75500629,2018,Jun,18
2018/06/18,UTTAR PRADESH,GAUTAM BUDDHA NAGAR,0.02,-,0.14,12.70996331,2018,Jun,18
2018/06/18,UTTAR PRADESH,KANSIRAM NAGAR,0.0,-,0.02,9.745208965,2018,Jun,18
2018/06/18,UTTAR PRADESH,MAHARAJGANJ,0.08,-,0.73,23.40007288,2018,Jun,18
2018/06/18,UTTAR PRADESH,MAINPURI,0.0,-,0.0,13.11178172,2018,Jun,18
2018/06/18,UTTAR PRADESH,VARANASI,0.0,-,0.0,11.64324114,2018,Jun,18
2018/06/18,UTTAR PRADESH,AURAIYA,0.0,-,0.0,12.87781866,2018,Jun,18
2018/06/17,UTTAR PRADESH,FARRUKHABAD,0.0,-,0.0,7.969966878,2018,Jun,17
2018/06/17,UTTAR PRADESH,LUCKNOW,0.04,-,0.22,13.98505257,2018,Jun,17
2018/06/17,UTTAR PRADESH,KHERI,0.27,-,2.06,13.99024148,2018,Jun,17
2018/06/17,UTTAR PRADESH,CHANDAULI,0.0,-,0.0,17.02787354,2018,Jun,17
2018/06/17,UTTAR PRADESH,AMBEDKAR NAGAR,0.0,-,0.0,11.64599637,2018,Jun,17
2018/06/17,UTTAR PRADESH,BUDAUN,0.0,-,0.0,4.776700752,2018,Jun,17
2018/06/17,UTTAR PRADESH,BALRAMPUR,0.01,-,0.09,17.14604361,2018,Jun,17
2018/06/17,UTTAR PRADESH,BASTI,0.0,-,0.0,15.61520387,2018,Jun,17
2018/06/17,UTTAR PRADESH,RAMPUR,0.0,-,0.0,9.550933821,2018,Jun,17
2018/06/17,UTTAR PRADESH,MIRZAPUR,0.0,-,0.0,14.69205681,2018,Jun,17
2018/06/17,UTTAR PRADESH,JYOTIBA PHULE NAGAR,0.0,-,0.0,6.451467735,2018,Jun,17
2018/06/17,UTTAR PRADESH,LALITPUR,0.01,-,0.08,12.6723544,2018,Jun,17
2018/06/17,UTTAR PRADESH,MAHAMAYA NAGAR,0.0,-,0.0,15.84993205,2018,Jun,17
2018/06/17,UTTAR PRADESH,MATHURA,0.0,-,0.0,16.84644549,2018,Jun,17
2018/06/17,UTTAR PRADESH,MAHOBA,0.0,-,0.0,9.469599613,2018,Jun,17
2018/06/17,UTTAR PRADESH,CHITRAKOOT,0.01,-,0.13,10.48728929,2018,Jun,17
2018/06/17,UTTAR PRADESH,SAHARANPUR,0.0,-,0.0,13.41757164,2018,Jun,17
2018/06/17,UTTAR PRADESH,KANNAUJ,0.0,-,0.0,14.26381099,2018,Jun,17
2018/06/17,UTTAR PRADESH,SANT KABIR NAGAR,0.0,-,0.0,18.2988663,2018,Jun,17
2018/06/17,UTTAR PRADESH,SONBHADRA,0.04,-,0.27,27.85587649,2018,Jun,17
2018/06/17,UTTAR PRADESH,FATEHPUR,0.01,-,0.1,9.236833232,2018,Jun,17
2018/06/17,UTTAR PRADESH,BARA BANKI,0.0,-,0.0,17.82127148,2018,Jun,17
2018/06/17,UTTAR PRADESH,AZAMGARH,0.0,-,0.0,12.66770898,2018,Jun,17
2018/06/17,UTTAR PRADESH,BAGHPAT,0.0,-,0.0,10.36393564,2018,Jun,17
2018/06/17,UTTAR PRADESH,ALIGARH,0.02,-,0.11,11.61774373,2018,Jun,17
2018/06/17,UTTAR PRADESH,HARDOI,0.0,-,0.0,9.89176942,2018,Jun,17
2018/06/17,UTTAR PRADESH,RAE BARELI,0.0,-,0.0,12.77429831,2018,Jun,17
2018/06/17,UTTAR PRADESH,GHAZIPUR,0.0,-,0.0,12.09076256,2018,Jun,17
2018/06/17,UTTAR PRADESH,KAUSHAMBI,0.01,-,0.06,7.730923887,2018,Jun,17
2018/06/17,UTTAR PRADESH,BULANDSHAHR,0.0,-,0.0,9.899975047,2018,Jun,17
2018/06/17,UTTAR PRADESH,DEORIA,0.0,-,0.0,17.52940008,2018,Jun,17
2018/06/17,UTTAR PRADESH,BAHRAICH,0.34,-,3.29,19.93292031,2018,Jun,17
2018/06/17,UTTAR PRADESH,GORAKHPUR,0.13,-,0.95,20.62463724,2018,Jun,17
2018/06/17,UTTAR PRADESH,BIJNOR,0.09,-,0.84,14.15258731,2018,Jun,17
2018/06/17,UTTAR PRADESH,BANDA,0.0,-,0.0,13.36078824,2018,Jun,17
2018/06/17,UTTAR PRADESH,MUZAFFARNAGAR,0.0,-,0.0,8.685238001,2018,Jun,17
2018/06/17,UTTAR PRADESH,SANT RAVI DAS NAGAR(BHADOHI),0.0,-,0.0,8.102313369,2018,Jun,17
2018/06/17,UTTAR PRADESH,HAMIRPUR,0.0,-,0.0,11.66752913,2018,Jun,17
2018/06/17,UTTAR PRADESH,PRATAPGARH,0.0,-,0.0,15.72612842,2018,Jun,17
2018/06/17,UTTAR PRADESH,ETAWAH,0.0,-,0.0,15.28469008,2018,Jun,17
2018/06/17,UTTAR PRADESH,MORADABAD,0.0,-,0.0,7.169083784,2018,Jun,17
2018/06/17,UTTAR PRADESH,AGRA,0.01,-,0.11,16.53129905,2018,Jun,17
2018/06/17,UTTAR PRADESH,JAUNPUR,0.0,-,0.0,13.3067626,2018,Jun,17
2018/06/17,UTTAR PRADESH,KANPUR NAGAR,0.0,-,0.0,10.46400563,2018,Jun,17
2018/06/17,UTTAR PRADESH,JHANSI,0.0,-,0.0,12.40493545,2018,Jun,17
2018/06/17,UTTAR PRADESH,SIDDHARTH NAGAR,0.0,-,0.0,16.82291278,2018,Jun,17
2018/06/17,UTTAR PRADESH,MEERUT,0.12,-,0.75,7.816438463,2018,Jun,17
2018/06/17,UTTAR PRADESH,PILIBHIT,0.55,-,3.77,17.56244712,2018,Jun,17
2018/06/17,UTTAR PRADESH,SHAHJAHANPUR,0.0,-,0.0,6.655895466,2018,Jun,17
2018/06/17,UTTAR PRADESH,KANPUR DEHAT,0.0,-,0.0,11.81911169,2018,Jun,17
2018/06/17,UTTAR PRADESH,FIROZABAD,0.02,-,0.18,16.04931417,2018,Jun,17
2018/06/17,UTTAR PRADESH,AYODHYA,0.0,-,0.0,12.85342746,2018,Jun,17
2018/06/17,UTTAR PRADESH,KUSHINAGAR,0.15,-,1.4,26.10976996,2018,Jun,17
2018/06/17,UTTAR PRADESH,JALAUN,0.0,-,0.0,15.75764684,2018,Jun,17
2018/06/17,UTTAR PRADESH,GHAZIABAD,0.02,-,0.14,10.2526022,2018,Jun,17
2018/06/17,UTTAR PRADESH,ETAH,0.0,-,0.0,12.46069368,2018,Jun,17
2018/06/17,UTTAR PRADESH,BALLIA,0.0,-,0.0,10.07150095,2018,Jun,17
2018/06/17,UTTAR PRADESH,UNNAO,0.0,-,0.0,11.37497839,2018,Jun,17
2018/06/17,UTTAR PRADESH,MAU,0.0,-,0.0,11.45157353,2018,Jun,17
2018/06/17,UTTAR PRADESH,SITAPUR,0.04,-,0.34,12.42630528,2018,Jun,17
2018/06/17,UTTAR PRADESH,PRAYAGRAJ,0.01,-,0.05,9.918831778,2018,Jun,17
2018/06/17,UTTAR PRADESH,BAREILLY,0.04,-,0.27,6.595079872,2018,Jun,17
2018/06/17,UTTAR PRADESH,SHRAWASTI,0.27,-,2.73,25.02211486,2018,Jun,17
2018/06/17,UTTAR PRADESH,SULTANPUR,0.0,-,0.0,19.41116406,2018,Jun,17
2018/06/17,UTTAR PRADESH,GONDA,0.0,-,0.0,18.16120167,2018,Jun,17
2018/06/17,UTTAR PRADESH,GAUTAM BUDDHA NAGAR,0.03,-,0.16,12.97152033,2018,Jun,17
2018/06/17,UTTAR PRADESH,KANSIRAM NAGAR,0.0,-,0.0,8.260530014,2018,Jun,17
2018/06/17,UTTAR PRADESH,MAHARAJGANJ,0.09,-,0.8,24.56825043,2018,Jun,17
2018/06/17,UTTAR PRADESH,MAINPURI,0.0,-,0.0,11.34596427,2018,Jun,17
2018/06/17,UTTAR PRADESH,VARANASI,0.0,-,0.0,11.89254205,2018,Jun,17
2018/06/17,UTTAR PRADESH,AURAIYA,0.0,-,0.0,13.20712541,2018,Jun,17
2018/06/16,UTTAR PRADESH,FARRUKHABAD,0.0,-,0.0,8.116108741,2018,Jun,16
2018/06/16,UTTAR PRADESH,LUCKNOW,0.04,-,0.23,14.52024511,2018,Jun,16
2018/06/16,UTTAR PRADESH,KHERI,0.3,-,2.29,14.55671354,2018,Jun,16
2018/06/16,UTTAR PRADESH,CHANDAULI,0.0,-,0.0,17.12353684,2018,Jun,16
2018/06/16,UTTAR PRADESH,AMBEDKAR NAGAR,0.0,-,0.0,11.51557747,2018,Jun,16
2018/06/16,UTTAR PRADESH,BUDAUN,0.0,-,0.0,4.800085084,2018,Jun,16
2018/06/16,UTTAR PRADESH,BALRAMPUR,0.01,-,0.1,18.01734883,2018,Jun,16
2018/06/16,UTTAR PRADESH,BASTI,0.0,-,0.0,16.43601569,2018,Jun,16
2018/06/16,UTTAR PRADESH,RAMPUR,0.0,-,0.0,9.670932099,2018,Jun,16
2018/06/16,UTTAR PRADESH,MIRZAPUR,0.0,-,0.0,14.58753422,2018,Jun,16
2018/06/16,UTTAR PRADESH,JYOTIBA PHULE NAGAR,0.0,-,0.0,6.482525249,2018,Jun,16
2018/06/16,UTTAR PRADESH,LALITPUR,0.02,-,0.13,12.9752541,2018,Jun,16
2018/06/16,UTTAR PRADESH,MAHAMAYA NAGAR,0.0,-,0.0,16.10378638,2018,Jun,16
2018/06/16,UTTAR PRADESH,MATHURA,0.0,-,0.0,17.36732291,2018,Jun,16
2018/06/16,UTTAR PRADESH,MAHOBA,0.0,-,0.0,9.555542988,2018,Jun,16
2018/06/16,UTTAR PRADESH,CHITRAKOOT,0.02,-,0.18,10.65173809,2018,Jun,16
2018/06/16,UTTAR PRADESH,SAHARANPUR,0.0,-,0.0,12.27083685,2018,Jun,16
2018/06/16,UTTAR PRADESH,KANNAUJ,0.0,-,0.0,14.65486961,2018,Jun,16
2018/06/16,UTTAR PRADESH,SANT KABIR NAGAR,0.0,-,0.0,19.39198377,2018,Jun,16
2018/06/16,UTTAR PRADESH,SONBHADRA,0.05,-,0.29,28.71626419,2018,Jun,16
2018/06/16,UTTAR PRADESH,FATEHPUR,0.01,-,0.11,9.368285021,2018,Jun,16
2018/06/16,UTTAR PRADESH,BARA BANKI,0.0,-,0.0,18.83684451,2018,Jun,16
2018/06/16,UTTAR PRADESH,AZAMGARH,0.0,-,0.0,12.89326429,2018,Jun,16
2018/06/16,UTTAR PRADESH,BAGHPAT,0.0,-,0.0,10.412551,2018,Jun,16
2018/06/16,UTTAR PRADESH,ALIGARH,0.02,-,0.11,11.73563436,2018,Jun,16
2018/06/16,UTTAR PRADESH,HARDOI,0.0,-,0.0,10.04807257,2018,Jun,16
2018/06/16,UTTAR PRADESH,RAE BARELI,0.0,-,0.0,9.931526866,2018,Jun,16
2018/06/16,UTTAR PRADESH,GHAZIPUR,0.0,-,0.0,12.51501259,2018,Jun,16
2018/06/16,UTTAR PRADESH,KAUSHAMBI,0.01,-,0.06,7.846994335,2018,Jun,16
2018/06/16,UTTAR PRADESH,BULANDSHAHR,0.0,-,0.0,9.948290121,2018,Jun,16
2018/06/16,UTTAR PRADESH,DEORIA,0.0,-,0.0,18.00049354,2018,Jun,16
2018/06/16,UTTAR PRADESH,BAHRAICH,0.42,-,4.1,21.1981164,2018,Jun,16
2018/06/16,UTTAR PRADESH,GORAKHPUR,0.14,-,0.99,21.83904811,2018,Jun,16
2018/06/16,UTTAR PRADESH,BIJNOR,0.1,-,0.92,14.15073762,2018,Jun,16
2018/06/16,UTTAR PRADESH,BANDA,0.0,-,0.0,13.60056767,2018,Jun,16
2018/06/16,UTTAR PRADESH,MUZAFFARNAGAR,0.0,-,0.0,7.990808636,2018,Jun,16
2018/06/16,UTTAR PRADESH,SANT RAVI DAS NAGAR(BHADOHI),0.0,-,0.0,8.027876611,2018,Jun,16
2018/06/16,UTTAR PRADESH,HAMIRPUR,0.0,-,0.0,11.86761445,2018,Jun,16
2018/06/16,UTTAR PRADESH,PRATAPGARH,0.0,-,0.0,10.85005329,2018,Jun,16
2018/06/16,UTTAR PRADESH,ETAWAH,0.0,-,0.01,15.85021744,2018,Jun,16
2018/06/16,UTTAR PRADESH,MORADABAD,0.0,-,0.0,7.194089526,2018,Jun,16
2018/06/16,UTTAR PRADESH,AGRA,0.01,-,0.11,17.07123252,2018,Jun,16
2018/06/16,UTTAR PRADESH,JAUNPUR,0.0,-,0.0,12.22038998,2018,Jun,16
2018/06/16,UTTAR PRADESH,KANPUR NAGAR,0.0,-,0.0,10.68910774,2018,Jun,16
2018/06/16,UTTAR PRADESH,JHANSI,0.0,-,0.0,12.60084079,2018,Jun,16
2018/06/16,UTTAR PRADESH,SIDDHARTH NAGAR,0.0,-,0.0,17.82318303,2018,Jun,16
2018/06/16,UTTAR PRADESH,MEERUT,0.12,-,0.77,7.853889871,2018,Jun,16
2018/06/16,UTTAR PRADESH,PILIBHIT,0.62,-,4.24,18.3694868,2018,Jun,16
2018/06/16,UTTAR PRADESH,SHAHJAHANPUR,0.0,-,0.0,6.740231359,2018,Jun,16
2018/06/16,UTTAR PRADESH,KANPUR DEHAT,0.0,-,0.0,12.08439128,2018,Jun,16
2018/06/16,UTTAR PRADESH,FIROZABAD,0.02,-,0.19,16.56506272,2018,Jun,16
2018/06/16,UTTAR PRADESH,AYODHYA,0.0,-,0.0,13.09389804,2018,Jun,16
2018/06/16,UTTAR PRADESH,KUSHINAGAR,0.17,-,1.61,27.48019996,2018,Jun,16
2018/06/16,UTTAR PRADESH,JALAUN,0.0,-,0.0,15.97457958,2018,Jun,16
2018/06/16,UTTAR PRADESH,GHAZIABAD,0.02,-,0.15,10.45366374,2018,Jun,16
2018/06/16,UTTAR PRADESH,ETAH,0.0,-,0.0,12.64537378,2018,Jun,16
2018/06/16,UTTAR PRADESH,BALLIA,0.0,-,0.0,10.23271472,2018,Jun,16
2018/06/16,UTTAR PRADESH,UNNAO,0.0,-,0.0,11.73268769,2018,Jun,16
2018/06/16,UTTAR PRADESH,MAU,0.0,-,0.0,11.75474552,2018,Jun,16
2018/06/16,UTTAR PRADESH,SITAPUR,0.04,-,0.42,12.74209698,2018,Jun,16
2018/06/16,UTTAR PRADESH,PRAYAGRAJ,0.01,-,0.05,9.7826143,2018,Jun,16
2018/06/16,UTTAR PRADESH,BAREILLY,0.05,-,0.3,6.714927842,2018,Jun,16
2018/06/16,UTTAR PRADESH,SHRAWASTI,0.33,-,3.36,26.35080975,2018,Jun,16
2018/06/16,UTTAR PRADESH,SULTANPUR,0.0,-,0.0,15.26160911,2018,Jun,16
2018/06/16,UTTAR PRADESH,GONDA,0.0,-,0.0,19.10874207,2018,Jun,16
2018/06/16,UTTAR PRADESH,GAUTAM BUDDHA NAGAR,0.03,-,0.19,13.25376801,2018,Jun,16
2018/06/16,UTTAR PRADESH,KANSIRAM NAGAR,0.0,-,0.0,8.314735142,2018,Jun,16
2018/06/16,UTTAR PRADESH,MAHARAJGANJ,0.1,-,0.87,25.83478898,2018,Jun,16
2018/06/16,UTTAR PRADESH,MAINPURI,0.0,-,0.0,11.48244829,2018,Jun,16
2018/06/16,UTTAR PRADESH,VARANASI,0.0,-,0.0,11.63448293,2018,Jun,16
2018/06/16,UTTAR PRADESH,AURAIYA,0.0,-,0.0,13.64594984,2018,Jun,16
2018/06/15,UTTAR PRADESH,FARRUKHABAD,0.0,-,0.0,8.275461104,2018,Jun,15
2018/06/15,UTTAR PRADESH,LUCKNOW,0.04,-,0.25,15.16797488,2018,Jun,15
2018/06/15,UTTAR PRADESH,KHERI,0.34,-,2.65,15.19026401,2018,Jun,15
2018/06/15,UTTAR PRADESH,CHANDAULI,0.0,-,0.0,17.67575156,2018,Jun,15
2018/06/15,UTTAR PRADESH,AMBEDKAR NAGAR,0.0,-,0.0,11.58935779,2018,Jun,15
2018/06/15,UTTAR PRADESH,BUDAUN,0.0,-,0.0,4.826318216,2018,Jun,15
2018/06/15,UTTAR PRADESH,BALRAMPUR,0.02,-,0.16,19.14729618,2018,Jun,15
2018/06/15,UTTAR PRADESH,BASTI,0.0,-,0.0,17.40102078,2018,Jun,15
2018/06/15,UTTAR PRADESH,RAMPUR,0.0,-,0.0,9.813534128,2018,Jun,15
2018/06/15,UTTAR PRADESH,MIRZAPUR,0.0,-,0.0,14.98142074,2018,Jun,15
2018/06/15,UTTAR PRADESH,JYOTIBA PHULE NAGAR,0.0,-,0.0,6.523771831,2018,Jun,15
2018/06/15,UTTAR PRADESH,LALITPUR,0.03,-,0.18,13.32103566,2018,Jun,15
2018/06/15,UTTAR PRADESH,MAHAMAYA NAGAR,0.0,-,0.0,16.36082494,2018,Jun,15
2018/06/15,UTTAR PRADESH,MATHURA,0.0,-,0.0,17.92887978,2018,Jun,15
2018/06/15,UTTAR PRADESH,MAHOBA,0.0,-,0.0,9.650528986,2018,Jun,15
2018/06/15,UTTAR PRADESH,CHITRAKOOT,0.03,-,0.26,10.83283505,2018,Jun,15
2018/06/15,UTTAR PRADESH,SAHARANPUR,0.0,-,0.0,11.77331725,2018,Jun,15
2018/06/15,UTTAR PRADESH,KANNAUJ,0.0,-,0.0,15.09290112,2018,Jun,15
2018/06/15,UTTAR PRADESH,SANT KABIR NAGAR,0.0,-,0.0,20.6027201,2018,Jun,15
2018/06/15,UTTAR PRADESH,SONBHADRA,0.05,-,0.3,29.93625823,2018,Jun,15
2018/06/15,UTTAR PRADESH,FATEHPUR,0.02,-,0.14,9.589291682,2018,Jun,15
2018/06/15,UTTAR PRADESH,BARA BANKI,0.0,-,0.0,19.97092056,2018,Jun,15
2018/06/15,UTTAR PRADESH,AZAMGARH,0.0,-,0.0,13.21155442,2018,Jun,15
2018/06/15,UTTAR PRADESH,BAGHPAT,0.0,-,0.0,10.47325951,2018,Jun,15
2018/06/15,UTTAR PRADESH,ALIGARH,0.02,-,0.12,11.86643958,2018,Jun,15
2018/06/15,UTTAR PRADESH,HARDOI,0.0,-,0.0,10.23945625,2018,Jun,15
2018/06/15,UTTAR PRADESH,RAE BARELI,0.0,-,0.0,10.09545294,2018,Jun,15
2018/06/15,UTTAR PRADESH,GHAZIPUR,0.0,-,0.0,13.03049063,2018,Jun,15
2018/06/15,UTTAR PRADESH,KAUSHAMBI,0.01,-,0.06,8.025043962,2018,Jun,15
2018/06/15,UTTAR PRADESH,BULANDSHAHR,0.0,-,0.0,9.999523322,2018,Jun,15
2018/06/15,UTTAR PRADESH,DEORIA,0.0,-,0.0,18.64314507,2018,Jun,15
2018/06/15,UTTAR PRADESH,BAHRAICH,0.52,-,5.02,22.58531796,2018,Jun,15
2018/06/15,UTTAR PRADESH,GORAKHPUR,0.14,-,1.01,23.229452,2018,Jun,15
2018/06/15,UTTAR PRADESH,BIJNOR,0.15,-,1.31,14.48502159,2018,Jun,15
2018/06/15,UTTAR PRADESH,BANDA,0.0,-,0.0,13.86494372,2018,Jun,15
2018/06/15,UTTAR PRADESH,MUZAFFARNAGAR,0.0,-,0.0,8.001351348,2018,Jun,15
2018/06/15,UTTAR PRADESH,SANT RAVI DAS NAGAR(BHADOHI),0.0,-,0.0,8.085082713,2018,Jun,15
2018/06/15,UTTAR PRADESH,HAMIRPUR,0.0,-,0.0,12.08647063,2018,Jun,15
2018/06/15,UTTAR PRADESH,PRATAPGARH,0.0,-,0.0,10.98885939,2018,Jun,15
2018/06/15,UTTAR PRADESH,ETAWAH,0.0,-,0.02,16.4741987,2018,Jun,15
2018/06/15,UTTAR PRADESH,MORADABAD,0.0,-,0.0,7.255573454,2018,Jun,15
2018/06/15,UTTAR PRADESH,AGRA,0.01,-,0.12,17.6294764,2018,Jun,15
2018/06/15,UTTAR PRADESH,JAUNPUR,0.0,-,0.0,12.53188201,2018,Jun,15
2018/06/15,UTTAR PRADESH,KANPUR NAGAR,0.0,-,0.0,10.96165854,2018,Jun,15
2018/06/15,UTTAR PRADESH,JHANSI,0.0,-,0.0,12.81686407,2018,Jun,15
2018/06/15,UTTAR PRADESH,SIDDHARTH NAGAR,0.0,-,0.01,18.96282271,2018,Jun,15
2018/06/15,UTTAR PRADESH,MEERUT,0.13,-,0.79,7.911427591,2018,Jun,15
2018/06/15,UTTAR PRADESH,PILIBHIT,0.7,-,4.71,19.26466419,2018,Jun,15
2018/06/15,UTTAR PRADESH,SHAHJAHANPUR,0.0,-,0.0,6.831387652,2018,Jun,15
2018/06/15,UTTAR PRADESH,KANPUR DEHAT,0.0,-,0.0,12.39544025,2018,Jun,15
2018/06/15,UTTAR PRADESH,FIROZABAD,0.02,-,0.19,17.10090458,2018,Jun,15
2018/06/15,UTTAR PRADESH,AYODHYA,0.0,-,0.0,13.44919615,2018,Jun,15
2018/06/15,UTTAR PRADESH,KUSHINAGAR,0.19,-,1.85,29.00478242,2018,Jun,15
2018/06/15,UTTAR PRADESH,JALAUN,0.0,-,0.0,16.20768906,2018,Jun,15
2018/06/15,UTTAR PRADESH,GHAZIABAD,0.03,-,0.16,10.6969256,2018,Jun,15
2018/06/15,UTTAR PRADESH,ETAH,0.0,-,0.0,12.85732319,2018,Jun,15
2018/06/15,UTTAR PRADESH,BALLIA,0.0,-,0.0,10.41757046,2018,Jun,15
2018/06/15,UTTAR PRADESH,UNNAO,0.0,-,0.0,12.17178034,2018,Jun,15
2018/06/15,UTTAR PRADESH,MAU,0.0,-,0.0,12.12559525,2018,Jun,15
2018/06/15,UTTAR PRADESH,SITAPUR,0.06,-,0.56,13.12494402,2018,Jun,15
2018/06/15,UTTAR PRADESH,PRAYAGRAJ,0.01,-,0.05,9.961076601,2018,Jun,15
2018/06/15,UTTAR PRADESH,BAREILLY,0.05,-,0.33,6.842780175,2018,Jun,15
2018/06/15,UTTAR PRADESH,SHRAWASTI,0.43,-,4.33,27.96507398,2018,Jun,15
2018/06/15,UTTAR PRADESH,SULTANPUR,0.0,-,0.0,15.45174439,2018,Jun,15
2018/06/15,UTTAR PRADESH,GONDA,0.0,-,0.0,20.24203239,2018,Jun,15
2018/06/15,UTTAR PRADESH,GAUTAM BUDDHA NAGAR,0.03,-,0.2,13.56153352,2018,Jun,15
2018/06/15,UTTAR PRADESH,KANSIRAM NAGAR,0.0,-,0.0,8.374023731,2018,Jun,15
2018/06/15,UTTAR PRADESH,MAHARAJGANJ,0.11,-,0.94,27.28253686,2018,Jun,15
2018/06/15,UTTAR PRADESH,MAINPURI,0.0,-,0.0,11.63719632,2018,Jun,15
2018/06/15,UTTAR PRADESH,VARANASI,0.0,-,0.0,11.89236441,2018,Jun,15
2018/06/15,UTTAR PRADESH,AURAIYA,0.0,-,0.0,14.12817223,2018,Jun,15
2018/06/14,UTTAR PRADESH,FARRUKHABAD,0.0,-,0.0,8.451698154,2018,Jun,14
2018/06/14,UTTAR PRADESH,LUCKNOW,0.04,-,0.27,15.96057071,2018,Jun,14
2018/06/14,UTTAR PRADESH,KHERI,0.37,-,2.99,15.91008064,2018,Jun,14
2018/06/14,UTTAR PRADESH,CHANDAULI,0.0,-,0.0,18.33738752,2018,Jun,14
2018/06/14,UTTAR PRADESH,AMBEDKAR NAGAR,0.0,-,0.0,11.69027909,2018,Jun,14
2018/06/14,UTTAR PRADESH,BUDAUN,0.0,-,0.0,4.853256798,2018,Jun,14
2018/06/14,UTTAR PRADESH,BALRAMPUR,0.02,-,0.22,20.31937994,2018,Jun,14
2018/06/14,UTTAR PRADESH,BASTI,0.0,-,0.0,18.47417618,2018,Jun,14
2018/06/14,UTTAR PRADESH,RAMPUR,0.0,-,0.0,10.04741224,2018,Jun,14
2018/06/14,UTTAR PRADESH,MIRZAPUR,0.0,-,0.0,15.43591663,2018,Jun,14
2018/06/14,UTTAR PRADESH,JYOTIBA PHULE NAGAR,0.0,-,0.0,6.570579986,2018,Jun,14
2018/06/14,UTTAR PRADESH,LALITPUR,0.04,-,0.26,13.69174135,2018,Jun,14
2018/06/14,UTTAR PRADESH,MAHAMAYA NAGAR,0.0,-,0.0,16.65871518,2018,Jun,14
2018/06/14,UTTAR PRADESH,MATHURA,0.0,-,0.0,18.56839711,2018,Jun,14
2018/06/14,UTTAR PRADESH,MAHOBA,0.0,-,0.0,9.758139618,2018,Jun,14
2018/06/14,UTTAR PRADESH,CHITRAKOOT,0.04,-,0.37,11.0293074,2018,Jun,14
2018/06/14,UTTAR PRADESH,SAHARANPUR,0.02,-,0.14,12.05254403,2018,Jun,14
2018/06/14,UTTAR PRADESH,KANNAUJ,0.0,-,0.0,15.58856294,2018,Jun,14
2018/06/14,UTTAR PRADESH,SANT KABIR NAGAR,0.0,-,0.0,21.90127947,2018,Jun,14
2018/06/14,UTTAR PRADESH,SONBHADRA,0.05,-,0.32,31.4333846,2018,Jun,14
2018/06/14,UTTAR PRADESH,FATEHPUR,0.02,-,0.19,9.857270025,2018,Jun,14
2018/06/14,UTTAR PRADESH,BARA BANKI,0.0,-,0.0,20.83129538,2018,Jun,14
2018/06/14,UTTAR PRADESH,AZAMGARH,0.0,-,0.0,13.60074184,2018,Jun,14
2018/06/14,UTTAR PRADESH,BAGHPAT,0.0,-,0.0,10.54088097,2018,Jun,14
2018/06/14,UTTAR PRADESH,ALIGARH,0.02,-,0.13,12.01527393,2018,Jun,14
2018/06/14,UTTAR PRADESH,HARDOI,0.0,-,0.0,10.46803625,2018,Jun,14
2018/06/14,UTTAR PRADESH,RAE BARELI,0.0,-,0.0,10.30094672,2018,Jun,14
2018/06/14,UTTAR PRADESH,GHAZIPUR,0.01,-,0.06,13.66465587,2018,Jun,14
2018/06/14,UTTAR PRADESH,KAUSHAMBI,0.01,-,0.08,8.233915077,2018,Jun,14
2018/06/14,UTTAR PRADESH,BULANDSHAHR,0.0,-,0.0,10.05885572,2018,Jun,14
2018/06/14,UTTAR PRADESH,DEORIA,0.0,-,0.0,19.37369152,2018,Jun,14
2018/06/14,UTTAR PRADESH,BAHRAICH,0.61,-,5.89,23.69906041,2018,Jun,14
2018/06/14,UTTAR PRADESH,GORAKHPUR,0.2,-,1.57,24.90887831,2018,Jun,14
2018/06/14,UTTAR PRADESH,BIJNOR,0.32,-,2.9,15.37282828,2018,Jun,14
2018/06/14,UTTAR PRADESH,BANDA,0.0,-,0.0,14.15695575,2018,Jun,14
2018/06/14,UTTAR PRADESH,MUZAFFARNAGAR,0.0,-,0.0,8.050141627,2018,Jun,14
2018/06/14,UTTAR PRADESH,SANT RAVI DAS NAGAR(BHADOHI),0.0,-,0.0,8.142543781,2018,Jun,14
2018/06/14,UTTAR PRADESH,HAMIRPUR,0.0,-,0.0,12.32869798,2018,Jun,14
2018/06/14,UTTAR PRADESH,PRATAPGARH,0.0,-,0.0,11.14562482,2018,Jun,14
2018/06/14,UTTAR PRADESH,ETAWAH,0.0,-,0.03,17.18801936,2018,Jun,14
2018/06/14,UTTAR PRADESH,MORADABAD,0.0,-,0.0,7.375544492,2018,Jun,14
2018/06/14,UTTAR PRADESH,AGRA,0.01,-,0.12,18.26320346,2018,Jun,14
2018/06/14,UTTAR PRADESH,JAUNPUR,0.0,-,0.0,12.91724092,2018,Jun,14
2018/06/14,UTTAR PRADESH,KANPUR NAGAR,0.0,-,0.0,11.26787161,2018,Jun,14
2018/06/14,UTTAR PRADESH,JHANSI,0.0,-,0.0,13.063566,2018,Jun,14
2018/06/14,UTTAR PRADESH,SIDDHARTH NAGAR,0.0,-,0.03,20.10708414,2018,Jun,14
2018/06/14,UTTAR PRADESH,MEERUT,0.13,-,0.8,7.985023271,2018,Jun,14
2018/06/14,UTTAR PRADESH,PILIBHIT,0.78,-,5.25,20.37160345,2018,Jun,14
2018/06/14,UTTAR PRADESH,SHAHJAHANPUR,0.0,-,0.0,6.940774982,2018,Jun,14
2018/06/14,UTTAR PRADESH,KANPUR DEHAT,0.0,-,0.0,12.76017289,2018,Jun,14
2018/06/14,UTTAR PRADESH,FIROZABAD,0.02,-,0.2,17.70235043,2018,Jun,14
2018/06/14,UTTAR PRADESH,AYODHYA,0.0,-,0.0,13.93174443,2018,Jun,14
2018/06/14,UTTAR PRADESH,KUSHINAGAR,0.22,-,2.07,30.62492722,2018,Jun,14
2018/06/14,UTTAR PRADESH,JALAUN,0.0,-,0.0,16.46795132,2018,Jun,14
2018/06/14,UTTAR PRADESH,GHAZIABAD,0.03,-,0.18,10.9777254,2018,Jun,14
2018/06/14,UTTAR PRADESH,ETAH,0.0,-,0.0,13.08772451,2018,Jun,14
2018/06/14,UTTAR PRADESH,BALLIA,0.0,-,0.0,10.54336903,2018,Jun,14
2018/06/14,UTTAR PRADESH,UNNAO,0.0,-,0.0,12.67845544,2018,Jun,14
2018/06/14,UTTAR PRADESH,MAU,0.0,-,0.0,12.54717564,2018,Jun,14
2018/06/14,UTTAR PRADESH,SITAPUR,0.07,-,0.71,13.52016568,2018,Jun,14
2018/06/14,UTTAR PRADESH,PRAYAGRAJ,0.01,-,0.05,10.17051969,2018,Jun,14
2018/06/14,UTTAR PRADESH,BAREILLY,0.05,-,0.36,6.98895482,2018,Jun,14
2018/06/14,UTTAR PRADESH,SHRAWASTI,0.91,-,8.49,30.47247936,2018,Jun,14
2018/06/14,UTTAR PRADESH,SULTANPUR,0.0,-,0.0,15.6957602,2018,Jun,14
2018/06/14,UTTAR PRADESH,GONDA,0.0,-,0.0,21.07641434,2018,Jun,14
2018/06/14,UTTAR PRADESH,GAUTAM BUDDHA NAGAR,0.04,-,0.23,13.90412787,2018,Jun,14
2018/06/14,UTTAR PRADESH,KANSIRAM NAGAR,0.0,-,0.0,8.443284692,2018,Jun,14
2018/06/14,UTTAR PRADESH,MAHARAJGANJ,0.12,-,1.01,28.90878423,2018,Jun,14
2018/06/14,UTTAR PRADESH,MAINPURI,0.0,-,0.0,11.83272823,2018,Jun,14
2018/06/14,UTTAR PRADESH,VARANASI,0.0,-,0.0,12.2133674,2018,Jun,14
2018/06/14,UTTAR PRADESH,AURAIYA,0.0,-,0.0,14.71031728,2018,Jun,14
2018/06/13,UTTAR PRADESH,FARRUKHABAD,0.0,-,0.0,8.637532898,2018,Jun,13
2018/06/13,UTTAR PRADESH,LUCKNOW,0.05,-,0.29,16.09041866,2018,Jun,13
2018/06/13,UTTAR PRADESH,KHERI,0.42,-,3.39,16.29805296,2018,Jun,13
2018/06/13,UTTAR PRADESH,CHANDAULI,0.0,-,0.0,19.05055133,2018,Jun,13
2018/06/13,UTTAR PRADESH,AMBEDKAR NAGAR,0.0,-,0.0,11.8122796,2018,Jun,13
2018/06/13,UTTAR PRADESH,BUDAUN,0.0,-,0.0,4.892115759,2018,Jun,13
2018/06/13,UTTAR PRADESH,BALRAMPUR,0.01,-,0.13,20.80113062,2018,Jun,13
2018/06/13,UTTAR PRADESH,BASTI,0.0,-,0.0,19.6756068,2018,Jun,13
2018/06/13,UTTAR PRADESH,RAMPUR,0.0,-,0.0,9.44528949,2018,Jun,13
2018/06/13,UTTAR PRADESH,MIRZAPUR,0.0,-,0.0,15.96689534,2018,Jun,13
2018/06/13,UTTAR PRADESH,JYOTIBA PHULE NAGAR,0.0,-,0.0,6.623806251,2018,Jun,13
2018/06/13,UTTAR PRADESH,LALITPUR,0.06,-,0.35,14.0969037,2018,Jun,13
2018/06/13,UTTAR PRADESH,MAHAMAYA NAGAR,0.0,-,0.0,16.98169334,2018,Jun,13
2018/06/13,UTTAR PRADESH,MATHURA,0.0,-,0.0,19.25333565,2018,Jun,13
2018/06/13,UTTAR PRADESH,MAHOBA,0.0,-,0.0,9.871428096,2018,Jun,13
2018/06/13,UTTAR PRADESH,CHITRAKOOT,0.05,-,0.5,11.23664838,2018,Jun,13
2018/06/13,UTTAR PRADESH,SAHARANPUR,0.0,-,0.0,10.82203545,2018,Jun,13
2018/06/13,UTTAR PRADESH,KANNAUJ,0.0,-,0.0,16.12049451,2018,Jun,13
2018/06/13,UTTAR PRADESH,SANT KABIR NAGAR,0.02,-,0.11,23.19021917,2018,Jun,13
2018/06/13,UTTAR PRADESH,SONBHADRA,0.42,-,2.53,34.40316103,2018,Jun,13
2018/06/13,UTTAR PRADESH,FATEHPUR,0.03,-,0.23,10.17231631,2018,Jun,13
2018/06/13,UTTAR PRADESH,BARA BANKI,0.0,-,0.0,22.10589924,2018,Jun,13
2018/06/13,UTTAR PRADESH,AZAMGARH,0.0,-,0.0,13.93142411,2018,Jun,13
2018/06/13,UTTAR PRADESH,BAGHPAT,0.0,-,0.0,10.62498153,2018,Jun,13
2018/06/13,UTTAR PRADESH,ALIGARH,0.02,-,0.14,12.18560415,2018,Jun,13
2018/06/13,UTTAR PRADESH,HARDOI,0.0,-,0.0,10.72824018,2018,Jun,13
2018/06/13,UTTAR PRADESH,RAE BARELI,0.0,-,0.0,10.48355062,2018,Jun,13
2018/06/13,UTTAR PRADESH,GHAZIPUR,0.03,-,0.28,14.21423306,2018,Jun,13
2018/06/13,UTTAR PRADESH,KAUSHAMBI,0.01,-,0.1,8.48774711,2018,Jun,13
2018/06/13,UTTAR PRADESH,BULANDSHAHR,0.0,-,0.0,10.13434051,2018,Jun,13
2018/06/13,UTTAR PRADESH,DEORIA,0.0,-,0.02,20.07220432,2018,Jun,13
2018/06/13,UTTAR PRADESH,BAHRAICH,0.7,-,6.67,24.48639025,2018,Jun,13
2018/06/13,UTTAR PRADESH,GORAKHPUR,0.54,-,3.95,25.81074707,2018,Jun,13
2018/06/13,UTTAR PRADESH,BIJNOR,0.04,-,0.3,13.78536765,2018,Jun,13
2018/06/13,UTTAR PRADESH,BANDA,0.0,-,0.0,14.49565075,2018,Jun,13
2018/06/13,UTTAR PRADESH,MUZAFFARNAGAR,0.0,-,0.0,8.114397869,2018,Jun,13
2018/06/13,UTTAR PRADESH,SANT RAVI DAS NAGAR(BHADOHI),0.0,-,0.0,8.209335759,2018,Jun,13
2018/06/13,UTTAR PRADESH,HAMIRPUR,0.0,-,0.0,12.59614182,2018,Jun,13
2018/06/13,UTTAR PRADESH,PRATAPGARH,0.0,-,0.0,11.3289733,2018,Jun,13
2018/06/13,UTTAR PRADESH,ETAWAH,0.01,-,0.06,17.99024717,2018,Jun,13
2018/06/13,UTTAR PRADESH,MORADABAD,0.0,-,0.0,6.883567773,2018,Jun,13
2018/06/13,UTTAR PRADESH,AGRA,0.01,-,0.12,18.94588815,2018,Jun,13
2018/06/13,UTTAR PRADESH,JAUNPUR,0.0,-,0.0,13.24586891,2018,Jun,13
2018/06/13,UTTAR PRADESH,KANPUR NAGAR,0.0,-,0.0,11.59492024,2018,Jun,13
2018/06/13,UTTAR PRADESH,JHANSI,0.0,-,0.0,13.32013326,2018,Jun,13
2018/06/13,UTTAR PRADESH,SIDDHARTH NAGAR,0.0,-,0.04,21.37799601,2018,Jun,13
2018/06/13,UTTAR PRADESH,MEERUT,0.14,-,0.82,8.056740153,2018,Jun,13
2018/06/13,UTTAR PRADESH,PILIBHIT,0.85,-,5.66,20.74694513,2018,Jun,13
2018/06/13,UTTAR PRADESH,SHAHJAHANPUR,0.0,-,0.0,7.001687195,2018,Jun,13
2018/06/13,UTTAR PRADESH,KANPUR DEHAT,0.0,-,0.0,13.18826481,2018,Jun,13
2018/06/13,UTTAR PRADESH,FIROZABAD,0.02,-,0.21,18.33756525,2018,Jun,13
2018/06/13,UTTAR PRADESH,AYODHYA,0.0,-,0.0,14.51958283,2018,Jun,13
2018/06/13,UTTAR PRADESH,KUSHINAGAR,0.33,-,2.99,32.97784314,2018,Jun,13
2018/06/13,UTTAR PRADESH,JALAUN,0.0,-,0.0,16.74864291,2018,Jun,13
2018/06/13,UTTAR PRADESH,GHAZIABAD,0.03,-,0.18,11.30743961,2018,Jun,13
2018/06/13,UTTAR PRADESH,ETAH,0.0,-,0.0,13.34136043,2018,Jun,13
2018/06/13,UTTAR PRADESH,BALLIA,0.0,-,0.0,10.77292431,2018,Jun,13
2018/06/13,UTTAR PRADESH,UNNAO,0.0,-,0.0,12.95256217,2018,Jun,13
2018/06/13,UTTAR PRADESH,MAU,0.0,-,0.0,13.01047849,2018,Jun,13
2018/06/13,UTTAR PRADESH,SITAPUR,0.09,-,0.82,13.91866729,2018,Jun,13
2018/06/13,UTTAR PRADESH,PRAYAGRAJ,0.01,-,0.06,10.44227488,2018,Jun,13
2018/06/13,UTTAR PRADESH,BAREILLY,0.06,-,0.38,6.787375392,2018,Jun,13
2018/06/13,UTTAR PRADESH,SHRAWASTI,0.37,-,3.57,25.71882068,2018,Jun,13
2018/06/13,UTTAR PRADESH,SULTANPUR,0.0,-,0.0,15.98899696,2018,Jun,13
2018/06/13,UTTAR PRADESH,GONDA,0.01,-,0.08,22.13888083,2018,Jun,13
2018/06/13,UTTAR PRADESH,GAUTAM BUDDHA NAGAR,0.04,-,0.26,14.30269502,2018,Jun,13
2018/06/13,UTTAR PRADESH,KANSIRAM NAGAR,0.0,-,0.0,8.539608955,2018,Jun,13
2018/06/13,UTTAR PRADESH,MAHARAJGANJ,0.51,-,3.8,31.7681063,2018,Jun,13
2018/06/13,UTTAR PRADESH,MAINPURI,0.0,-,0.0,12.05959247,2018,Jun,13
2018/06/13,UTTAR PRADESH,VARANASI,0.0,-,0.0,12.55955635,2018,Jun,13
2018/06/13,UTTAR PRADESH,AURAIYA,0.0,-,0.0,15.37796053,2018,Jun,13
2018/06/12,UTTAR PRADESH,FARRUKHABAD,0.0,-,0.0,8.861692575,2018,Jun,12
2018/06/12,UTTAR PRADESH,LUCKNOW,0.05,-,0.31,16.69128671,2018,Jun,12
2018/06/12,UTTAR PRADESH,KHERI,0.38,-,3.13,16.32836122,2018,Jun,12
2018/06/12,UTTAR PRADESH,CHANDAULI,0.0,-,0.01,19.41520701,2018,Jun,12
2018/06/12,UTTAR PRADESH,AMBEDKAR NAGAR,0.0,-,0.0,9.933803682,2018,Jun,12
2018/06/12,UTTAR PRADESH,BUDAUN,0.0,-,0.0,4.94816995,2018,Jun,12
2018/06/12,UTTAR PRADESH,BALRAMPUR,0.01,-,0.09,17.47917059,2018,Jun,12
2018/06/12,UTTAR PRADESH,BASTI,0.0,-,0.0,13.63657498,2018,Jun,12
2018/06/12,UTTAR PRADESH,RAMPUR,0.0,-,0.0,9.626712224,2018,Jun,12
2018/06/12,UTTAR PRADESH,MIRZAPUR,0.0,-,0.0,15.82518432,2018,Jun,12
2018/06/12,UTTAR PRADESH,JYOTIBA PHULE NAGAR,0.0,-,0.0,6.71752518,2018,Jun,12
2018/06/12,UTTAR PRADESH,LALITPUR,0.09,-,0.52,14.58779607,2018,Jun,12
2018/06/12,UTTAR PRADESH,MAHAMAYA NAGAR,0.0,-,0.0,17.34586615,2018,Jun,12
2018/06/12,UTTAR PRADESH,MATHURA,0.0,-,0.0,20.02676426,2018,Jun,12
2018/06/12,UTTAR PRADESH,MAHOBA,0.0,-,0.0,10.01199541,2018,Jun,12
2018/06/12,UTTAR PRADESH,CHITRAKOOT,0.06,-,0.6,11.34862255,2018,Jun,12
2018/06/12,UTTAR PRADESH,SAHARANPUR,0.0,-,0.0,11.06091873,2018,Jun,12
2018/06/12,UTTAR PRADESH,KANNAUJ,0.01,-,0.05,16.74114326,2018,Jun,12
2018/06/12,UTTAR PRADESH,SANT KABIR NAGAR,0.0,-,0.0,13.81593992,2018,Jun,12
2018/06/12,UTTAR PRADESH,SONBHADRA,0.04,-,0.21,28.15803772,2018,Jun,12
2018/06/12,UTTAR PRADESH,FATEHPUR,0.04,-,0.29,10.52620066,2018,Jun,12
2018/06/12,UTTAR PRADESH,BARA BANKI,0.0,-,0.0,20.50884706,2018,Jun,12
2018/06/12,UTTAR PRADESH,AZAMGARH,0.0,-,0.0,12.16228767,2018,Jun,12
2018/06/12,UTTAR PRADESH,BAGHPAT,0.0,-,0.0,10.72957457,2018,Jun,12
2018/06/12,UTTAR PRADESH,ALIGARH,0.02,-,0.15,12.39141673,2018,Jun,12
2018/06/12,UTTAR PRADESH,HARDOI,0.0,-,0.0,11.036784,2018,Jun,12
2018/06/12,UTTAR PRADESH,RAE BARELI,0.0,-,0.0,10.76894305,2018,Jun,12
2018/06/12,UTTAR PRADESH,GHAZIPUR,0.07,-,0.66,15.01520471,2018,Jun,12
2018/06/12,UTTAR PRADESH,KAUSHAMBI,0.02,-,0.15,8.753861882,2018,Jun,12
2018/06/12,UTTAR PRADESH,BULANDSHAHR,0.0,-,0.0,10.22000236,2018,Jun,12
2018/06/12,UTTAR PRADESH,DEORIA,0.01,-,0.07,15.76327543,2018,Jun,12
2018/06/12,UTTAR PRADESH,BAHRAICH,0.72,-,6.85,20.84035092,2018,Jun,12
2018/06/12,UTTAR PRADESH,GORAKHPUR,0.09,-,0.6,13.97549075,2018,Jun,12
2018/06/12,UTTAR PRADESH,BIJNOR,0.05,-,0.47,14.22979806,2018,Jun,12
2018/06/12,UTTAR PRADESH,BANDA,0.0,-,0.0,14.89888001,2018,Jun,12
2018/06/12,UTTAR PRADESH,MUZAFFARNAGAR,0.0,-,0.0,8.199506861,2018,Jun,12
2018/06/12,UTTAR PRADESH,SANT RAVI DAS NAGAR(BHADOHI),0.0,-,0.0,8.263433373,2018,Jun,12
2018/06/12,UTTAR PRADESH,HAMIRPUR,0.0,-,0.0,12.90499197,2018,Jun,12
2018/06/12,UTTAR PRADESH,PRATAPGARH,0.0,-,0.0,11.546991,2018,Jun,12
2018/06/12,UTTAR PRADESH,ETAWAH,0.01,-,0.08,18.93127711,2018,Jun,12
2018/06/12,UTTAR PRADESH,MORADABAD,0.0,-,0.0,6.939985794,2018,Jun,12
2018/06/12,UTTAR PRADESH,AGRA,0.01,-,0.13,19.73607994,2018,Jun,12
2018/06/12,UTTAR PRADESH,JAUNPUR,0.0,-,0.0,13.72315365,2018,Jun,12
2018/06/12,UTTAR PRADESH,KANPUR NAGAR,0.0,-,0.0,11.99183733,2018,Jun,12
2018/06/12,UTTAR PRADESH,JHANSI,0.0,-,0.0,13.62965287,2018,Jun,12
2018/06/12,UTTAR PRADESH,SIDDHARTH NAGAR,0.0,-,0.04,17.26721317,2018,Jun,12
2018/06/12,UTTAR PRADESH,MEERUT,0.14,-,0.86,8.164517294,2018,Jun,12
2018/06/12,UTTAR PRADESH,PILIBHIT,0.74,-,5.07,20.17378943,2018,Jun,12
2018/06/12,UTTAR PRADESH,SHAHJAHANPUR,0.0,-,0.0,7.101710207,2018,Jun,12
2018/06/12,UTTAR PRADESH,KANPUR DEHAT,0.0,-,0.0,13.71763147,2018,Jun,12
2018/06/12,UTTAR PRADESH,FIROZABAD,0.02,-,0.23,19.06790224,2018,Jun,12
2018/06/12,UTTAR PRADESH,AYODHYA,0.0,-,0.0,12.99600498,2018,Jun,12
2018/06/12,UTTAR PRADESH,KUSHINAGAR,0.22,-,2.04,28.12256857,2018,Jun,12
2018/06/12,UTTAR PRADESH,JALAUN,0.0,-,0.0,17.07556032,2018,Jun,12
2018/06/12,UTTAR PRADESH,GHAZIABAD,0.03,-,0.2,11.7112955,2018,Jun,12
2018/06/12,UTTAR PRADESH,ETAH,0.0,-,0.0,13.63395341,2018,Jun,12
2018/06/12,UTTAR PRADESH,BALLIA,0.0,-,0.01,10.962325,2018,Jun,12
2018/06/12,UTTAR PRADESH,UNNAO,0.0,-,0.01,13.52066858,2018,Jun,12
2018/06/12,UTTAR PRADESH,MAU,0.0,-,0.0,9.981164645,2018,Jun,12
2018/06/12,UTTAR PRADESH,SITAPUR,0.09,-,0.86,13.87884277,2018,Jun,12
2018/06/12,UTTAR PRADESH,PRAYAGRAJ,0.01,-,0.07,10.08725101,2018,Jun,12
2018/06/12,UTTAR PRADESH,BAREILLY,0.06,-,0.41,6.949259094,2018,Jun,12
2018/06/12,UTTAR PRADESH,SHRAWASTI,0.25,-,2.57,20.22790749,2018,Jun,12
2018/06/12,UTTAR PRADESH,SULTANPUR,0.0,-,0.0,16.317928,2018,Jun,12
2018/06/12,UTTAR PRADESH,GONDA,0.0,-,0.0,10.79716669,2018,Jun,12
2018/06/12,UTTAR PRADESH,GAUTAM BUDDHA NAGAR,0.04,-,0.28,14.77303189,2018,Jun,12
2018/06/12,UTTAR PRADESH,KANSIRAM NAGAR,0.0,-,0.0,8.644944157,2018,Jun,12
2018/06/12,UTTAR PRADESH,MAHARAJGANJ,0.1,-,0.89,24.11667125,2018,Jun,12
2018/06/12,UTTAR PRADESH,MAINPURI,0.0,-,0.0,12.34536212,2018,Jun,12
2018/06/12,UTTAR PRADESH,VARANASI,0.0,-,0.0,13.02139675,2018,Jun,12
2018/06/12,UTTAR PRADESH,AURAIYA,0.0,-,0.0,16.18701934,2018,Jun,12
2018/06/11,UTTAR PRADESH,FARRUKHABAD,0.0,-,0.0,9.094100547,2018,Jun,11
2018/06/11,UTTAR PRADESH,LUCKNOW,0.05,-,0.34,17.31549736,2018,Jun,11
2018/06/11,UTTAR PRADESH,KHERI,0.42,-,3.45,16.99463944,2018,Jun,11
2018/06/11,UTTAR PRADESH,CHANDAULI,0.01,-,0.04,19.76382176,2018,Jun,11
2018/06/11,UTTAR PRADESH,AMBEDKAR NAGAR,0.0,-,0.0,9.961955454,2018,Jun,11
2018/06/11,UTTAR PRADESH,BUDAUN,0.0,-,0.0,5.036150565,2018,Jun,11
2018/06/11,UTTAR PRADESH,BALRAMPUR,0.01,-,0.09,18.25334388,2018,Jun,11
2018/06/11,UTTAR PRADESH,BASTI,0.0,-,0.0,14.12114393,2018,Jun,11
2018/06/11,UTTAR PRADESH,RAMPUR,0.0,-,0.0,9.757418584,2018,Jun,11
2018/06/11,UTTAR PRADESH,MIRZAPUR,0.0,-,0.03,16.18539143,2018,Jun,11
2018/06/11,UTTAR PRADESH,JYOTIBA PHULE NAGAR,0.0,-,0.0,6.811214725,2018,Jun,11
2018/06/11,UTTAR PRADESH,LALITPUR,0.13,-,0.81,15.11280623,2018,Jun,11
2018/06/11,UTTAR PRADESH,MAHAMAYA NAGAR,0.0,-,0.0,17.697135,2018,Jun,11
2018/06/11,UTTAR PRADESH,MATHURA,0.0,-,0.0,20.72669095,2018,Jun,11
2018/06/11,UTTAR PRADESH,MAHOBA,0.0,-,0.0,10.14798245,2018,Jun,11
2018/06/11,UTTAR PRADESH,CHITRAKOOT,0.07,-,0.67,11.57014791,2018,Jun,11
2018/06/11,UTTAR PRADESH,SAHARANPUR,0.0,-,0.0,11.22307697,2018,Jun,11
2018/06/11,UTTAR PRADESH,KANNAUJ,0.03,-,0.2,17.39257191,2018,Jun,11
2018/06/11,UTTAR PRADESH,SANT KABIR NAGAR,0.0,-,0.0,14.50949013,2018,Jun,11
2018/06/11,UTTAR PRADESH,SONBHADRA,0.04,-,0.23,28.90829087,2018,Jun,11
2018/06/11,UTTAR PRADESH,FATEHPUR,0.04,-,0.32,10.86172051,2018,Jun,11
2018/06/11,UTTAR PRADESH,BARA BANKI,0.0,-,0.0,21.4171219,2018,Jun,11
2018/06/11,UTTAR PRADESH,AZAMGARH,0.0,-,0.0,12.3271998,2018,Jun,11
2018/06/11,UTTAR PRADESH,BAGHPAT,0.0,-,0.0,10.8523484,2018,Jun,11
2018/06/11,UTTAR PRADESH,ALIGARH,0.03,-,0.15,12.59322594,2018,Jun,11
2018/06/11,UTTAR PRADESH,HARDOI,0.0,-,0.0,11.34435855,2018,Jun,11
2018/06/11,UTTAR PRADESH,RAE BARELI,0.0,-,0.0,10.94328808,2018,Jun,11
2018/06/11,UTTAR PRADESH,GHAZIPUR,0.11,-,1.01,15.45850056,2018,Jun,11
2018/06/11,UTTAR PRADESH,KAUSHAMBI,0.03,-,0.19,9.019909991,2018,Jun,11
2018/06/11,UTTAR PRADESH,BULANDSHAHR,0.0,-,0.0,10.31536822,2018,Jun,11
2018/06/11,UTTAR PRADESH,DEORIA,0.0,-,0.0,15.33392177,2018,Jun,11
2018/06/11,UTTAR PRADESH,BAHRAICH,0.82,-,7.71,21.82314995,2018,Jun,11
2018/06/11,UTTAR PRADESH,GORAKHPUR,0.09,-,0.62,14.45641431,2018,Jun,11
2018/06/11,UTTAR PRADESH,BIJNOR,0.07,-,0.64,14.60328248,2018,Jun,11
2018/06/11,UTTAR PRADESH,BANDA,0.0,-,0.0,15.25158298,2018,Jun,11
2018/06/11,UTTAR PRADESH,MUZAFFARNAGAR,0.0,-,0.0,8.266639591,2018,Jun,11
2018/06/11,UTTAR PRADESH,SANT RAVI DAS NAGAR(BHADOHI),0.0,-,0.0,8.326855046,2018,Jun,11
2018/06/11,UTTAR PRADESH,HAMIRPUR,0.0,-,0.0,13.20941835,2018,Jun,11
2018/06/11,UTTAR PRADESH,PRATAPGARH,0.0,-,0.0,11.72341832,2018,Jun,11
2018/06/11,UTTAR PRADESH,ETAWAH,0.01,-,0.09,19.84234492,2018,Jun,11
2018/06/11,UTTAR PRADESH,MORADABAD,0.0,-,0.0,6.98830839,2018,Jun,11
2018/06/11,UTTAR PRADESH,AGRA,0.02,-,0.13,20.49241165,2018,Jun,11
2018/06/11,UTTAR PRADESH,JAUNPUR,0.0,-,0.0,14.11652967,2018,Jun,11
2018/06/11,UTTAR PRADESH,KANPUR NAGAR,0.0,-,0.0,12.37187846,2018,Jun,11
2018/06/11,UTTAR PRADESH,JHANSI,0.0,-,0.0,13.93690432,2018,Jun,11
2018/06/11,UTTAR PRADESH,SIDDHARTH NAGAR,0.0,-,0.05,18.03938776,2018,Jun,11
2018/06/11,UTTAR PRADESH,MEERUT,0.14,-,0.88,8.240943452,2018,Jun,11
2018/06/11,UTTAR PRADESH,PILIBHIT,0.81,-,5.52,21.07302385,2018,Jun,11
2018/06/11,UTTAR PRADESH,SHAHJAHANPUR,0.0,-,0.01,7.204298095,2018,Jun,11
2018/06/11,UTTAR PRADESH,KANPUR DEHAT,0.0,-,0.0,14.24783548,2018,Jun,11
2018/06/11,UTTAR PRADESH,FIROZABAD,0.03,-,0.24,19.74214252,2018,Jun,11
2018/06/11,UTTAR PRADESH,AYODHYA,0.0,-,0.0,13.36731085,2018,Jun,11
2018/06/11,UTTAR PRADESH,KUSHINAGAR,0.22,-,2.11,28.09181227,2018,Jun,11
2018/06/11,UTTAR PRADESH,JALAUN,0.0,-,0.0,17.39021185,2018,Jun,11
2018/06/11,UTTAR PRADESH,GHAZIABAD,0.03,-,0.21,12.11099019,2018,Jun,11
2018/06/11,UTTAR PRADESH,ETAH,0.0,-,0.0,13.90764524,2018,Jun,11
2018/06/11,UTTAR PRADESH,BALLIA,0.0,-,0.01,10.69659412,2018,Jun,11
2018/06/11,UTTAR PRADESH,UNNAO,0.0,-,0.05,14.04377219,2018,Jun,11
2018/06/11,UTTAR PRADESH,MAU,0.0,-,0.0,10.04752928,2018,Jun,11
2018/06/11,UTTAR PRADESH,SITAPUR,0.1,-,0.98,14.37088917,2018,Jun,11
2018/06/11,UTTAR PRADESH,PRAYAGRAJ,0.01,-,0.08,10.32886366,2018,Jun,11
2018/06/11,UTTAR PRADESH,BAREILLY,0.06,-,0.43,7.087416041,2018,Jun,11
2018/06/11,UTTAR PRADESH,SHRAWASTI,0.29,-,2.91,20.97265971,2018,Jun,11
2018/06/11,UTTAR PRADESH,SULTANPUR,0.0,-,0.0,16.63494565,2018,Jun,11
2018/06/11,UTTAR PRADESH,GONDA,0.0,-,0.0,10.89264086,2018,Jun,11
2018/06/11,UTTAR PRADESH,GAUTAM BUDDHA NAGAR,0.05,-,0.3,15.24400693,2018,Jun,11
2018/06/11,UTTAR PRADESH,KANSIRAM NAGAR,0.0,-,0.0,8.768171144,2018,Jun,11
2018/06/11,UTTAR PRADESH,MAHARAJGANJ,0.1,-,0.92,24.28822328,2018,Jun,11
2018/06/11,UTTAR PRADESH,MAINPURI,0.0,-,0.0,12.62447506,2018,Jun,11
2018/06/11,UTTAR PRADESH,VARANASI,0.0,-,0.0,12.86767472,2018,Jun,11
2018/06/11,UTTAR PRADESH,AURAIYA,0.0,-,0.0,16.98483984,2018,Jun,11
2018/06/10,UTTAR PRADESH,FARRUKHABAD,0.09,-,0.57,9.523729835,2018,Jun,10
2018/06/10,UTTAR PRADESH,LUCKNOW,0.06,-,0.37,18.37699698,2018,Jun,10
2018/06/10,UTTAR PRADESH,KHERI,0.48,-,3.89,18.03031316,2018,Jun,10
2018/06/10,UTTAR PRADESH,CHANDAULI,0.02,-,0.18,20.92341827,2018,Jun,10
2018/06/10,UTTAR PRADESH,AMBEDKAR NAGAR,0.0,-,0.0,10.00195685,2018,Jun,10
2018/06/10,UTTAR PRADESH,BUDAUN,0.0,-,0.01,5.210709078,2018,Jun,10
2018/06/10,UTTAR PRADESH,BALRAMPUR,0.01,-,0.09,19.34498274,2018,Jun,10
2018/06/10,UTTAR PRADESH,BASTI,0.0,-,0.0,14.74794999,2018,Jun,10
2018/06/10,UTTAR PRADESH,RAMPUR,0.0,-,0.0,9.99251166,2018,Jun,10
2018/06/10,UTTAR PRADESH,MIRZAPUR,0.01,-,0.07,16.88357833,2018,Jun,10
2018/06/10,UTTAR PRADESH,JYOTIBA PHULE NAGAR,0.0,-,0.0,7.049347434,2018,Jun,10
2018/06/10,UTTAR PRADESH,LALITPUR,0.16,-,1.0,15.25160024,2018,Jun,10
2018/06/10,UTTAR PRADESH,MAHAMAYA NAGAR,0.0,-,0.0,18.1500623,2018,Jun,10
2018/06/10,UTTAR PRADESH,MATHURA,0.0,-,0.0,21.59050077,2018,Jun,10
2018/06/10,UTTAR PRADESH,MAHOBA,0.0,-,0.0,10.31208056,2018,Jun,10
2018/06/10,UTTAR PRADESH,CHITRAKOOT,0.08,-,0.77,11.89336793,2018,Jun,10
2018/06/10,UTTAR PRADESH,SAHARANPUR,0.0,-,0.0,11.48876584,2018,Jun,10
2018/06/10,UTTAR PRADESH,KANNAUJ,0.24,-,1.56,18.51792658,2018,Jun,10
2018/06/10,UTTAR PRADESH,SANT KABIR NAGAR,0.0,-,0.0,15.33532353,2018,Jun,10
2018/06/10,UTTAR PRADESH,SONBHADRA,0.09,-,0.53,30.29850629,2018,Jun,10
2018/06/10,UTTAR PRADESH,FATEHPUR,0.05,-,0.41,11.32420769,2018,Jun,10
2018/06/10,UTTAR PRADESH,BARA BANKI,0.0,-,0.0,22.81915073,2018,Jun,10
2018/06/10,UTTAR PRADESH,AZAMGARH,0.0,-,0.0,12.64038939,2018,Jun,10
2018/06/10,UTTAR PRADESH,BAGHPAT,0.0,-,0.0,11.05666094,2018,Jun,10
2018/06/10,UTTAR PRADESH,ALIGARH,0.03,-,0.16,12.83658422,2018,Jun,10
2018/06/10,UTTAR PRADESH,HARDOI,0.0,-,0.03,11.74797283,2018,Jun,10
2018/06/10,UTTAR PRADESH,RAE BARELI,0.0,-,0.0,11.29938544,2018,Jun,10
2018/06/10,UTTAR PRADESH,GHAZIPUR,0.14,-,1.25,16.10255944,2018,Jun,10
2018/06/10,UTTAR PRADESH,KAUSHAMBI,0.04,-,0.26,9.420621546,2018,Jun,10
2018/06/10,UTTAR PRADESH,BULANDSHAHR,0.0,-,0.0,10.44735899,2018,Jun,10
2018/06/10,UTTAR PRADESH,DEORIA,0.0,-,0.0,15.16082338,2018,Jun,10
2018/06/10,UTTAR PRADESH,BAHRAICH,0.96,-,8.81,23.21765851,2018,Jun,10
2018/06/10,UTTAR PRADESH,GORAKHPUR,0.09,-,0.64,15.12918579,2018,Jun,10
2018/06/10,UTTAR PRADESH,BIJNOR,0.13,-,1.14,15.3601218,2018,Jun,10
2018/06/10,UTTAR PRADESH,BANDA,0.0,-,0.0,15.76609861,2018,Jun,10
2018/06/10,UTTAR PRADESH,MUZAFFARNAGAR,0.0,-,0.0,8.390047572,2018,Jun,10
2018/06/10,UTTAR PRADESH,SANT RAVI DAS NAGAR(BHADOHI),0.0,-,0.0,8.430121986,2018,Jun,10
2018/06/10,UTTAR PRADESH,HAMIRPUR,0.0,-,0.0,13.57347965,2018,Jun,10
2018/06/10,UTTAR PRADESH,PRATAPGARH,0.0,-,0.0,11.99087502,2018,Jun,10
2018/06/10,UTTAR PRADESH,ETAWAH,0.01,-,0.11,21.03637716,2018,Jun,10
2018/06/10,UTTAR PRADESH,MORADABAD,0.0,-,0.0,7.08849713,2018,Jun,10
2018/06/10,UTTAR PRADESH,AGRA,0.02,-,0.16,21.45027054,2018,Jun,10
2018/06/10,UTTAR PRADESH,JAUNPUR,0.0,-,0.0,14.7105546,2018,Jun,10
2018/06/10,UTTAR PRADESH,KANPUR NAGAR,0.0,-,0.02,12.87337141,2018,Jun,10
2018/06/10,UTTAR PRADESH,JHANSI,0.0,-,0.0,14.307433,2018,Jun,10
2018/06/10,UTTAR PRADESH,SIDDHARTH NAGAR,0.01,-,0.06,19.11151806,2018,Jun,10
2018/06/10,UTTAR PRADESH,MEERUT,0.15,-,0.89,8.375153336,2018,Jun,10
2018/06/10,UTTAR PRADESH,PILIBHIT,1.0,-,6.81,22.75721666,2018,Jun,10
2018/06/10,UTTAR PRADESH,SHAHJAHANPUR,0.0,-,0.02,7.371061988,2018,Jun,10
2018/06/10,UTTAR PRADESH,KANPUR DEHAT,0.0,-,0.0,14.96881153,2018,Jun,10
2018/06/10,UTTAR PRADESH,FIROZABAD,0.03,-,0.26,20.57355735,2018,Jun,10
2018/06/10,UTTAR PRADESH,AYODHYA,0.0,-,0.0,13.9001803,2018,Jun,10
2018/06/10,UTTAR PRADESH,KUSHINAGAR,0.24,-,2.28,29.5095523,2018,Jun,10
2018/06/10,UTTAR PRADESH,JALAUN,0.0,-,0.0,17.76574312,2018,Jun,10
2018/06/10,UTTAR PRADESH,GHAZIABAD,0.04,-,0.22,12.65886225,2018,Jun,10
2018/06/10,UTTAR PRADESH,ETAH,0.0,-,0.0,14.2445429,2018,Jun,10
2018/06/10,UTTAR PRADESH,BALLIA,0.0,-,0.01,10.20187718,2018,Jun,10
2018/06/10,UTTAR PRADESH,UNNAO,0.01,-,0.11,14.73132229,2018,Jun,10
2018/06/10,UTTAR PRADESH,MAU,0.0,-,0.0,10.04949823,2018,Jun,10
2018/06/10,UTTAR PRADESH,SITAPUR,0.15,-,1.33,15.13537897,2018,Jun,10
2018/06/10,UTTAR PRADESH,PRAYAGRAJ,0.01,-,0.09,10.66868977,2018,Jun,10
2018/06/10,UTTAR PRADESH,BAREILLY,0.09,-,0.6,7.335712804,2018,Jun,10
2018/06/10,UTTAR PRADESH,SHRAWASTI,0.37,-,3.7,22.0797043,2018,Jun,10
2018/06/10,UTTAR PRADESH,SULTANPUR,0.0,-,0.0,17.110257,2018,Jun,10
2018/06/10,UTTAR PRADESH,GONDA,0.0,-,0.0,11.0464519,2018,Jun,10
2018/06/10,UTTAR PRADESH,GAUTAM BUDDHA NAGAR,0.05,-,0.33,15.82147542,2018,Jun,10
2018/06/10,UTTAR PRADESH,KANSIRAM NAGAR,0.0,-,0.02,8.925532535,2018,Jun,10
2018/06/10,UTTAR PRADESH,MAHARAJGANJ,0.11,-,0.97,25.48059109,2018,Jun,10
2018/06/10,UTTAR PRADESH,MAINPURI,0.0,-,0.0,13.02343423,2018,Jun,10
2018/06/10,UTTAR PRADESH,VARANASI,0.0,-,0.04,13.40535285,2018,Jun,10
2018/06/10,UTTAR PRADESH,AURAIYA,0.0,-,0.0,18.01957418,2018,Jun,10
2018/06/09,UTTAR PRADESH,FARRUKHABAD,0.0,-,0.0,6.128839843,2018,Jun,9
2018/06/09,UTTAR PRADESH,LUCKNOW,0.06,-,0.38,18.85389981,2018,Jun,9
2018/06/09,UTTAR PRADESH,KHERI,0.71,-,5.46,19.03625268,2018,Jun,9
2018/06/09,UTTAR PRADESH,CHANDAULI,0.0,-,0.03,18.90866135,2018,Jun,9
2018/06/09,UTTAR PRADESH,AMBEDKAR NAGAR,0.0,-,0.0,7.509295177,2018,Jun,9
2018/06/09,UTTAR PRADESH,BUDAUN,0.0,-,0.01,5.363249759,2018,Jun,9
2018/06/09,UTTAR PRADESH,BALRAMPUR,0.01,-,0.09,17.69913934,2018,Jun,9
2018/06/09,UTTAR PRADESH,BASTI,0.0,-,0.0,12.85737921,2018,Jun,9
2018/06/09,UTTAR PRADESH,RAMPUR,0.0,-,0.0,9.66261091,2018,Jun,9
2018/06/09,UTTAR PRADESH,MIRZAPUR,0.0,-,0.0,12.08495625,2018,Jun,9
2018/06/09,UTTAR PRADESH,JYOTIBA PHULE NAGAR,0.0,-,0.0,7.275283136,2018,Jun,9
2018/06/09,UTTAR PRADESH,LALITPUR,0.24,-,1.46,14.92277742,2018,Jun,9
2018/06/09,UTTAR PRADESH,MAHAMAYA NAGAR,0.0,-,0.0,14.4888405,2018,Jun,9
2018/06/09,UTTAR PRADESH,MATHURA,0.0,-,0.0,17.18702359,2018,Jun,9
2018/06/09,UTTAR PRADESH,MAHOBA,0.0,-,0.0,10.44260919,2018,Jun,9
2018/06/09,UTTAR PRADESH,CHITRAKOOT,0.09,-,0.8,12.06879514,2018,Jun,9
2018/06/09,UTTAR PRADESH,SAHARANPUR,0.0,-,0.0,11.64846149,2018,Jun,9
2018/06/09,UTTAR PRADESH,KANNAUJ,0.0,-,0.01,12.67603689,2018,Jun,9
2018/06/09,UTTAR PRADESH,SANT KABIR NAGAR,0.0,-,0.0,14.74553331,2018,Jun,9
2018/06/09,UTTAR PRADESH,SONBHADRA,0.04,-,0.23,25.46901134,2018,Jun,9
2018/06/09,UTTAR PRADESH,FATEHPUR,0.06,-,0.49,11.65735758,2018,Jun,9
2018/06/09,UTTAR PRADESH,BARA BANKI,0.0,-,0.0,22.92600421,2018,Jun,9
2018/06/09,UTTAR PRADESH,AZAMGARH,0.0,-,0.0,10.26452686,2018,Jun,9
2018/06/09,UTTAR PRADESH,BAGHPAT,0.0,-,0.0,11.12399523,2018,Jun,9
2018/06/09,UTTAR PRADESH,ALIGARH,0.03,-,0.17,12.04212318,2018,Jun,9
2018/06/09,UTTAR PRADESH,HARDOI,0.0,-,0.0,10.3062034,2018,Jun,9
2018/06/09,UTTAR PRADESH,RAE BARELI,0.0,-,0.0,10.6491443,2018,Jun,9
2018/06/09,UTTAR PRADESH,GHAZIPUR,0.07,-,0.69,13.58186928,2018,Jun,9
2018/06/09,UTTAR PRADESH,KAUSHAMBI,0.04,-,0.28,8.023726483,2018,Jun,9
2018/06/09,UTTAR PRADESH,BULANDSHAHR,0.0,-,0.0,10.55945623,2018,Jun,9
2018/06/09,UTTAR PRADESH,DEORIA,0.0,-,0.0,14.96248084,2018,Jun,9
2018/06/09,UTTAR PRADESH,BAHRAICH,0.97,-,8.88,23.44432052,2018,Jun,9
2018/06/09,UTTAR PRADESH,GORAKHPUR,0.09,-,0.65,14.72113854,2018,Jun,9
2018/06/09,UTTAR PRADESH,BIJNOR,0.45,-,3.74,16.36207759,2018,Jun,9
2018/06/09,UTTAR PRADESH,BANDA,0.0,-,0.01,16.26508949,2018,Jun,9
2018/06/09,UTTAR PRADESH,MUZAFFARNAGAR,0.0,-,0.0,8.48223624,2018,Jun,9
2018/06/09,UTTAR PRADESH,SANT RAVI DAS NAGAR(BHADOHI),0.0,-,0.0,5.002907444,2018,Jun,9
2018/06/09,UTTAR PRADESH,HAMIRPUR,0.0,-,0.0,13.93346094,2018,Jun,9
2018/06/09,UTTAR PRADESH,PRATAPGARH,0.0,-,0.0,9.795843034,2018,Jun,9
2018/06/09,UTTAR PRADESH,ETAWAH,0.01,-,0.12,20.70853877,2018,Jun,9
2018/06/09,UTTAR PRADESH,MORADABAD,0.0,-,0.0,7.141279611,2018,Jun,9
2018/06/09,UTTAR PRADESH,AGRA,0.02,-,0.14,16.02514887,2018,Jun,9
2018/06/09,UTTAR PRADESH,JAUNPUR,0.0,-,0.0,12.0376779,2018,Jun,9
2018/06/09,UTTAR PRADESH,KANPUR NAGAR,0.0,-,0.03,13.23804178,2018,Jun,9
2018/06/09,UTTAR PRADESH,JHANSI,0.0,-,0.0,14.11228514,2018,Jun,9
2018/06/09,UTTAR PRADESH,SIDDHARTH NAGAR,0.01,-,0.05,18.30820891,2018,Jun,9
2018/06/09,UTTAR PRADESH,MEERUT,0.15,-,0.92,8.443668174,2018,Jun,9
2018/06/09,UTTAR PRADESH,PILIBHIT,1.66,-,10.9,23.88381876,2018,Jun,9
2018/06/09,UTTAR PRADESH,SHAHJAHANPUR,0.03,-,0.18,7.460428235,2018,Jun,9
2018/06/09,UTTAR PRADESH,KANPUR DEHAT,0.0,-,0.0,15.55549011,2018,Jun,9
2018/06/09,UTTAR PRADESH,FIROZABAD,0.03,-,0.26,15.70833548,2018,Jun,9
2018/06/09,UTTAR PRADESH,AYODHYA,0.0,-,0.0,11.48172162,2018,Jun,9
2018/06/09,UTTAR PRADESH,KUSHINAGAR,0.23,-,2.21,30.3365154,2018,Jun,9
2018/06/09,UTTAR PRADESH,JALAUN,0.0,-,0.0,18.05324454,2018,Jun,9
2018/06/09,UTTAR PRADESH,GHAZIABAD,0.04,-,0.24,12.82582285,2018,Jun,9
2018/06/09,UTTAR PRADESH,ETAH,0.0,-,0.0,11.09400761,2018,Jun,9
2018/06/09,UTTAR PRADESH,BALLIA,0.0,-,0.01,9.293883951,2018,Jun,9
2018/06/09,UTTAR PRADESH,UNNAO,0.01,-,0.13,15.05947082,2018,Jun,9
2018/06/09,UTTAR PRADESH,MAU,0.0,-,0.0,8.054284774,2018,Jun,9
2018/06/09,UTTAR PRADESH,SITAPUR,0.1,-,0.92,14.2737118,2018,Jun,9
2018/06/09,UTTAR PRADESH,PRAYAGRAJ,0.01,-,0.09,5.888489203,2018,Jun,9
2018/06/09,UTTAR PRADESH,BAREILLY,0.08,-,0.55,6.481589188,2018,Jun,9
2018/06/09,UTTAR PRADESH,SHRAWASTI,0.39,-,3.82,21.10768364,2018,Jun,9
2018/06/09,UTTAR PRADESH,SULTANPUR,0.0,-,0.0,14.18249594,2018,Jun,9
2018/06/09,UTTAR PRADESH,GONDA,0.0,-,0.0,8.979900944,2018,Jun,9
2018/06/09,UTTAR PRADESH,GAUTAM BUDDHA NAGAR,0.06,-,0.36,16.20280807,2018,Jun,9
2018/06/09,UTTAR PRADESH,KANSIRAM NAGAR,0.0,-,0.04,8.821043733,2018,Jun,9
2018/06/09,UTTAR PRADESH,MAHARAJGANJ,0.11,-,0.97,25.84935341,2018,Jun,9
2018/06/09,UTTAR PRADESH,MAINPURI,0.0,-,0.0,12.55978555,2018,Jun,9
2018/06/09,UTTAR PRADESH,VARANASI,0.0,-,0.0,11.58654076,2018,Jun,9
2018/06/09,UTTAR PRADESH,AURAIYA,0.0,-,0.0,18.48497886,2018,Jun,9
2018/06/08,UTTAR PRADESH,FARRUKHABAD,0.0,-,0.0,5.111024651,2018,Jun,8
2018/06/08,UTTAR PRADESH,LUCKNOW,0.1,-,0.61,19.85170107,2018,Jun,8
2018/06/08,UTTAR PRADESH,KHERI,0.41,-,3.33,17.6473449,2018,Jun,8
2018/06/08,UTTAR PRADESH,CHANDAULI,0.0,-,0.04,17.40827862,2018,Jun,8
2018/06/08,UTTAR PRADESH,AMBEDKAR NAGAR,0.0,-,0.0,7.524131728,2018,Jun,8
2018/06/08,UTTAR PRADESH,BUDAUN,0.0,-,0.02,2.343683386,2018,Jun,8
2018/06/08,UTTAR PRADESH,BALRAMPUR,0.01,-,0.11,18.18142639,2018,Jun,8
2018/06/08,UTTAR PRADESH,BASTI,0.0,-,0.0,12.97142447,2018,Jun,8
2018/06/08,UTTAR PRADESH,RAMPUR,0.0,-,0.0,5.778403518,2018,Jun,8
2018/06/08,UTTAR PRADESH,MIRZAPUR,0.0,-,0.0,8.980981451,2018,Jun,8
2018/06/08,UTTAR PRADESH,JYOTIBA PHULE NAGAR,0.0,-,0.0,2.51603535,2018,Jun,8
2018/06/08,UTTAR PRADESH,LALITPUR,0.0,-,0.0,5.487026868,2018,Jun,8
2018/06/08,UTTAR PRADESH,MAHAMAYA NAGAR,0.0,-,0.0,7.594672565,2018,Jun,8
2018/06/08,UTTAR PRADESH,MATHURA,0.0,-,0.0,11.69150392,2018,Jun,8
2018/06/08,UTTAR PRADESH,MAHOBA,0.0,-,0.0,5.457717135,2018,Jun,8
2018/06/08,UTTAR PRADESH,CHITRAKOOT,0.09,-,0.86,10.14100199,2018,Jun,8
2018/06/08,UTTAR PRADESH,SAHARANPUR,0.0,-,0.0,5.749832888,2018,Jun,8
2018/06/08,UTTAR PRADESH,KANNAUJ,0.0,-,0.01,11.07194807,2018,Jun,8
2018/06/08,UTTAR PRADESH,SANT KABIR NAGAR,0.0,-,0.0,14.95907946,2018,Jun,8
2018/06/08,UTTAR PRADESH,SONBHADRA,0.04,-,0.24,21.6725304,2018,Jun,8
2018/06/08,UTTAR PRADESH,FATEHPUR,0.06,-,0.48,6.047446781,2018,Jun,8
2018/06/08,UTTAR PRADESH,BARA BANKI,0.21,-,1.33,24.18371385,2018,Jun,8
2018/06/08,UTTAR PRADESH,AZAMGARH,0.0,-,0.0,10.31820443,2018,Jun,8
2018/06/08,UTTAR PRADESH,BAGHPAT,0.0,-,0.0,1.913732766,2018,Jun,8
2018/06/08,UTTAR PRADESH,ALIGARH,0.03,-,0.17,4.483796277,2018,Jun,8
2018/06/08,UTTAR PRADESH,HARDOI,0.0,-,0.02,10.18972602,2018,Jun,8
2018/06/08,UTTAR PRADESH,RAE BARELI,0.0,-,0.0,8.222479466,2018,Jun,8
2018/06/08,UTTAR PRADESH,GHAZIPUR,0.09,-,0.85,13.82713468,2018,Jun,8
2018/06/08,UTTAR PRADESH,KAUSHAMBI,0.04,-,0.3,6.291033064,2018,Jun,8
2018/06/08,UTTAR PRADESH,BULANDSHAHR,0.0,-,0.0,2.000500826,2018,Jun,8
2018/06/08,UTTAR PRADESH,DEORIA,0.0,-,0.0,15.12663815,2018,Jun,8
2018/06/08,UTTAR PRADESH,BAHRAICH,1.58,-,12.91,26.53121989,2018,Jun,8
2018/06/08,UTTAR PRADESH,GORAKHPUR,0.09,-,0.64,15.01100383,2018,Jun,8
2018/06/08,UTTAR PRADESH,BIJNOR,0.0,-,0.0,3.813897127,2018,Jun,8
2018/06/08,UTTAR PRADESH,BANDA,0.0,-,0.0,11.0710498,2018,Jun,8
2018/06/08,UTTAR PRADESH,MUZAFFARNAGAR,0.0,-,0.0,3.830167278,2018,Jun,8
2018/06/08,UTTAR PRADESH,SANT RAVI DAS NAGAR(BHADOHI),0.0,-,0.0,4.845840991,2018,Jun,8
2018/06/08,UTTAR PRADESH,HAMIRPUR,0.0,-,0.0,9.082318687,2018,Jun,8
2018/06/08,UTTAR PRADESH,PRATAPGARH,0.0,-,0.0,8.514664136,2018,Jun,8
2018/06/08,UTTAR PRADESH,ETAWAH,0.02,-,0.15,16.11868425,2018,Jun,8
2018/06/08,UTTAR PRADESH,MORADABAD,0.0,-,0.0,2.603174783,2018,Jun,8
2018/06/08,UTTAR PRADESH,AGRA,0.02,-,0.14,8.060635143,2018,Jun,8
2018/06/08,UTTAR PRADESH,JAUNPUR,0.0,-,0.0,11.75118687,2018,Jun,8
2018/06/08,UTTAR PRADESH,KANPUR NAGAR,0.01,-,0.05,10.98886661,2018,Jun,8
2018/06/08,UTTAR PRADESH,JHANSI,0.0,-,0.0,9.889664641,2018,Jun,8
2018/06/08,UTTAR PRADESH,SIDDHARTH NAGAR,0.01,-,0.07,18.64991426,2018,Jun,8
2018/06/08,UTTAR PRADESH,MEERUT,0.15,-,0.94,2.847899963,2018,Jun,8
2018/06/08,UTTAR PRADESH,PILIBHIT,0.05,-,0.34,16.41312062,2018,Jun,8
2018/06/08,UTTAR PRADESH,SHAHJAHANPUR,0.0,-,0.04,5.835307346,2018,Jun,8
2018/06/08,UTTAR PRADESH,KANPUR DEHAT,0.0,-,0.0,13.01388026,2018,Jun,8
2018/06/08,UTTAR PRADESH,FIROZABAD,0.03,-,0.27,6.975490781,2018,Jun,8
2018/06/08,UTTAR PRADESH,AYODHYA,0.0,-,0.0,11.62303979,2018,Jun,8
2018/06/08,UTTAR PRADESH,KUSHINAGAR,0.21,-,2.0,31.29124832,2018,Jun,8
2018/06/08,UTTAR PRADESH,JALAUN,0.0,-,0.0,13.10026162,2018,Jun,8
2018/06/08,UTTAR PRADESH,GHAZIABAD,0.04,-,0.25,1.859334098,2018,Jun,8
2018/06/08,UTTAR PRADESH,ETAH,0.0,-,0.0,5.659185147,2018,Jun,8
2018/06/08,UTTAR PRADESH,BALLIA,0.0,-,0.01,9.407058836,2018,Jun,8
2018/06/08,UTTAR PRADESH,UNNAO,0.02,-,0.23,15.07853627,2018,Jun,8
2018/06/08,UTTAR PRADESH,MAU,0.0,-,0.0,8.095446898,2018,Jun,8
2018/06/08,UTTAR PRADESH,SITAPUR,0.12,-,1.02,14.69638405,2018,Jun,8
2018/06/08,UTTAR PRADESH,PRAYAGRAJ,0.01,-,0.09,4.955344991,2018,Jun,8
2018/06/08,UTTAR PRADESH,BAREILLY,0.04,-,0.25,5.052034752,2018,Jun,8
2018/06/08,UTTAR PRADESH,SHRAWASTI,0.6,-,5.4,22.33756577,2018,Jun,8
2018/06/08,UTTAR PRADESH,SULTANPUR,0.0,-,0.0,14.29091368,2018,Jun,8
2018/06/08,UTTAR PRADESH,GONDA,0.0,-,0.0,9.022544479,2018,Jun,8
2018/06/08,UTTAR PRADESH,GAUTAM BUDDHA NAGAR,0.06,-,0.38,2.725923516,2018,Jun,8
2018/06/08,UTTAR PRADESH,KANSIRAM NAGAR,0.01,-,0.06,3.776488302,2018,Jun,8
2018/06/08,UTTAR PRADESH,MAHARAJGANJ,0.1,-,0.93,26.34658076,2018,Jun,8
2018/06/08,UTTAR PRADESH,MAINPURI,0.0,-,0.0,9.944807679,2018,Jun,8
2018/06/08,UTTAR PRADESH,VARANASI,0.0,-,0.0,10.71371729,2018,Jun,8
2018/06/08,UTTAR PRADESH,AURAIYA,0.0,-,0.0,16.44896853,2018,Jun,8
2018/06/07,UTTAR PRADESH,FARRUKHABAD,0.0,-,0.0,5.095249382,2018,Jun,7
2018/06/07,UTTAR PRADESH,LUCKNOW,0.03,-,0.22,7.275571216,2018,Jun,7
2018/06/07,UTTAR PRADESH,KHERI,0.14,-,1.3,15.34661598,2018,Jun,7
2018/06/07,UTTAR PRADESH,CHANDAULI,0.0,-,0.0,13.75945645,2018,Jun,7
2018/06/07,UTTAR PRADESH,AMBEDKAR NAGAR,0.0,-,0.0,2.614256133,2018,Jun,7
2018/06/07,UTTAR PRADESH,BUDAUN,0.0,-,0.03,2.351677636,2018,Jun,7
2018/06/07,UTTAR PRADESH,BALRAMPUR,0.01,-,0.09,16.85403318,2018,Jun,7
2018/06/07,UTTAR PRADESH,BASTI,0.0,-,0.0,10.08267116,2018,Jun,7
2018/06/07,UTTAR PRADESH,RAMPUR,0.0,-,0.0,5.81037001,2018,Jun,7
2018/06/07,UTTAR PRADESH,MIRZAPUR,0.0,-,0.0,8.604815211,2018,Jun,7
2018/06/07,UTTAR PRADESH,JYOTIBA PHULE NAGAR,0.0,-,0.0,2.52891828,2018,Jun,7
2018/06/07,UTTAR PRADESH,LALITPUR,0.0,-,0.0,4.984322595,2018,Jun,7
2018/06/07,UTTAR PRADESH,MAHAMAYA NAGAR,0.0,-,0.0,7.206795677,2018,Jun,7
2018/06/07,UTTAR PRADESH,MATHURA,0.0,-,0.0,9.465561444,2018,Jun,7
2018/06/07,UTTAR PRADESH,MAHOBA,0.0,-,0.0,4.332374548,2018,Jun,7
2018/06/07,UTTAR PRADESH,CHITRAKOOT,0.11,-,0.98,9.070974648,2018,Jun,7
2018/06/07,UTTAR PRADESH,SAHARANPUR,0.0,-,0.0,5.790062327,2018,Jun,7
2018/06/07,UTTAR PRADESH,KANNAUJ,0.0,-,0.0,11.10515067,2018,Jun,7
2018/06/07,UTTAR PRADESH,SANT KABIR NAGAR,0.0,-,0.0,12.51795177,2018,Jun,7
2018/06/07,UTTAR PRADESH,SONBHADRA,0.04,-,0.26,21.27022589,2018,Jun,7
2018/06/07,UTTAR PRADESH,FATEHPUR,0.07,-,0.54,6.114598166,2018,Jun,7
2018/06/07,UTTAR PRADESH,BARA BANKI,0.0,-,0.0,5.443739042,2018,Jun,7
2018/06/07,UTTAR PRADESH,AZAMGARH,0.0,-,0.0,4.787136748,2018,Jun,7
2018/06/07,UTTAR PRADESH,BAGHPAT,0.0,-,0.0,1.920942418,2018,Jun,7
2018/06/07,UTTAR PRADESH,ALIGARH,0.03,-,0.18,4.093058353,2018,Jun,7
2018/06/07,UTTAR PRADESH,HARDOI,0.0,-,0.0,7.331091657,2018,Jun,7
2018/06/07,UTTAR PRADESH,RAE BARELI,0.0,-,0.0,6.233420978,2018,Jun,7
2018/06/07,UTTAR PRADESH,GHAZIPUR,0.0,-,0.04,9.754436646,2018,Jun,7
2018/06/07,UTTAR PRADESH,KAUSHAMBI,0.05,-,0.35,5.703935498,2018,Jun,7
2018/06/07,UTTAR PRADESH,BULANDSHAHR,0.0,-,0.0,1.974710483,2018,Jun,7
2018/06/07,UTTAR PRADESH,DEORIA,0.0,-,0.0,12.00256098,2018,Jun,7
2018/06/07,UTTAR PRADESH,BAHRAICH,0.26,-,2.51,16.71624619,2018,Jun,7
2018/06/07,UTTAR PRADESH,GORAKHPUR,0.09,-,0.64,13.08761406,2018,Jun,7
2018/06/07,UTTAR PRADESH,BIJNOR,0.0,-,0.0,3.836526971,2018,Jun,7
2018/06/07,UTTAR PRADESH,BANDA,0.0,-,0.01,11.05602507,2018,Jun,7
2018/06/07,UTTAR PRADESH,MUZAFFARNAGAR,0.0,-,0.0,3.846987112,2018,Jun,7
2018/06/07,UTTAR PRADESH,SANT RAVI DAS NAGAR(BHADOHI),0.0,-,0.0,4.239680054,2018,Jun,7
2018/06/07,UTTAR PRADESH,HAMIRPUR,0.0,-,0.0,8.378463168,2018,Jun,7
2018/06/07,UTTAR PRADESH,PRATAPGARH,0.0,-,0.0,6.527527691,2018,Jun,7
2018/06/07,UTTAR PRADESH,ETAWAH,0.02,-,0.16,16.69263791,2018,Jun,7
2018/06/07,UTTAR PRADESH,MORADABAD,0.0,-,0.0,2.609370266,2018,Jun,7
2018/06/07,UTTAR PRADESH,AGRA,0.02,-,0.15,7.775034824,2018,Jun,7
2018/06/07,UTTAR PRADESH,JAUNPUR,0.0,-,0.0,5.237863666,2018,Jun,7
2018/06/07,UTTAR PRADESH,KANPUR NAGAR,0.0,-,0.0,9.81718386,2018,Jun,7
2018/06/07,UTTAR PRADESH,JHANSI,0.0,-,0.0,9.417882991,2018,Jun,7
2018/06/07,UTTAR PRADESH,SIDDHARTH NAGAR,0.0,-,0.05,17.99269855,2018,Jun,7
2018/06/07,UTTAR PRADESH,MEERUT,0.16,-,0.96,2.864838315,2018,Jun,7
2018/06/07,UTTAR PRADESH,PILIBHIT,0.0,-,0.0,13.50912747,2018,Jun,7
2018/06/07,UTTAR PRADESH,SHAHJAHANPUR,0.0,-,0.04,5.822591772,2018,Jun,7
2018/06/07,UTTAR PRADESH,KANPUR DEHAT,0.0,-,0.0,13.37093143,2018,Jun,7
2018/06/07,UTTAR PRADESH,FIROZABAD,0.03,-,0.28,7.08769033,2018,Jun,7
2018/06/07,UTTAR PRADESH,AYODHYA,0.0,-,0.0,3.344802963,2018,Jun,7
2018/06/07,UTTAR PRADESH,KUSHINAGAR,0.19,-,1.79,30.58599775,2018,Jun,7
2018/06/07,UTTAR PRADESH,JALAUN,0.0,-,0.0,13.02714625,2018,Jun,7
2018/06/07,UTTAR PRADESH,GHAZIABAD,0.04,-,0.27,1.883097999,2018,Jun,7
2018/06/07,UTTAR PRADESH,ETAH,0.0,-,0.0,5.689099076,2018,Jun,7
2018/06/07,UTTAR PRADESH,BALLIA,0.0,-,0.0,7.163912964,2018,Jun,7
2018/06/07,UTTAR PRADESH,UNNAO,0.0,-,0.0,8.725089483,2018,Jun,7
2018/06/07,UTTAR PRADESH,MAU,0.0,-,0.0,5.611653274,2018,Jun,7
2018/06/07,UTTAR PRADESH,SITAPUR,0.05,-,0.43,9.81437128,2018,Jun,7
2018/06/07,UTTAR PRADESH,PRAYAGRAJ,0.01,-,0.11,4.080966618,2018,Jun,7
2018/06/07,UTTAR PRADESH,BAREILLY,0.04,-,0.26,4.805606542,2018,Jun,7
2018/06/07,UTTAR PRADESH,SHRAWASTI,0.08,-,0.81,16.72026237,2018,Jun,7
2018/06/07,UTTAR PRADESH,SULTANPUR,0.0,-,0.0,4.849869673,2018,Jun,7
2018/06/07,UTTAR PRADESH,GONDA,0.0,-,0.0,5.811588711,2018,Jun,7
2018/06/07,UTTAR PRADESH,GAUTAM BUDDHA NAGAR,0.06,-,0.4,1.937196756,2018,Jun,7
2018/06/07,UTTAR PRADESH,KANSIRAM NAGAR,0.01,-,0.08,3.800972443,2018,Jun,7
2018/06/07,UTTAR PRADESH,MAHARAJGANJ,0.1,-,0.88,26.12029645,2018,Jun,7
2018/06/07,UTTAR PRADESH,MAINPURI,0.0,-,0.0,10.09020515,2018,Jun,7
2018/06/07,UTTAR PRADESH,VARANASI,0.0,-,0.0,8.947763661,2018,Jun,7
2018/06/07,UTTAR PRADESH,AURAIYA,0.0,-,0.0,17.17949464,2018,Jun,7
2018/06/06,UTTAR PRADESH,FARRUKHABAD,0.0,-,0.0,4.52137855,2018,Jun,6
2018/06/06,UTTAR PRADESH,LUCKNOW,0.04,-,0.24,5.882221013,2018,Jun,6
2018/06/06,UTTAR PRADESH,KHERI,0.18,-,1.6,15.92708994,2018,Jun,6
2018/06/06,UTTAR PRADESH,CHANDAULI,0.0,-,0.0,13.23198431,2018,Jun,6
2018/06/06,UTTAR PRADESH,AMBEDKAR NAGAR,0.0,-,0.0,2.622102482,2018,Jun,6
2018/06/06,UTTAR PRADESH,BUDAUN,0.0,-,0.04,2.365111658,2018,Jun,6
2018/06/06,UTTAR PRADESH,BALRAMPUR,0.01,-,0.09,17.30956104,2018,Jun,6
2018/06/06,UTTAR PRADESH,BASTI,0.0,-,0.0,10.27790615,2018,Jun,6
2018/06/06,UTTAR PRADESH,RAMPUR,0.0,-,0.0,5.855424399,2018,Jun,6
2018/06/06,UTTAR PRADESH,MIRZAPUR,0.0,-,0.0,8.581359085,2018,Jun,6
2018/06/06,UTTAR PRADESH,JYOTIBA PHULE NAGAR,0.0,-,0.0,2.551384067,2018,Jun,6
2018/06/06,UTTAR PRADESH,LALITPUR,0.0,-,0.0,5.07266641,2018,Jun,6
2018/06/06,UTTAR PRADESH,MAHAMAYA NAGAR,0.0,-,0.0,7.247930002,2018,Jun,6
2018/06/06,UTTAR PRADESH,MATHURA,0.0,-,0.0,9.588084746,2018,Jun,6
2018/06/06,UTTAR PRADESH,MAHOBA,0.0,-,0.0,4.29803035,2018,Jun,6
2018/06/06,UTTAR PRADESH,CHITRAKOOT,0.12,-,1.08,9.218878986,2018,Jun,6
2018/06/06,UTTAR PRADESH,SAHARANPUR,0.0,-,0.0,5.826114589,2018,Jun,6
2018/06/06,UTTAR PRADESH,KANNAUJ,0.0,-,0.0,7.57097933,2018,Jun,6
2018/06/06,UTTAR PRADESH,SANT KABIR NAGAR,0.0,-,0.0,12.9800246,2018,Jun,6
2018/06/06,UTTAR PRADESH,SONBHADRA,0.04,-,0.27,20.69569577,2018,Jun,6
2018/06/06,UTTAR PRADESH,FATEHPUR,0.08,-,0.61,5.693315072,2018,Jun,6
2018/06/06,UTTAR PRADESH,BARA BANKI,0.0,-,0.0,4.533204521,2018,Jun,6
2018/06/06,UTTAR PRADESH,AZAMGARH,0.0,-,0.0,4.792896553,2018,Jun,6
2018/06/06,UTTAR PRADESH,BAGHPAT,0.0,-,0.0,1.934954577,2018,Jun,6
2018/06/06,UTTAR PRADESH,ALIGARH,0.03,-,0.19,4.126068948,2018,Jun,6
2018/06/06,UTTAR PRADESH,HARDOI,0.0,-,0.0,4.178266257,2018,Jun,6
2018/06/06,UTTAR PRADESH,RAE BARELI,0.0,-,0.0,6.020100148,2018,Jun,6
2018/06/06,UTTAR PRADESH,GHAZIPUR,0.0,-,0.0,6.559306857,2018,Jun,6
2018/06/06,UTTAR PRADESH,KAUSHAMBI,0.06,-,0.43,5.856548624,2018,Jun,6
2018/06/06,UTTAR PRADESH,BULANDSHAHR,0.0,-,0.0,1.984536317,2018,Jun,6
2018/06/06,UTTAR PRADESH,DEORIA,0.0,-,0.0,12.14838278,2018,Jun,6
2018/06/06,UTTAR PRADESH,BAHRAICH,0.31,-,2.93,17.12432679,2018,Jun,6
2018/06/06,UTTAR PRADESH,GORAKHPUR,0.09,-,0.63,13.55750538,2018,Jun,6
2018/06/06,UTTAR PRADESH,BIJNOR,0.0,-,0.0,3.864019259,2018,Jun,6
2018/06/06,UTTAR PRADESH,BANDA,0.0,-,0.02,10.54528041,2018,Jun,6
2018/06/06,UTTAR PRADESH,MUZAFFARNAGAR,0.0,-,0.0,3.865425509,2018,Jun,6
2018/06/06,UTTAR PRADESH,SANT RAVI DAS NAGAR(BHADOHI),0.0,-,0.0,4.240673213,2018,Jun,6
2018/06/06,UTTAR PRADESH,HAMIRPUR,0.0,-,0.0,7.859080339,2018,Jun,6
2018/06/06,UTTAR PRADESH,PRATAPGARH,0.0,-,0.0,6.612812833,2018,Jun,6
2018/06/06,UTTAR PRADESH,ETAWAH,0.02,-,0.18,12.98607082,2018,Jun,6
2018/06/06,UTTAR PRADESH,MORADABAD,0.0,-,0.0,2.62240062,2018,Jun,6
2018/06/06,UTTAR PRADESH,AGRA,0.02,-,0.15,7.866160852,2018,Jun,6
2018/06/06,UTTAR PRADESH,JAUNPUR,0.0,-,0.0,5.134048658,2018,Jun,6
2018/06/06,UTTAR PRADESH,KANPUR NAGAR,0.0,-,0.0,8.294154025,2018,Jun,6
2018/06/06,UTTAR PRADESH,JHANSI,0.0,-,0.0,9.585032914,2018,Jun,6
2018/06/06,UTTAR PRADESH,SIDDHARTH NAGAR,0.01,-,0.06,18.58902861,2018,Jun,6
2018/06/06,UTTAR PRADESH,MEERUT,0.16,-,0.98,2.883430562,2018,Jun,6
2018/06/06,UTTAR PRADESH,PILIBHIT,0.0,-,0.0,13.88954807,2018,Jun,6
2018/06/06,UTTAR PRADESH,SHAHJAHANPUR,0.0,-,0.05,5.74692727,2018,Jun,6
2018/06/06,UTTAR PRADESH,KANPUR DEHAT,0.0,-,0.0,11.532536,2018,Jun,6
2018/06/06,UTTAR PRADESH,FIROZABAD,0.03,-,0.3,7.110655773,2018,Jun,6
2018/06/06,UTTAR PRADESH,AYODHYA,0.0,-,0.0,3.315288357,2018,Jun,6
2018/06/06,UTTAR PRADESH,KUSHINAGAR,0.26,-,2.28,32.4713588,2018,Jun,6
2018/06/06,UTTAR PRADESH,JALAUN,0.0,-,0.0,10.21444454,2018,Jun,6
2018/06/06,UTTAR PRADESH,GHAZIABAD,0.05,-,0.3,1.905229128,2018,Jun,6
2018/06/06,UTTAR PRADESH,ETAH,0.0,-,0.0,5.720626448,2018,Jun,6
2018/06/06,UTTAR PRADESH,BALLIA,0.0,-,0.0,3.793776124,2018,Jun,6
2018/06/06,UTTAR PRADESH,UNNAO,0.0,-,0.0,6.189076043,2018,Jun,6
2018/06/06,UTTAR PRADESH,MAU,0.0,-,0.0,5.375902841,2018,Jun,6
2018/06/06,UTTAR PRADESH,SITAPUR,0.05,-,0.49,8.925439269,2018,Jun,6
2018/06/06,UTTAR PRADESH,PRAYAGRAJ,0.02,-,0.16,4.127865765,2018,Jun,6
2018/06/06,UTTAR PRADESH,BAREILLY,0.04,-,0.27,4.843099698,2018,Jun,6
2018/06/06,UTTAR PRADESH,SHRAWASTI,0.1,-,1.08,17.24509814,2018,Jun,6
2018/06/06,UTTAR PRADESH,SULTANPUR,0.0,-,0.0,4.868467254,2018,Jun,6
2018/06/06,UTTAR PRADESH,GONDA,0.0,-,0.0,5.709457208,2018,Jun,6
2018/06/06,UTTAR PRADESH,GAUTAM BUDDHA NAGAR,0.07,-,0.45,1.964215879,2018,Jun,6
2018/06/06,UTTAR PRADESH,KANSIRAM NAGAR,0.01,-,0.1,3.834345353,2018,Jun,6
2018/06/06,UTTAR PRADESH,MAHARAJGANJ,0.1,-,0.87,26.69467006,2018,Jun,6
2018/06/06,UTTAR PRADESH,MAINPURI,0.0,-,0.0,9.098589578,2018,Jun,6
2018/06/06,UTTAR PRADESH,VARANASI,0.0,-,0.0,8.905618657,2018,Jun,6
2018/06/06,UTTAR PRADESH,AURAIYA,0.0,-,0.0,14.10320448,2018,Jun,6
2018/06/05,UTTAR PRADESH,FARRUKHABAD,0.0,-,0.0,4.478197552,2018,Jun,5
2018/06/05,UTTAR PRADESH,LUCKNOW,0.04,-,0.25,5.932437086,2018,Jun,5
2018/06/05,UTTAR PRADESH,KHERI,0.14,-,1.26,13.57775749,2018,Jun,5
2018/06/05,UTTAR PRADESH,CHANDAULI,0.0,-,0.0,13.48788999,2018,Jun,5
2018/06/05,UTTAR PRADESH,AMBEDKAR NAGAR,0.0,-,0.0,2.629429444,2018,Jun,5
2018/06/05,UTTAR PRADESH,BUDAUN,0.01,-,0.05,2.384717305,2018,Jun,5
2018/06/05,UTTAR PRADESH,BALRAMPUR,0.01,-,0.09,15.21109964,2018,Jun,5
2018/06/05,UTTAR PRADESH,BASTI,0.0,-,0.0,9.440173996,2018,Jun,5
2018/06/05,UTTAR PRADESH,RAMPUR,0.0,-,0.0,3.930243137,2018,Jun,5
2018/06/05,UTTAR PRADESH,MIRZAPUR,0.0,-,0.0,8.688498297,2018,Jun,5
2018/06/05,UTTAR PRADESH,JYOTIBA PHULE NAGAR,0.0,-,0.0,2.556293034,2018,Jun,5
2018/06/05,UTTAR PRADESH,LALITPUR,0.0,-,0.0,4.725915258,2018,Jun,5
2018/06/05,UTTAR PRADESH,MAHAMAYA NAGAR,0.0,-,0.0,7.260088672,2018,Jun,5
2018/06/05,UTTAR PRADESH,MATHURA,0.0,-,0.0,9.588369458,2018,Jun,5
2018/06/05,UTTAR PRADESH,MAHOBA,0.0,-,0.0,4.332294952,2018,Jun,5
2018/06/05,UTTAR PRADESH,CHITRAKOOT,0.13,-,1.19,9.134905803,2018,Jun,5
2018/06/05,UTTAR PRADESH,SAHARANPUR,0.0,-,0.0,5.89017465,2018,Jun,5
2018/06/05,UTTAR PRADESH,KANNAUJ,0.0,-,0.0,7.699219152,2018,Jun,5
2018/06/05,UTTAR PRADESH,SANT KABIR NAGAR,0.0,-,0.0,12.57135096,2018,Jun,5
2018/06/05,UTTAR PRADESH,SONBHADRA,0.05,-,0.29,21.13646257,2018,Jun,5
2018/06/05,UTTAR PRADESH,FATEHPUR,0.08,-,0.66,5.672823954,2018,Jun,5
2018/06/05,UTTAR PRADESH,BARA BANKI,0.0,-,0.0,4.511540102,2018,Jun,5
2018/06/05,UTTAR PRADESH,AZAMGARH,0.0,-,0.0,4.815903633,2018,Jun,5
2018/06/05,UTTAR PRADESH,BAGHPAT,0.0,-,0.0,1.94035157,2018,Jun,5
2018/06/05,UTTAR PRADESH,ALIGARH,0.03,-,0.2,4.151880672,2018,Jun,5
2018/06/05,UTTAR PRADESH,HARDOI,0.0,-,0.0,3.939632538,2018,Jun,5
2018/06/05,UTTAR PRADESH,RAE BARELI,0.0,-,0.0,6.039626742,2018,Jun,5
2018/06/05,UTTAR PRADESH,GHAZIPUR,0.0,-,0.0,6.609099354,2018,Jun,5
2018/06/05,UTTAR PRADESH,KAUSHAMBI,0.07,-,0.54,5.586603883,2018,Jun,5
2018/06/05,UTTAR PRADESH,BULANDSHAHR,0.0,-,0.0,1.986019569,2018,Jun,5
2018/06/05,UTTAR PRADESH,DEORIA,0.0,-,0.0,11.86339704,2018,Jun,5
2018/06/05,UTTAR PRADESH,BAHRAICH,0.3,-,2.85,16.94194585,2018,Jun,5
2018/06/05,UTTAR PRADESH,GORAKHPUR,0.09,-,0.6,13.43436427,2018,Jun,5
2018/06/05,UTTAR PRADESH,BIJNOR,0.0,-,0.0,3.912425055,2018,Jun,5
2018/06/05,UTTAR PRADESH,BANDA,0.0,-,0.02,10.53981756,2018,Jun,5
2018/06/05,UTTAR PRADESH,MUZAFFARNAGAR,0.0,-,0.0,3.892145486,2018,Jun,5
2018/06/05,UTTAR PRADESH,SANT RAVI DAS NAGAR(BHADOHI),0.0,-,0.0,4.242070093,2018,Jun,5
2018/06/05,UTTAR PRADESH,HAMIRPUR,0.0,-,0.0,7.920969558,2018,Jun,5
2018/06/05,UTTAR PRADESH,PRATAPGARH,0.0,-,0.0,6.550937866,2018,Jun,5
2018/06/05,UTTAR PRADESH,ETAWAH,0.02,-,0.21,13.38204683,2018,Jun,5
2018/06/05,UTTAR PRADESH,MORADABAD,0.0,-,0.0,2.63006095,2018,Jun,5
2018/06/05,UTTAR PRADESH,AGRA,0.02,-,0.15,7.755047382,2018,Jun,5
2018/06/05,UTTAR PRADESH,JAUNPUR,0.0,-,0.0,5.170438612,2018,Jun,5
2018/06/05,UTTAR PRADESH,KANPUR NAGAR,0.0,-,0.01,8.356994165,2018,Jun,5
2018/06/05,UTTAR PRADESH,JHANSI,0.0,-,0.0,9.677278047,2018,Jun,5
2018/06/05,UTTAR PRADESH,SIDDHARTH NAGAR,0.0,-,0.05,16.28660965,2018,Jun,5
2018/06/05,UTTAR PRADESH,MEERUT,0.16,-,1.0,2.833311608,2018,Jun,5
2018/06/05,UTTAR PRADESH,PILIBHIT,0.0,-,0.0,11.39696884,2018,Jun,5
2018/06/05,UTTAR PRADESH,SHAHJAHANPUR,0.01,-,0.06,5.116939147,2018,Jun,5
2018/06/05,UTTAR PRADESH,KANPUR DEHAT,0.0,-,0.0,11.81341607,2018,Jun,5
2018/06/05,UTTAR PRADESH,FIROZABAD,0.04,-,0.32,7.038769249,2018,Jun,5
2018/06/05,UTTAR PRADESH,AYODHYA,0.0,-,0.0,3.239781062,2018,Jun,5
2018/06/05,UTTAR PRADESH,KUSHINAGAR,0.1,-,0.95,30.31413779,2018,Jun,5
2018/06/05,UTTAR PRADESH,JALAUN,0.0,-,0.0,10.35269595,2018,Jun,5
2018/06/05,UTTAR PRADESH,GHAZIABAD,0.05,-,0.31,1.817330769,2018,Jun,5
2018/06/05,UTTAR PRADESH,ETAH,0.0,-,0.0,5.735298612,2018,Jun,5
2018/06/05,UTTAR PRADESH,BALLIA,0.0,-,0.0,3.827485252,2018,Jun,5
2018/06/05,UTTAR PRADESH,UNNAO,0.0,-,0.0,6.25227162,2018,Jun,5
2018/06/05,UTTAR PRADESH,MAU,0.0,-,0.0,5.402778612,2018,Jun,5
2018/06/05,UTTAR PRADESH,SITAPUR,0.05,-,0.43,7.830093277,2018,Jun,5
2018/06/05,UTTAR PRADESH,PRAYAGRAJ,0.03,-,0.25,3.865677535,2018,Jun,5
2018/06/05,UTTAR PRADESH,BAREILLY,0.04,-,0.29,3.93009465,2018,Jun,5
2018/06/05,UTTAR PRADESH,SHRAWASTI,0.08,-,0.84,16.40415087,2018,Jun,5
2018/06/05,UTTAR PRADESH,SULTANPUR,0.0,-,0.0,4.879631517,2018,Jun,5
2018/06/05,UTTAR PRADESH,GONDA,0.0,-,0.0,5.313967371,2018,Jun,5
2018/06/05,UTTAR PRADESH,GAUTAM BUDDHA NAGAR,0.07,-,0.47,1.999791569,2018,Jun,5
2018/06/05,UTTAR PRADESH,KANSIRAM NAGAR,0.02,-,0.12,3.868263062,2018,Jun,5
2018/06/05,UTTAR PRADESH,MAHARAJGANJ,0.06,-,0.62,25.69856104,2018,Jun,5
2018/06/05,UTTAR PRADESH,MAINPURI,0.0,-,0.0,9.175032983,2018,Jun,5
2018/06/05,UTTAR PRADESH,VARANASI,0.0,-,0.0,9.069593156,2018,Jun,5
2018/06/05,UTTAR PRADESH,AURAIYA,0.0,-,0.0,14.68741744,2018,Jun,5
2018/06/04,UTTAR PRADESH,FARRUKHABAD,0.0,-,0.0,1.966340221,2018,Jun,4
2018/06/04,UTTAR PRADESH,LUCKNOW,0.05,-,0.27,4.315242179,2018,Jun,4
2018/06/04,UTTAR PRADESH,KHERI,0.08,-,0.71,11.21092993,2018,Jun,4
2018/06/04,UTTAR PRADESH,CHANDAULI,0.0,-,0.0,13.74919579,2018,Jun,4
2018/06/04,UTTAR PRADESH,AMBEDKAR NAGAR,0.0,-,0.0,2.634867085,2018,Jun,4
2018/06/04,UTTAR PRADESH,BUDAUN,0.01,-,0.06,1.573710961,2018,Jun,4
2018/06/04,UTTAR PRADESH,BALRAMPUR,0.01,-,0.09,14.25666931,2018,Jun,4
2018/06/04,UTTAR PRADESH,BASTI,0.0,-,0.0,9.603590147,2018,Jun,4
2018/06/04,UTTAR PRADESH,RAMPUR,0.0,-,0.0,3.502440681,2018,Jun,4
2018/06/04,UTTAR PRADESH,MIRZAPUR,0.0,-,0.01,8.740370057,2018,Jun,4
2018/06/04,UTTAR PRADESH,JYOTIBA PHULE NAGAR,0.0,-,0.0,2.314151219,2018,Jun,4
2018/06/04,UTTAR PRADESH,LALITPUR,0.0,-,0.0,2.615283062,2018,Jun,4
2018/06/04,UTTAR PRADESH,MAHAMAYA NAGAR,0.0,-,0.0,4.879775426,2018,Jun,4
2018/06/04,UTTAR PRADESH,MATHURA,0.0,-,0.0,8.224780383,2018,Jun,4
2018/06/04,UTTAR PRADESH,MAHOBA,0.0,-,0.0,2.327488719,2018,Jun,4
2018/06/04,UTTAR PRADESH,CHITRAKOOT,0.15,-,1.38,8.084017188,2018,Jun,4
2018/06/04,UTTAR PRADESH,SAHARANPUR,0.0,-,0.0,5.939514558,2018,Jun,4
2018/06/04,UTTAR PRADESH,KANNAUJ,0.0,-,0.0,4.691849728,2018,Jun,4
2018/06/04,UTTAR PRADESH,SANT KABIR NAGAR,0.0,-,0.0,12.92773959,2018,Jun,4
2018/06/04,UTTAR PRADESH,SONBHADRA,0.05,-,0.3,21.273464,2018,Jun,4
2018/06/04,UTTAR PRADESH,FATEHPUR,0.09,-,0.71,3.652580766,2018,Jun,4
2018/06/04,UTTAR PRADESH,BARA BANKI,0.0,-,0.0,3.704342012,2018,Jun,4
2018/06/04,UTTAR PRADESH,AZAMGARH,0.0,-,0.0,4.839279185,2018,Jun,4
2018/06/04,UTTAR PRADESH,BAGHPAT,0.0,-,0.0,1.942700891,2018,Jun,4
2018/06/04,UTTAR PRADESH,ALIGARH,0.03,-,0.21,2.391481993,2018,Jun,4
2018/06/04,UTTAR PRADESH,HARDOI,0.0,-,0.0,2.403826412,2018,Jun,4
2018/06/04,UTTAR PRADESH,RAE BARELI,0.0,-,0.0,4.473353054,2018,Jun,4
2018/06/04,UTTAR PRADESH,GHAZIPUR,0.0,-,0.0,6.681591808,2018,Jun,4
2018/06/04,UTTAR PRADESH,KAUSHAMBI,0.09,-,0.64,5.003029106,2018,Jun,4
2018/06/04,UTTAR PRADESH,BULANDSHAHR,0.0,-,0.0,1.707925989,2018,Jun,4
2018/06/04,UTTAR PRADESH,DEORIA,0.0,-,0.0,11.99036937,2018,Jun,4
2018/06/04,UTTAR PRADESH,BAHRAICH,0.21,-,2.11,15.05432616,2018,Jun,4
2018/06/04,UTTAR PRADESH,GORAKHPUR,0.09,-,0.59,13.45424552,2018,Jun,4
2018/06/04,UTTAR PRADESH,BIJNOR,0.0,-,0.0,3.914840263,2018,Jun,4
2018/06/04,UTTAR PRADESH,BANDA,0.0,-,0.03,8.048728915,2018,Jun,4
2018/06/04,UTTAR PRADESH,MUZAFFARNAGAR,0.0,-,0.0,3.907853421,2018,Jun,4
2018/06/04,UTTAR PRADESH,SANT RAVI DAS NAGAR(BHADOHI),0.0,-,0.0,4.276404878,2018,Jun,4
2018/06/04,UTTAR PRADESH,HAMIRPUR,0.0,-,0.0,4.296617052,2018,Jun,4
2018/06/04,UTTAR PRADESH,PRATAPGARH,0.0,-,0.0,5.095824096,2018,Jun,4
2018/06/04,UTTAR PRADESH,ETAWAH,0.02,-,0.23,10.14824,2018,Jun,4
2018/06/04,UTTAR PRADESH,MORADABAD,0.0,-,0.0,2.403327502,2018,Jun,4
2018/06/04,UTTAR PRADESH,AGRA,0.02,-,0.16,6.167398975,2018,Jun,4
2018/06/04,UTTAR PRADESH,JAUNPUR,0.0,-,0.0,5.13138357,2018,Jun,4
2018/06/04,UTTAR PRADESH,KANPUR NAGAR,0.0,-,0.01,4.899830634,2018,Jun,4
2018/06/04,UTTAR PRADESH,JHANSI,0.0,-,0.0,5.809038112,2018,Jun,4
2018/06/04,UTTAR PRADESH,SIDDHARTH NAGAR,0.0,-,0.05,16.16393235,2018,Jun,4
2018/06/04,UTTAR PRADESH,MEERUT,0.17,-,1.03,2.837678003,2018,Jun,4
2018/06/04,UTTAR PRADESH,PILIBHIT,0.0,-,0.0,8.616198947,2018,Jun,4
2018/06/04,UTTAR PRADESH,SHAHJAHANPUR,0.01,-,0.08,3.317183223,2018,Jun,4
2018/06/04,UTTAR PRADESH,KANPUR DEHAT,0.0,-,0.0,7.836422475,2018,Jun,4
2018/06/04,UTTAR PRADESH,FIROZABAD,0.04,-,0.34,4.405467261,2018,Jun,4
2018/06/04,UTTAR PRADESH,AYODHYA,0.0,-,0.0,2.976086364,2018,Jun,4
2018/06/04,UTTAR PRADESH,KUSHINAGAR,0.28,-,2.39,32.0375458,2018,Jun,4
2018/06/04,UTTAR PRADESH,JALAUN,0.0,-,0.0,6.238798718,2018,Jun,4
2018/06/04,UTTAR PRADESH,GHAZIABAD,0.05,-,0.34,1.790378692,2018,Jun,4
2018/06/04,UTTAR PRADESH,ETAH,0.0,-,0.0,3.644682906,2018,Jun,4
2018/06/04,UTTAR PRADESH,BALLIA,0.0,-,0.0,3.863352345,2018,Jun,4
2018/06/04,UTTAR PRADESH,UNNAO,0.0,-,0.01,4.055200616,2018,Jun,4
2018/06/04,UTTAR PRADESH,MAU,0.0,-,0.0,5.433282516,2018,Jun,4
2018/06/04,UTTAR PRADESH,SITAPUR,0.03,-,0.26,6.660216191,2018,Jun,4
2018/06/04,UTTAR PRADESH,PRAYAGRAJ,0.04,-,0.4,3.82565093,2018,Jun,4
2018/06/04,UTTAR PRADESH,BAREILLY,0.04,-,0.3,2.013098387,2018,Jun,4
2018/06/04,UTTAR PRADESH,SHRAWASTI,0.04,-,0.45,14.61053859,2018,Jun,4
2018/06/04,UTTAR PRADESH,SULTANPUR,0.0,-,0.0,4.084993379,2018,Jun,4
2018/06/04,UTTAR PRADESH,GONDA,0.0,-,0.0,4.843147618,2018,Jun,4
2018/06/04,UTTAR PRADESH,GAUTAM BUDDHA NAGAR,0.08,-,0.49,1.99127359,2018,Jun,4
2018/06/04,UTTAR PRADESH,KANSIRAM NAGAR,0.02,-,0.15,2.906998622,2018,Jun,4
2018/06/04,UTTAR PRADESH,MAHARAJGANJ,0.07,-,0.63,26.13448785,2018,Jun,4
2018/06/04,UTTAR PRADESH,MAINPURI,0.0,-,0.0,6.535823609,2018,Jun,4
2018/06/04,UTTAR PRADESH,VARANASI,0.0,-,0.0,9.253722683,2018,Jun,4
2018/06/04,UTTAR PRADESH,AURAIYA,0.0,-,0.0,11.17688896,2018,Jun,4
2018/06/03,UTTAR PRADESH,FARRUKHABAD,0.0,-,0.0,1.984602269,2018,Jun,3
2018/06/03,UTTAR PRADESH,LUCKNOW,0.05,-,0.29,4.393125698,2018,Jun,3
2018/06/03,UTTAR PRADESH,KHERI,0.09,-,0.77,9.669299873,2018,Jun,3
2018/06/03,UTTAR PRADESH,CHANDAULI,0.0,-,0.0,11.00312646,2018,Jun,3
2018/06/03,UTTAR PRADESH,AMBEDKAR NAGAR,0.0,-,0.0,2.642004539,2018,Jun,3
2018/06/03,UTTAR PRADESH,BUDAUN,0.01,-,0.08,1.587747296,2018,Jun,3
2018/06/03,UTTAR PRADESH,BALRAMPUR,0.01,-,0.09,14.71672226,2018,Jun,3
2018/06/03,UTTAR PRADESH,BASTI,0.0,-,0.0,9.81291246,2018,Jun,3
2018/06/03,UTTAR PRADESH,RAMPUR,0.0,-,0.0,2.525260975,2018,Jun,3
2018/06/03,UTTAR PRADESH,MIRZAPUR,0.01,-,0.1,7.992240865,2018,Jun,3
2018/06/03,UTTAR PRADESH,JYOTIBA PHULE NAGAR,0.0,-,0.0,2.328238603,2018,Jun,3
2018/06/03,UTTAR PRADESH,LALITPUR,0.0,-,0.0,2.644598453,2018,Jun,3
2018/06/03,UTTAR PRADESH,MAHAMAYA NAGAR,0.0,-,0.0,4.910831942,2018,Jun,3
2018/06/03,UTTAR PRADESH,MATHURA,0.0,-,0.0,8.329850792,2018,Jun,3
2018/06/03,UTTAR PRADESH,MAHOBA,0.0,-,0.0,2.356228642,2018,Jun,3
2018/06/03,UTTAR PRADESH,CHITRAKOOT,0.18,-,1.73,8.242479917,2018,Jun,3
2018/06/03,UTTAR PRADESH,SAHARANPUR,0.0,-,0.01,6.030712989,2018,Jun,3
2018/06/03,UTTAR PRADESH,KANNAUJ,0.0,-,0.0,4.776502451,2018,Jun,3
2018/06/03,UTTAR PRADESH,SANT KABIR NAGAR,0.0,-,0.0,13.42854201,2018,Jun,3
2018/06/03,UTTAR PRADESH,SONBHADRA,0.05,-,0.31,20.96763784,2018,Jun,3
2018/06/03,UTTAR PRADESH,FATEHPUR,0.1,-,0.81,3.746290052,2018,Jun,3
2018/06/03,UTTAR PRADESH,BARA BANKI,0.0,-,0.0,3.726925143,2018,Jun,3
2018/06/03,UTTAR PRADESH,AZAMGARH,0.0,-,0.0,4.813121435,2018,Jun,3
2018/06/03,UTTAR PRADESH,BAGHPAT,0.0,-,0.0,1.949063962,2018,Jun,3
2018/06/03,UTTAR PRADESH,ALIGARH,0.04,-,0.22,2.41226158,2018,Jun,3
2018/06/03,UTTAR PRADESH,HARDOI,0.0,-,0.0,2.309886136,2018,Jun,3
2018/06/03,UTTAR PRADESH,RAE BARELI,0.0,-,0.0,4.531438465,2018,Jun,3
2018/06/03,UTTAR PRADESH,GHAZIPUR,0.0,-,0.0,5.963211496,2018,Jun,3
2018/06/03,UTTAR PRADESH,KAUSHAMBI,0.12,-,0.85,5.032856386,2018,Jun,3
2018/06/03,UTTAR PRADESH,BULANDSHAHR,0.0,-,0.0,1.724488891,2018,Jun,3
2018/06/03,UTTAR PRADESH,DEORIA,0.0,-,0.0,12.06582429,2018,Jun,3
2018/06/03,UTTAR PRADESH,BAHRAICH,0.22,-,2.17,15.23892881,2018,Jun,3
2018/06/03,UTTAR PRADESH,GORAKHPUR,0.08,-,0.57,14.01807938,2018,Jun,3
2018/06/03,UTTAR PRADESH,BIJNOR,0.0,-,0.0,3.825124482,2018,Jun,3
2018/06/03,UTTAR PRADESH,BANDA,0.0,-,0.04,8.191507806,2018,Jun,3
2018/06/03,UTTAR PRADESH,MUZAFFARNAGAR,0.0,-,0.0,3.938904961,2018,Jun,3
2018/06/03,UTTAR PRADESH,SANT RAVI DAS NAGAR(BHADOHI),0.0,-,0.0,4.257987799,2018,Jun,3
2018/06/03,UTTAR PRADESH,HAMIRPUR,0.0,-,0.0,4.406662026,2018,Jun,3
2018/06/03,UTTAR PRADESH,PRATAPGARH,0.0,-,0.0,5.148465534,2018,Jun,3
2018/06/03,UTTAR PRADESH,ETAWAH,0.03,-,0.26,10.37990384,2018,Jun,3
2018/06/03,UTTAR PRADESH,MORADABAD,0.0,-,0.0,2.273026628,2018,Jun,3
2018/06/03,UTTAR PRADESH,AGRA,0.02,-,0.17,6.294404747,2018,Jun,3
2018/06/03,UTTAR PRADESH,JAUNPUR,0.0,-,0.0,4.653803551,2018,Jun,3
2018/06/03,UTTAR PRADESH,KANPUR NAGAR,0.0,-,0.02,5.028266659,2018,Jun,3
2018/06/03,UTTAR PRADESH,JHANSI,0.0,-,0.0,5.918129565,2018,Jun,3
2018/06/03,UTTAR PRADESH,SIDDHARTH NAGAR,0.0,-,0.05,16.91406059,2018,Jun,3
2018/06/03,UTTAR PRADESH,MEERUT,0.17,-,1.06,2.870536456,2018,Jun,3
2018/06/03,UTTAR PRADESH,PILIBHIT,0.0,-,0.0,6.012680775,2018,Jun,3
2018/06/03,UTTAR PRADESH,SHAHJAHANPUR,0.01,-,0.09,2.492194589,2018,Jun,3
2018/06/03,UTTAR PRADESH,KANPUR DEHAT,0.0,-,0.0,8.029269903,2018,Jun,3
2018/06/03,UTTAR PRADESH,FIROZABAD,0.04,-,0.39,4.482772749,2018,Jun,3
2018/06/03,UTTAR PRADESH,AYODHYA,0.0,-,0.0,3.001663319,2018,Jun,3
2018/06/03,UTTAR PRADESH,KUSHINAGAR,0.11,-,0.84,31.53855554,2018,Jun,3
2018/06/03,UTTAR PRADESH,JALAUN,0.0,-,0.0,6.387844974,2018,Jun,3
2018/06/03,UTTAR PRADESH,GHAZIABAD,0.06,-,0.38,1.829380965,2018,Jun,3
2018/06/03,UTTAR PRADESH,ETAH,0.0,-,0.0,3.685735745,2018,Jun,3
2018/06/03,UTTAR PRADESH,BALLIA,0.0,-,0.0,3.899793907,2018,Jun,3
2018/06/03,UTTAR PRADESH,UNNAO,0.0,-,0.01,4.11443252,2018,Jun,3
2018/06/03,UTTAR PRADESH,MAU,0.0,-,0.0,5.477979563,2018,Jun,3
2018/06/03,UTTAR PRADESH,SITAPUR,0.03,-,0.27,6.151407943,2018,Jun,3
2018/06/03,UTTAR PRADESH,PRAYAGRAJ,0.06,-,0.6,3.528967287,2018,Jun,3
2018/06/03,UTTAR PRADESH,BAREILLY,0.04,-,0.32,1.327104151,2018,Jun,3
2018/06/03,UTTAR PRADESH,SHRAWASTI,0.06,-,0.58,14.96903127,2018,Jun,3
2018/06/03,UTTAR PRADESH,SULTANPUR,0.0,-,0.0,4.114193926,2018,Jun,3
2018/06/03,UTTAR PRADESH,GONDA,0.0,-,0.0,4.863634361,2018,Jun,3
2018/06/03,UTTAR PRADESH,GAUTAM BUDDHA NAGAR,0.09,-,0.54,2.031072747,2018,Jun,3
2018/06/03,UTTAR PRADESH,KANSIRAM NAGAR,0.02,-,0.18,2.948708166,2018,Jun,3
2018/06/03,UTTAR PRADESH,MAHARAJGANJ,0.04,-,0.38,27.24008717,2018,Jun,3
2018/06/03,UTTAR PRADESH,MAINPURI,0.0,-,0.0,6.618769441,2018,Jun,3
2018/06/03,UTTAR PRADESH,VARANASI,0.0,-,0.0,6.581208833,2018,Jun,3
2018/06/03,UTTAR PRADESH,AURAIYA,0.0,-,0.0,11.46728782,2018,Jun,3
2018/06/02,UTTAR PRADESH,FARRUKHABAD,0.01,-,0.08,2.014713399,2018,Jun,2
2018/06/02,UTTAR PRADESH,LUCKNOW,0.05,-,0.32,4.477569582,2018,Jun,2
2018/06/02,UTTAR PRADESH,KHERI,0.11,-,0.95,9.814421564,2018,Jun,2
2018/06/02,UTTAR PRADESH,CHANDAULI,0.0,-,0.0,11.28923685,2018,Jun,2
2018/06/02,UTTAR PRADESH,AMBEDKAR NAGAR,0.0,-,0.0,2.561337,2018,Jun,2
2018/06/02,UTTAR PRADESH,BUDAUN,0.02,-,0.15,1.602181943,2018,Jun,2
2018/06/02,UTTAR PRADESH,BALRAMPUR,0.02,-,0.18,13.92888618,2018,Jun,2
2018/06/02,UTTAR PRADESH,BASTI,0.0,-,0.0,7.685943117,2018,Jun,2
2018/06/02,UTTAR PRADESH,RAMPUR,0.0,-,0.0,2.545729233,2018,Jun,2
2018/06/02,UTTAR PRADESH,MIRZAPUR,0.02,-,0.19,8.167039245,2018,Jun,2
2018/06/02,UTTAR PRADESH,JYOTIBA PHULE NAGAR,0.0,-,0.0,2.354491165,2018,Jun,2
2018/06/02,UTTAR PRADESH,LALITPUR,0.0,-,0.0,2.674142397,2018,Jun,2
2018/06/02,UTTAR PRADESH,MAHAMAYA NAGAR,0.0,-,0.0,4.952912666,2018,Jun,2
2018/06/02,UTTAR PRADESH,MATHURA,0.0,-,0.0,8.445229149,2018,Jun,2
2018/06/02,UTTAR PRADESH,MAHOBA,0.0,-,0.0,2.395088516,2018,Jun,2
2018/06/02,UTTAR PRADESH,CHITRAKOOT,0.22,-,2.1,8.415637427,2018,Jun,2
2018/06/02,UTTAR PRADESH,SAHARANPUR,0.0,-,0.02,6.122966342,2018,Jun,2
2018/06/02,UTTAR PRADESH,KANNAUJ,0.0,-,0.0,4.86264735,2018,Jun,2
2018/06/02,UTTAR PRADESH,SANT KABIR NAGAR,0.0,-,0.0,10.48325594,2018,Jun,2
2018/06/02,UTTAR PRADESH,SONBHADRA,0.05,-,0.33,21.69347364,2018,Jun,2
2018/06/02,UTTAR PRADESH,FATEHPUR,0.11,-,0.88,3.851532883,2018,Jun,2
2018/06/02,UTTAR PRADESH,BARA BANKI,0.0,-,0.0,3.750841774,2018,Jun,2
2018/06/02,UTTAR PRADESH,AZAMGARH,0.0,-,0.0,4.809414278,2018,Jun,2
2018/06/02,UTTAR PRADESH,BAGHPAT,0.0,-,0.0,1.964976654,2018,Jun,2
2018/06/02,UTTAR PRADESH,ALIGARH,0.04,-,0.24,2.429114707,2018,Jun,2
2018/06/02,UTTAR PRADESH,HARDOI,0.0,-,0.0,2.330987195,2018,Jun,2
2018/06/02,UTTAR PRADESH,RAE BARELI,0.0,-,0.02,4.588847114,2018,Jun,2
2018/06/02,UTTAR PRADESH,GHAZIPUR,0.0,-,0.0,6.020893301,2018,Jun,2
2018/06/02,UTTAR PRADESH,KAUSHAMBI,0.15,-,1.12,5.162274636,2018,Jun,2
2018/06/02,UTTAR PRADESH,BULANDSHAHR,0.0,-,0.0,1.73714947,2018,Jun,2
2018/06/02,UTTAR PRADESH,DEORIA,0.0,-,0.0,12.12093643,2018,Jun,2
2018/06/02,UTTAR PRADESH,BAHRAICH,0.23,-,2.21,15.28401443,2018,Jun,2
2018/06/02,UTTAR PRADESH,GORAKHPUR,0.09,-,0.62,13.93092096,2018,Jun,2
2018/06/02,UTTAR PRADESH,BIJNOR,0.0,-,0.01,3.886707203,2018,Jun,2
2018/06/02,UTTAR PRADESH,BANDA,0.0,-,0.05,8.356999132,2018,Jun,2
2018/06/02,UTTAR PRADESH,MUZAFFARNAGAR,0.0,-,0.0,3.973603571,2018,Jun,2
2018/06/02,UTTAR PRADESH,SANT RAVI DAS NAGAR(BHADOHI),0.0,-,0.0,4.307984608,2018,Jun,2
2018/06/02,UTTAR PRADESH,HAMIRPUR,0.0,-,0.0,4.531398648,2018,Jun,2
2018/06/02,UTTAR PRADESH,PRATAPGARH,0.0,-,0.0,5.223684182,2018,Jun,2
2018/06/02,UTTAR PRADESH,ETAWAH,0.03,-,0.31,10.65207893,2018,Jun,2
2018/06/02,UTTAR PRADESH,MORADABAD,0.0,-,0.0,2.28326107,2018,Jun,2
2018/06/02,UTTAR PRADESH,AGRA,0.02,-,0.18,6.441626181,2018,Jun,2
2018/06/02,UTTAR PRADESH,JAUNPUR,0.0,-,0.0,4.69810699,2018,Jun,2
2018/06/02,UTTAR PRADESH,KANPUR NAGAR,0.0,-,0.02,5.168848957,2018,Jun,2
2018/06/02,UTTAR PRADESH,JHANSI,0.0,-,0.0,6.047103478,2018,Jun,2
2018/06/02,UTTAR PRADESH,SIDDHARTH NAGAR,0.0,-,0.05,15.79239772,2018,Jun,2
2018/06/02,UTTAR PRADESH,MEERUT,0.18,-,1.09,2.906509728,2018,Jun,2
2018/06/02,UTTAR PRADESH,PILIBHIT,0.0,-,0.0,6.134278837,2018,Jun,2
2018/06/02,UTTAR PRADESH,SHAHJAHANPUR,0.01,-,0.14,2.509640641,2018,Jun,2
2018/06/02,UTTAR PRADESH,KANPUR DEHAT,0.0,-,0.0,8.24168672,2018,Jun,2
2018/06/02,UTTAR PRADESH,FIROZABAD,0.05,-,0.44,4.573915773,2018,Jun,2
2018/06/02,UTTAR PRADESH,AYODHYA,0.0,-,0.0,2.967885006,2018,Jun,2
2018/06/02,UTTAR PRADESH,KUSHINAGAR,0.38,-,2.88,32.02173582,2018,Jun,2
2018/06/02,UTTAR PRADESH,JALAUN,0.0,-,0.0,6.551467513,2018,Jun,2
2018/06/02,UTTAR PRADESH,GHAZIABAD,0.07,-,0.42,1.870253217,2018,Jun,2
2018/06/02,UTTAR PRADESH,ETAH,0.0,-,0.0,3.728084117,2018,Jun,2
2018/06/02,UTTAR PRADESH,BALLIA,0.0,-,0.0,3.941533963,2018,Jun,2
2018/06/02,UTTAR PRADESH,UNNAO,0.0,-,0.02,4.173809827,2018,Jun,2
2018/06/02,UTTAR PRADESH,MAU,0.0,-,0.0,5.522121462,2018,Jun,2
2018/06/02,UTTAR PRADESH,SITAPUR,0.04,-,0.34,6.315655999,2018,Jun,2
2018/06/02,UTTAR PRADESH,PRAYAGRAJ,0.08,-,0.83,3.585678226,2018,Jun,2
2018/06/02,UTTAR PRADESH,BAREILLY,0.05,-,0.35,1.339574875,2018,Jun,2
2018/06/02,UTTAR PRADESH,SHRAWASTI,0.04,-,0.45,14.12642773,2018,Jun,2
2018/06/02,UTTAR PRADESH,SULTANPUR,0.0,-,0.0,4.147275849,2018,Jun,2
2018/06/02,UTTAR PRADESH,GONDA,0.0,-,0.0,4.503533002,2018,Jun,2
2018/06/02,UTTAR PRADESH,GAUTAM BUDDHA NAGAR,0.09,-,0.58,2.083443256,2018,Jun,2
2018/06/02,UTTAR PRADESH,KANSIRAM NAGAR,0.03,-,0.23,2.971091144,2018,Jun,2
2018/06/02,UTTAR PRADESH,MAHARAJGANJ,0.15,-,1.16,28.29849388,2018,Jun,2
2018/06/02,UTTAR PRADESH,MAINPURI,0.0,-,0.0,6.716968403,2018,Jun,2
2018/06/02,UTTAR PRADESH,VARANASI,0.0,-,0.0,6.714091461,2018,Jun,2
2018/06/02,UTTAR PRADESH,AURAIYA,0.0,-,0.0,11.82194402,2018,Jun,2
2018/06/01,UTTAR PRADESH,FARRUKHABAD,0.02,-,0.2,2.043811918,2018,Jun,1
2018/06/01,UTTAR PRADESH,LUCKNOW,0.06,-,0.36,4.58523987,2018,Jun,1
2018/06/01,UTTAR PRADESH,KHERI,0.12,-,1.04,9.73900254,2018,Jun,1
2018/06/01,UTTAR PRADESH,CHANDAULI,0.0,-,0.0,11.3046548,2018,Jun,1
2018/06/01,UTTAR PRADESH,AMBEDKAR NAGAR,0.0,-,0.0,2.572250737,2018,Jun,1
2018/06/01,UTTAR PRADESH,BUDAUN,0.03,-,0.28,1.617143173,2018,Jun,1
2018/06/01,UTTAR PRADESH,BALRAMPUR,0.01,-,0.09,13.61958645,2018,Jun,1
2018/06/01,UTTAR PRADESH,BASTI,0.0,-,0.0,7.737204162,2018,Jun,1
2018/06/01,UTTAR PRADESH,RAMPUR,0.0,-,0.0,2.550268548,2018,Jun,1
2018/06/01,UTTAR PRADESH,MIRZAPUR,0.03,-,0.28,8.190736986,2018,Jun,1
2018/06/01,UTTAR PRADESH,JYOTIBA PHULE NAGAR,0.01,-,0.07,2.389676274,2018,Jun,1
2018/06/01,UTTAR PRADESH,LALITPUR,0.0,-,0.0,2.718257611,2018,Jun,1
2018/06/01,UTTAR PRADESH,MAHAMAYA NAGAR,0.0,-,0.0,4.992318613,2018,Jun,1
2018/06/01,UTTAR PRADESH,MATHURA,0.0,-,0.0,8.56589332,2018,Jun,1
2018/06/01,UTTAR PRADESH,MAHOBA,0.0,-,0.0,2.432466304,2018,Jun,1
2018/06/01,UTTAR PRADESH,CHITRAKOOT,0.26,-,2.52,8.422052849,2018,Jun,1
2018/06/01,UTTAR PRADESH,SAHARANPUR,0.0,-,0.04,6.224342656,2018,Jun,1
2018/06/01,UTTAR PRADESH,KANNAUJ,0.0,-,0.0,4.971705611,2018,Jun,1
2018/06/01,UTTAR PRADESH,SANT KABIR NAGAR,0.0,-,0.0,10.43572878,2018,Jun,1
2018/06/01,UTTAR PRADESH,SONBHADRA,0.07,-,0.45,22.39028962,2018,Jun,1
2018/06/01,UTTAR PRADESH,FATEHPUR,0.12,-,0.94,3.952852519,2018,Jun,1
2018/06/01,UTTAR PRADESH,BARA BANKI,0.0,-,0.0,3.774522365,2018,Jun,1
2018/06/01,UTTAR PRADESH,AZAMGARH,0.0,-,0.0,4.826696444,2018,Jun,1
2018/06/01,UTTAR PRADESH,BAGHPAT,0.0,-,0.01,1.976897884,2018,Jun,1
2018/06/01,UTTAR PRADESH,ALIGARH,0.04,-,0.3,2.455617412,2018,Jun,1
2018/06/01,UTTAR PRADESH,HARDOI,0.0,-,0.02,2.331756884,2018,Jun,1
2018/06/01,UTTAR PRADESH,RAE BARELI,0.01,-,0.06,4.656344167,2018,Jun,1
2018/06/01,UTTAR PRADESH,GHAZIPUR,0.0,-,0.0,6.014358307,2018,Jun,1
2018/06/01,UTTAR PRADESH,KAUSHAMBI,0.19,-,1.43,5.022892645,2018,Jun,1
2018/06/01,UTTAR PRADESH,BULANDSHAHR,0.0,-,0.02,1.756761318,2018,Jun,1
2018/06/01,UTTAR PRADESH,DEORIA,0.0,-,0.0,10.63621364,2018,Jun,1
2018/06/01,UTTAR PRADESH,BAHRAICH,0.25,-,2.42,15.60916911,2018,Jun,1
2018/06/01,UTTAR PRADESH,GORAKHPUR,0.08,-,0.55,11.1086488,2018,Jun,1
2018/06/01,UTTAR PRADESH,BIJNOR,0.01,-,0.06,3.957376754,2018,Jun,1
2018/06/01,UTTAR PRADESH,BANDA,0.01,-,0.06,8.524233588,2018,Jun,1
2018/06/01,UTTAR PRADESH,MUZAFFARNAGAR,0.0,-,0.01,4.015718322,2018,Jun,1
2018/06/01,UTTAR PRADESH,SANT RAVI DAS NAGAR(BHADOHI),0.0,-,0.0,4.31203352,2018,Jun,1
2018/06/01,UTTAR PRADESH,HAMIRPUR,0.0,-,0.0,4.672536018,2018,Jun,1
2018/06/01,UTTAR PRADESH,PRATAPGARH,0.0,-,0.0,5.277456129,2018,Jun,1
2018/06/01,UTTAR PRADESH,ETAWAH,0.04,-,0.34,10.97293886,2018,Jun,1
2018/06/01,UTTAR PRADESH,MORADABAD,0.0,-,0.01,2.299272083,2018,Jun,1
2018/06/01,UTTAR PRADESH,AGRA,0.02,-,0.2,6.599764301,2018,Jun,1
2018/06/01,UTTAR PRADESH,JAUNPUR,0.0,-,0.0,4.713044749,2018,Jun,1
2018/06/01,UTTAR PRADESH,KANPUR NAGAR,0.0,-,0.03,5.340464671,2018,Jun,1
2018/06/01,UTTAR PRADESH,JHANSI,0.0,-,0.0,6.185482025,2018,Jun,1
2018/06/01,UTTAR PRADESH,SIDDHARTH NAGAR,0.0,-,0.05,13.76882967,2018,Jun,1
2018/06/01,UTTAR PRADESH,MEERUT,0.18,-,1.12,2.952157588,2018,Jun,1
2018/06/01,UTTAR PRADESH,PILIBHIT,0.0,-,0.0,6.017784113,2018,Jun,1
2018/06/01,UTTAR PRADESH,SHAHJAHANPUR,0.02,-,0.2,2.463375905,2018,Jun,1
2018/06/01,UTTAR PRADESH,KANPUR DEHAT,0.0,-,0.0,8.488228336,2018,Jun,1
2018/06/01,UTTAR PRADESH,FIROZABAD,0.06,-,0.52,4.663136769,2018,Jun,1
2018/06/01,UTTAR PRADESH,AYODHYA,0.0,-,0.0,2.996796596,2018,Jun,1
2018/06/01,UTTAR PRADESH,KUSHINAGAR,0.03,-,0.25,26.19612687,2018,Jun,1
2018/06/01,UTTAR PRADESH,JALAUN,0.0,-,0.0,6.743259505,2018,Jun,1
2018/06/01,UTTAR PRADESH,GHAZIABAD,0.08,-,0.48,1.913085734,2018,Jun,1
2018/06/01,UTTAR PRADESH,ETAH,0.0,-,0.0,3.765786369,2018,Jun,1
2018/06/01,UTTAR PRADESH,BALLIA,0.0,-,0.0,3.881764009,2018,Jun,1
2018/06/01,UTTAR PRADESH,UNNAO,0.0,-,0.02,4.247734434,2018,Jun,1
2018/06/01,UTTAR PRADESH,MAU,0.0,-,0.0,5.441862394,2018,Jun,1
2018/06/01,UTTAR PRADESH,SITAPUR,0.04,-,0.36,6.343273188,2018,Jun,1
2018/06/01,UTTAR PRADESH,PRAYAGRAJ,0.1,-,1.07,3.471075854,2018,Jun,1
2018/06/01,UTTAR PRADESH,BAREILLY,0.05,-,0.38,1.278162256,2018,Jun,1
2018/06/01,UTTAR PRADESH,SHRAWASTI,0.05,-,0.52,14.32265842,2018,Jun,1
2018/06/01,UTTAR PRADESH,SULTANPUR,0.0,-,0.0,4.178665336,2018,Jun,1
2018/06/01,UTTAR PRADESH,GONDA,0.0,-,0.0,4.500108218,2018,Jun,1
2018/06/01,UTTAR PRADESH,GAUTAM BUDDHA NAGAR,0.1,-,0.63,2.134236453,2018,Jun,1
2018/06/01,UTTAR PRADESH,KANSIRAM NAGAR,0.04,-,0.32,3.013214096,2018,Jun,1
2018/06/01,UTTAR PRADESH,MAHARAJGANJ,0.08,-,0.54,24.26067529,2018,Jun,1
2018/06/01,UTTAR PRADESH,MAINPURI,0.0,-,0.0,6.822542557,2018,Jun,1
2018/06/01,UTTAR PRADESH,VARANASI,0.0,-,0.0,6.567494872,2018,Jun,1
2018/06/01,UTTAR PRADESH,AURAIYA,0.0,-,0.0,12.22883911,2018,Jun,1
2018/07/31,UTTAR PRADESH,FARRUKHABAD,10.63,-,70.82,36.30612886,2018,Jul,31
2018/07/31,UTTAR PRADESH,LUCKNOW,12.94,-,87.11,40.33071396,2018,Jul,31
2018/07/31,UTTAR PRADESH,KHERI,12.57,-,83.7,40.34287166,2018,Jul,31
2018/07/31,UTTAR PRADESH,CHANDAULI,2.37,-,19.09,32.15898274,2018,Jul,31
2018/07/31,UTTAR PRADESH,AMBEDKAR NAGAR,3.71,-,24.47,31.27749257,2018,Jul,31
2018/07/31,UTTAR PRADESH,BUDAUN,8.41,-,62.83,33.52374906,2018,Jul,31
2018/07/31,UTTAR PRADESH,BALRAMPUR,12.98,-,85.51,38.6823949,2018,Jul,31
2018/07/31,UTTAR PRADESH,BASTI,9.28,-,58.31,30.86989094,2018,Jul,31
2018/07/31,UTTAR PRADESH,RAMPUR,10.72,-,68.76,33.95099152,2018,Jul,31
2018/07/31,UTTAR PRADESH,MIRZAPUR,3.94,-,33.44,34.46882133,2018,Jul,31
2018/07/31,UTTAR PRADESH,JYOTIBA PHULE NAGAR,7.1,-,55.21,32.42610695,2018,Jul,31
2018/07/31,UTTAR PRADESH,LALITPUR,8.1,-,57.6,38.26831046,2018,Jul,31
2018/07/31,UTTAR PRADESH,MAHAMAYA NAGAR,4.02,-,24.92,33.19847166,2018,Jul,31
2018/07/31,UTTAR PRADESH,MATHURA,3.83,-,24.07,30.79734368,2018,Jul,31
2018/07/31,UTTAR PRADESH,MAHOBA,4.08,-,37.13,43.594633,2018,Jul,31
2018/07/31,UTTAR PRADESH,CHITRAKOOT,5.36,-,49.94,39.7007483,2018,Jul,31
2018/07/31,UTTAR PRADESH,SAHARANPUR,8.12,-,56.8,29.58312348,2018,Jul,31
2018/07/31,UTTAR PRADESH,KANNAUJ,11.4,-,77.05,37.19894951,2018,Jul,31
2018/07/31,UTTAR PRADESH,SANT KABIR NAGAR,7.94,-,54.45,30.41307528,2018,Jul,31
2018/07/31,UTTAR PRADESH,SONBHADRA,3.17,-,21.96,37.92918914,2018,Jul,31
2018/07/31,UTTAR PRADESH,FATEHPUR,11.72,-,81.12,37.58164048,2018,Jul,31
2018/07/31,UTTAR PRADESH,BARA BANKI,11.08,-,71.57,38.82746477,2018,Jul,31
2018/07/31,UTTAR PRADESH,AZAMGARH,3.87,-,25.6,28.99629153,2018,Jul,31
2018/07/31,UTTAR PRADESH,BAGHPAT,6.17,-,42.21,26.11503955,2018,Jul,31
2018/07/31,UTTAR PRADESH,ALIGARH,5.35,-,34.06,32.56000285,2018,Jul,31
2018/07/31,UTTAR PRADESH,HARDOI,13.09,-,87.68,40.97656733,2018,Jul,31
2018/07/31,UTTAR PRADESH,RAE BARELI,8.93,-,64.93,36.34931901,2018,Jul,31
2018/07/31,UTTAR PRADESH,GHAZIPUR,5.23,-,39.75,27.88345535,2018,Jul,31
2018/07/31,UTTAR PRADESH,KAUSHAMBI,12.75,-,87.58,38.87419174,2018,Jul,31
2018/07/31,UTTAR PRADESH,BULANDSHAHR,6.96,-,43.87,31.3223942,2018,Jul,31
2018/07/31,UTTAR PRADESH,DEORIA,4.63,-,29.49,32.35254138,2018,Jul,31
2018/07/31,UTTAR PRADESH,BAHRAICH,10.55,-,80.12,40.0069624,2018,Jul,31
2018/07/31,UTTAR PRADESH,GORAKHPUR,6.94,-,45.85,30.45979366,2018,Jul,31
2018/07/31,UTTAR PRADESH,BIJNOR,7.83,-,54.86,30.35576156,2018,Jul,31
2018/07/31,UTTAR PRADESH,BANDA,4.5,-,42.68,42.9077616,2018,Jul,31
2018/07/31,UTTAR PRADESH,MUZAFFARNAGAR,5.29,-,36.78,26.76629078,2018,Jul,31
2018/07/31,UTTAR PRADESH,SANT RAVI DAS NAGAR(BHADOHI),3.48,-,24.54,31.18758444,2018,Jul,31
2018/07/31,UTTAR PRADESH,HAMIRPUR,1.72,-,16.71,41.21809189,2018,Jul,31
2018/07/31,UTTAR PRADESH,PRATAPGARH,4.43,-,31.79,36.00151155,2018,Jul,31
2018/07/31,UTTAR PRADESH,ETAWAH,7.84,-,53.75,34.4067438,2018,Jul,31
2018/07/31,UTTAR PRADESH,MORADABAD,7.53,-,52.26,32.12910837,2018,Jul,31
2018/07/31,UTTAR PRADESH,AGRA,4.43,-,31.97,33.62801279,2018,Jul,31
2018/07/31,UTTAR PRADESH,JAUNPUR,1.79,-,12.65,29.39131465,2018,Jul,31
2018/07/31,UTTAR PRADESH,KANPUR NAGAR,11.9,-,76.23,41.13809082,2018,Jul,31
2018/07/31,UTTAR PRADESH,JHANSI,6.6,-,51.4,43.51130508,2018,Jul,31
2018/07/31,UTTAR PRADESH,SIDDHARTH NAGAR,12.29,-,83.42,40.27538164,2018,Jul,31
2018/07/31,UTTAR PRADESH,MEERUT,4.82,-,31.32,28.93503841,2018,Jul,31
2018/07/31,UTTAR PRADESH,PILIBHIT,13.67,-,88.93,39.46369908,2018,Jul,31
2018/07/31,UTTAR PRADESH,SHAHJAHANPUR,11.3,-,78.89,39.59540154,2018,Jul,31
2018/07/31,UTTAR PRADESH,KANPUR DEHAT,11.01,-,71.05,41.41082425,2018,Jul,31
2018/07/31,UTTAR PRADESH,FIROZABAD,4.8,-,33.9,32.69620526,2018,Jul,31
2018/07/31,UTTAR PRADESH,AYODHYA,6.65,-,45.54,33.43286512,2018,Jul,31
2018/07/31,UTTAR PRADESH,KUSHINAGAR,5.01,-,38.49,33.86305175,2018,Jul,31
2018/07/31,UTTAR PRADESH,JALAUN,1.1,-,8.54,42.9930363,2018,Jul,31
2018/07/31,UTTAR PRADESH,GHAZIABAD,6.82,-,43.57,30.87577432,2018,Jul,31
2018/07/31,UTTAR PRADESH,ETAH,2.49,-,14.82,34.17252409,2018,Jul,31
2018/07/31,UTTAR PRADESH,BALLIA,1.18,-,7.88,29.4868917,2018,Jul,31
2018/07/31,UTTAR PRADESH,UNNAO,12.35,-,83.82,38.37073035,2018,Jul,31
2018/07/31,UTTAR PRADESH,MAU,3.56,-,24.01,29.26970771,2018,Jul,31
2018/07/31,UTTAR PRADESH,SITAPUR,13.69,-,89.68,42.33125253,2018,Jul,31
2018/07/31,UTTAR PRADESH,PRAYAGRAJ,5.77,-,51.81,39.18958275,2018,Jul,31
2018/07/31,UTTAR PRADESH,BAREILLY,10.76,-,70.32,36.61060628,2018,Jul,31
2018/07/31,UTTAR PRADESH,SHRAWASTI,9.76,-,77.88,39.35995794,2018,Jul,31
2018/07/31,UTTAR PRADESH,SULTANPUR,3.74,-,25.24,34.50596449,2018,Jul,31
2018/07/31,UTTAR PRADESH,GONDA,9.12,-,61.58,34.81986919,2018,Jul,31
2018/07/31,UTTAR PRADESH,GAUTAM BUDDHA NAGAR,5.7,-,36.35,31.59987753,2018,Jul,31
2018/07/31,UTTAR PRADESH,KANSIRAM NAGAR,5.69,-,43.42,35.13846016,2018,Jul,31
2018/07/31,UTTAR PRADESH,MAHARAJGANJ,5.82,-,41.4,32.80796552,2018,Jul,31
2018/07/31,UTTAR PRADESH,MAINPURI,6.47,-,42.45,34.39483314,2018,Jul,31
2018/07/31,UTTAR PRADESH,VARANASI,2.1,-,16.18,32.41536611,2018,Jul,31
2018/07/31,UTTAR PRADESH,AURAIYA,10.6,-,71.41,39.24838873,2018,Jul,31
2018/07/30,UTTAR PRADESH,FARRUKHABAD,11.23,-,74.48,37.38708623,2018,Jul,30
2018/07/30,UTTAR PRADESH,LUCKNOW,12.28,-,82.74,39.46969708,2018,Jul,30
2018/07/30,UTTAR PRADESH,KHERI,11.92,-,79.37,39.62976263,2018,Jul,30
2018/07/30,UTTAR PRADESH,CHANDAULI,3.27,-,25.88,34.63769577,2018,Jul,30
2018/07/30,UTTAR PRADESH,AMBEDKAR NAGAR,5.19,-,34.43,34.61270294,2018,Jul,30
2018/07/30,UTTAR PRADESH,BUDAUN,7.31,-,55.66,31.79809902,2018,Jul,30
2018/07/30,UTTAR PRADESH,BALRAMPUR,13.86,-,90.97,40.24048941,2018,Jul,30
2018/07/30,UTTAR PRADESH,BASTI,11.45,-,71.97,35.00959392,2018,Jul,30
2018/07/30,UTTAR PRADESH,RAMPUR,9.13,-,58.68,31.87556607,2018,Jul,30
2018/07/30,UTTAR PRADESH,MIRZAPUR,4.48,-,37.84,36.74836805,2018,Jul,30
2018/07/30,UTTAR PRADESH,JYOTIBA PHULE NAGAR,7.01,-,54.57,32.47423136,2018,Jul,30
2018/07/30,UTTAR PRADESH,LALITPUR,8.11,-,57.64,38.49112704,2018,Jul,30
2018/07/30,UTTAR PRADESH,MAHAMAYA NAGAR,4.12,-,25.52,32.16002168,2018,Jul,30
2018/07/30,UTTAR PRADESH,MATHURA,4.02,-,25.18,29.21198307,2018,Jul,30
2018/07/30,UTTAR PRADESH,MAHOBA,4.06,-,36.92,43.7476006,2018,Jul,30
2018/07/30,UTTAR PRADESH,CHITRAKOOT,5.11,-,47.62,39.30134307,2018,Jul,30
2018/07/30,UTTAR PRADESH,SAHARANPUR,9.11,-,63.51,32.22147167,2018,Jul,30
2018/07/30,UTTAR PRADESH,KANNAUJ,11.59,-,78.74,37.82038298,2018,Jul,30
2018/07/30,UTTAR PRADESH,SANT KABIR NAGAR,10.11,-,69.8,34.75466659,2018,Jul,30
2018/07/30,UTTAR PRADESH,SONBHADRA,3.9,-,26.63,40.24126942,2018,Jul,30
2018/07/30,UTTAR PRADESH,FATEHPUR,12.13,-,83.71,38.62749625,2018,Jul,30
2018/07/30,UTTAR PRADESH,BARA BANKI,10.84,-,69.48,39.49141863,2018,Jul,30
2018/07/30,UTTAR PRADESH,AZAMGARH,4.93,-,32.55,31.24425698,2018,Jul,30
2018/07/30,UTTAR PRADESH,BAGHPAT,6.94,-,47.28,28.72586181,2018,Jul,30
2018/07/30,UTTAR PRADESH,ALIGARH,5.78,-,36.79,32.22108138,2018,Jul,30
2018/07/30,UTTAR PRADESH,HARDOI,12.51,-,83.94,40.21856402,2018,Jul,30
2018/07/30,UTTAR PRADESH,RAE BARELI,8.82,-,64.07,37.07911808,2018,Jul,30
2018/07/30,UTTAR PRADESH,GHAZIPUR,5.91,-,44.54,29.27843638,2018,Jul,30
2018/07/30,UTTAR PRADESH,KAUSHAMBI,12.87,-,88.41,39.34087444,2018,Jul,30
2018/07/30,UTTAR PRADESH,BULANDSHAHR,7.23,-,45.55,31.7826125,2018,Jul,30
2018/07/30,UTTAR PRADESH,DEORIA,5.84,-,37.5,33.33513738,2018,Jul,30
2018/07/30,UTTAR PRADESH,BAHRAICH,10.89,-,82.39,40.92594775,2018,Jul,30
2018/07/30,UTTAR PRADESH,GORAKHPUR,8.26,-,54.44,33.01482091,2018,Jul,30
2018/07/30,UTTAR PRADESH,BIJNOR,8.05,-,56.26,30.80814603,2018,Jul,30
2018/07/30,UTTAR PRADESH,BANDA,4.32,-,40.99,42.6755368,2018,Jul,30
2018/07/30,UTTAR PRADESH,MUZAFFARNAGAR,5.98,-,41.46,29.17678663,2018,Jul,30
2018/07/30,UTTAR PRADESH,SANT RAVI DAS NAGAR(BHADOHI),4.04,-,28.23,33.28504075,2018,Jul,30
2018/07/30,UTTAR PRADESH,HAMIRPUR,1.82,-,17.68,42.42317478,2018,Jul,30
2018/07/30,UTTAR PRADESH,PRATAPGARH,5.1,-,36.41,38.67004401,2018,Jul,30
2018/07/30,UTTAR PRADESH,ETAWAH,8.95,-,61.49,36.41834013,2018,Jul,30
2018/07/30,UTTAR PRADESH,MORADABAD,7.16,-,49.76,31.49259919,2018,Jul,30
2018/07/30,UTTAR PRADESH,AGRA,3.95,-,28.65,31.75938653,2018,Jul,30
2018/07/30,UTTAR PRADESH,JAUNPUR,2.48,-,17.3,31.62083045,2018,Jul,30
2018/07/30,UTTAR PRADESH,KANPUR NAGAR,11.08,-,70.94,40.26222997,2018,Jul,30
2018/07/30,UTTAR PRADESH,JHANSI,6.45,-,50.03,43.59482327,2018,Jul,30
2018/07/30,UTTAR PRADESH,SIDDHARTH NAGAR,12.67,-,86.0,41.19707271,2018,Jul,30
2018/07/30,UTTAR PRADESH,MEERUT,5.68,-,36.77,30.98317322,2018,Jul,30
2018/07/30,UTTAR PRADESH,PILIBHIT,11.15,-,73.09,34.28169893,2018,Jul,30
2018/07/30,UTTAR PRADESH,SHAHJAHANPUR,9.53,-,67.0,37.06087917,2018,Jul,30
2018/07/30,UTTAR PRADESH,KANPUR DEHAT,10.28,-,66.23,40.48671382,2018,Jul,30
2018/07/30,UTTAR PRADESH,FIROZABAD,5.47,-,38.59,33.85515771,2018,Jul,30
2018/07/30,UTTAR PRADESH,AYODHYA,8.0,-,55.49,36.42558971,2018,Jul,30
2018/07/30,UTTAR PRADESH,KUSHINAGAR,5.41,-,41.47,35.76761671,2018,Jul,30
2018/07/30,UTTAR PRADESH,JALAUN,1.11,-,8.6,44.54136772,2018,Jul,30
2018/07/30,UTTAR PRADESH,GHAZIABAD,7.37,-,47.13,32.53558303,2018,Jul,30
2018/07/30,UTTAR PRADESH,ETAH,2.73,-,16.32,34.36474551,2018,Jul,30
2018/07/30,UTTAR PRADESH,BALLIA,1.48,-,9.81,30.02893184,2018,Jul,30
2018/07/30,UTTAR PRADESH,UNNAO,11.78,-,80.12,37.58945346,2018,Jul,30
2018/07/30,UTTAR PRADESH,MAU,4.0,-,26.79,30.25673062,2018,Jul,30
2018/07/30,UTTAR PRADESH,SITAPUR,13.71,-,89.7,42.39507257,2018,Jul,30
2018/07/30,UTTAR PRADESH,PRAYAGRAJ,5.85,-,52.33,39.87812351,2018,Jul,30
2018/07/30,UTTAR PRADESH,BAREILLY,8.36,-,54.54,32.58681075,2018,Jul,30
2018/07/30,UTTAR PRADESH,SHRAWASTI,10.24,-,81.18,40.27837849,2018,Jul,30
2018/07/30,UTTAR PRADESH,SULTANPUR,4.63,-,31.16,37.99558644,2018,Jul,30
2018/07/30,UTTAR PRADESH,GONDA,10.97,-,74.12,38.30053634,2018,Jul,30
2018/07/30,UTTAR PRADESH,GAUTAM BUDDHA NAGAR,6.03,-,38.47,31.23987615,2018,Jul,30
2018/07/30,UTTAR PRADESH,KANSIRAM NAGAR,5.57,-,42.5,34.41674348,2018,Jul,30
2018/07/30,UTTAR PRADESH,MAHARAJGANJ,6.66,-,47.22,35.3963816,2018,Jul,30
2018/07/30,UTTAR PRADESH,MAINPURI,6.98,-,46.18,35.52062112,2018,Jul,30
2018/07/30,UTTAR PRADESH,VARANASI,2.42,-,18.43,34.05303541,2018,Jul,30
2018/07/30,UTTAR PRADESH,AURAIYA,10.9,-,73.79,39.91771158,2018,Jul,30
2018/07/29,UTTAR PRADESH,FARRUKHABAD,10.78,-,71.56,36.42297813,2018,Jul,29
2018/07/29,UTTAR PRADESH,LUCKNOW,9.61,-,64.84,36.09394391,2018,Jul,29
2018/07/29,UTTAR PRADESH,KHERI,10.99,-,73.26,38.17545236,2018,Jul,29
2018/07/29,UTTAR PRADESH,CHANDAULI,4.64,-,37.13,37.55484859,2018,Jul,29
2018/07/29,UTTAR PRADESH,AMBEDKAR NAGAR,6.38,-,42.45,36.72965947,2018,Jul,29
2018/07/29,UTTAR PRADESH,BUDAUN,8.2,-,61.43,33.27740672,2018,Jul,29
2018/07/29,UTTAR PRADESH,BALRAMPUR,12.65,-,83.05,37.25157282,2018,Jul,29
2018/07/29,UTTAR PRADESH,BASTI,11.42,-,71.7,35.307916,2018,Jul,29
2018/07/29,UTTAR PRADESH,RAMPUR,9.98,-,64.05,33.27561568,2018,Jul,29
2018/07/29,UTTAR PRADESH,MIRZAPUR,4.65,-,39.21,38.13741262,2018,Jul,29
2018/07/29,UTTAR PRADESH,JYOTIBA PHULE NAGAR,6.54,-,51.43,30.83208061,2018,Jul,29
2018/07/29,UTTAR PRADESH,LALITPUR,8.14,-,57.97,38.54089466,2018,Jul,29
2018/07/29,UTTAR PRADESH,MAHAMAYA NAGAR,5.26,-,32.83,34.35737223,2018,Jul,29
2018/07/29,UTTAR PRADESH,MATHURA,4.58,-,28.66,31.06525183,2018,Jul,29
2018/07/29,UTTAR PRADESH,MAHOBA,3.77,-,33.93,42.63862677,2018,Jul,29
2018/07/29,UTTAR PRADESH,CHITRAKOOT,5.16,-,47.43,39.30801056,2018,Jul,29
2018/07/29,UTTAR PRADESH,SAHARANPUR,8.83,-,61.6,30.56157038,2018,Jul,29
2018/07/29,UTTAR PRADESH,KANNAUJ,10.83,-,73.46,36.66011023,2018,Jul,29
2018/07/29,UTTAR PRADESH,SANT KABIR NAGAR,10.25,-,70.79,35.3178196,2018,Jul,29
2018/07/29,UTTAR PRADESH,SONBHADRA,4.48,-,30.25,41.61437513,2018,Jul,29
2018/07/29,UTTAR PRADESH,FATEHPUR,11.76,-,81.21,37.34898094,2018,Jul,29
2018/07/29,UTTAR PRADESH,BARA BANKI,7.51,-,47.37,36.13905654,2018,Jul,29
2018/07/29,UTTAR PRADESH,AZAMGARH,7.31,-,48.46,35.93150375,2018,Jul,29
2018/07/29,UTTAR PRADESH,BAGHPAT,7.75,-,52.34,29.11697003,2018,Jul,29
2018/07/29,UTTAR PRADESH,ALIGARH,6.9,-,43.93,34.29407232,2018,Jul,29
2018/07/29,UTTAR PRADESH,HARDOI,10.79,-,72.48,37.56968103,2018,Jul,29
2018/07/29,UTTAR PRADESH,RAE BARELI,8.78,-,63.72,37.25028262,2018,Jul,29
2018/07/29,UTTAR PRADESH,GHAZIPUR,9.2,-,67.42,35.27930363,2018,Jul,29
2018/07/29,UTTAR PRADESH,KAUSHAMBI,12.62,-,86.77,38.91184651,2018,Jul,29
2018/07/29,UTTAR PRADESH,BULANDSHAHR,7.64,-,48.11,32.49336462,2018,Jul,29
2018/07/29,UTTAR PRADESH,DEORIA,9.11,-,58.98,38.581583,2018,Jul,29
2018/07/29,UTTAR PRADESH,BAHRAICH,9.19,-,70.23,38.11648817,2018,Jul,29
2018/07/29,UTTAR PRADESH,GORAKHPUR,10.13,-,66.84,36.31442522,2018,Jul,29
2018/07/29,UTTAR PRADESH,BIJNOR,8.44,-,58.94,31.2381089,2018,Jul,29
2018/07/29,UTTAR PRADESH,BANDA,4.09,-,38.64,42.5050594,2018,Jul,29
2018/07/29,UTTAR PRADESH,MUZAFFARNAGAR,6.8,-,46.64,29.36808061,2018,Jul,29
2018/07/29,UTTAR PRADESH,SANT RAVI DAS NAGAR(BHADOHI),5.47,-,37.72,36.92386708,2018,Jul,29
2018/07/29,UTTAR PRADESH,HAMIRPUR,1.72,-,16.81,42.87207818,2018,Jul,29
2018/07/29,UTTAR PRADESH,PRATAPGARH,5.42,-,38.81,40.16229872,2018,Jul,29
2018/07/29,UTTAR PRADESH,ETAWAH,8.03,-,55.69,36.12947913,2018,Jul,29
2018/07/29,UTTAR PRADESH,MORADABAD,7.7,-,53.32,32.20777075,2018,Jul,29
2018/07/29,UTTAR PRADESH,AGRA,3.95,-,28.6,32.34559952,2018,Jul,29
2018/07/29,UTTAR PRADESH,JAUNPUR,5.07,-,34.95,36.20475299,2018,Jul,29
2018/07/29,UTTAR PRADESH,KANPUR NAGAR,9.88,-,63.24,38.80093196,2018,Jul,29
2018/07/29,UTTAR PRADESH,JHANSI,6.13,-,47.14,42.04150541,2018,Jul,29
2018/07/29,UTTAR PRADESH,SIDDHARTH NAGAR,11.1,-,74.81,38.79781824,2018,Jul,29
2018/07/29,UTTAR PRADESH,MEERUT,5.45,-,35.23,29.76129204,2018,Jul,29
2018/07/29,UTTAR PRADESH,PILIBHIT,10.9,-,71.54,34.00635134,2018,Jul,29
2018/07/29,UTTAR PRADESH,SHAHJAHANPUR,8.1,-,57.35,35.09158238,2018,Jul,29
2018/07/29,UTTAR PRADESH,KANPUR DEHAT,8.29,-,53.03,38.20722043,2018,Jul,29
2018/07/29,UTTAR PRADESH,FIROZABAD,5.58,-,39.34,34.47170734,2018,Jul,29
2018/07/29,UTTAR PRADESH,AYODHYA,7.77,-,54.19,37.04914301,2018,Jul,29
2018/07/29,UTTAR PRADESH,KUSHINAGAR,7.06,-,54.51,39.92991965,2018,Jul,29
2018/07/29,UTTAR PRADESH,JALAUN,0.94,-,7.03,44.25632258,2018,Jul,29
2018/07/29,UTTAR PRADESH,GHAZIABAD,7.25,-,46.29,32.27313341,2018,Jul,29
2018/07/29,UTTAR PRADESH,ETAH,3.65,-,22.04,36.20622238,2018,Jul,29
2018/07/29,UTTAR PRADESH,BALLIA,4.95,-,33.8,35.53893258,2018,Jul,29
2018/07/29,UTTAR PRADESH,UNNAO,10.41,-,71.06,35.70051557,2018,Jul,29
2018/07/29,UTTAR PRADESH,MAU,7.77,-,51.61,36.47037556,2018,Jul,29
2018/07/29,UTTAR PRADESH,SITAPUR,12.68,-,82.82,40.42688617,2018,Jul,29
2018/07/29,UTTAR PRADESH,PRAYAGRAJ,6.03,-,53.49,40.73679253,2018,Jul,29
2018/07/29,UTTAR PRADESH,BAREILLY,9.11,-,59.48,33.92622481,2018,Jul,29
2018/07/29,UTTAR PRADESH,SHRAWASTI,8.69,-,68.42,37.48996075,2018,Jul,29
2018/07/29,UTTAR PRADESH,SULTANPUR,5.45,-,37.08,40.08707828,2018,Jul,29
2018/07/29,UTTAR PRADESH,GONDA,8.97,-,60.28,36.70027373,2018,Jul,29
2018/07/29,UTTAR PRADESH,GAUTAM BUDDHA NAGAR,6.69,-,42.72,32.84220038,2018,Jul,29
2018/07/29,UTTAR PRADESH,KANSIRAM NAGAR,6.71,-,50.1,36.13971852,2018,Jul,29
2018/07/29,UTTAR PRADESH,MAHARAJGANJ,7.35,-,52.31,36.87249818,2018,Jul,29
2018/07/29,UTTAR PRADESH,MAINPURI,6.68,-,44.36,36.05145864,2018,Jul,29
2018/07/29,UTTAR PRADESH,VARANASI,3.44,-,25.54,37.7200275,2018,Jul,29
2018/07/29,UTTAR PRADESH,AURAIYA,9.45,-,64.03,37.93587536,2018,Jul,29
2018/07/28,UTTAR PRADESH,FARRUKHABAD,8.62,-,57.9,33.58468024,2018,Jul,28
2018/07/28,UTTAR PRADESH,LUCKNOW,8.31,-,56.37,34.797301,2018,Jul,28
2018/07/28,UTTAR PRADESH,KHERI,10.36,-,69.07,37.23207212,2018,Jul,28
2018/07/28,UTTAR PRADESH,CHANDAULI,3.29,-,26.31,36.24228629,2018,Jul,28
2018/07/28,UTTAR PRADESH,AMBEDKAR NAGAR,5.2,-,34.62,36.15081658,2018,Jul,28
2018/07/28,UTTAR PRADESH,BUDAUN,8.37,-,62.54,33.62800724,2018,Jul,28
2018/07/28,UTTAR PRADESH,BALRAMPUR,11.75,-,76.62,35.59171748,2018,Jul,28
2018/07/28,UTTAR PRADESH,BASTI,10.82,-,67.94,35.02333367,2018,Jul,28
2018/07/28,UTTAR PRADESH,RAMPUR,10.72,-,68.69,34.71772295,2018,Jul,28
2018/07/28,UTTAR PRADESH,MIRZAPUR,2.83,-,24.23,33.66019284,2018,Jul,28
2018/07/28,UTTAR PRADESH,JYOTIBA PHULE NAGAR,8.0,-,60.89,33.24994963,2018,Jul,28
2018/07/28,UTTAR PRADESH,LALITPUR,8.18,-,58.34,38.80220859,2018,Jul,28
2018/07/28,UTTAR PRADESH,MAHAMAYA NAGAR,5.71,-,35.77,33.75396785,2018,Jul,28
2018/07/28,UTTAR PRADESH,MATHURA,5.42,-,33.87,31.04795175,2018,Jul,28
2018/07/28,UTTAR PRADESH,MAHOBA,3.43,-,30.57,41.00835018,2018,Jul,28
2018/07/28,UTTAR PRADESH,CHITRAKOOT,3.5,-,32.05,36.09810507,2018,Jul,28
2018/07/28,UTTAR PRADESH,SAHARANPUR,11.52,-,79.68,36.07981074,2018,Jul,28
2018/07/28,UTTAR PRADESH,KANNAUJ,7.11,-,48.28,31.30064307,2018,Jul,28
2018/07/28,UTTAR PRADESH,SANT KABIR NAGAR,9.96,-,69.16,35.29411015,2018,Jul,28
2018/07/28,UTTAR PRADESH,SONBHADRA,2.91,-,19.94,40.03379477,2018,Jul,28
2018/07/28,UTTAR PRADESH,FATEHPUR,8.07,-,57.26,30.93370769,2018,Jul,28
2018/07/28,UTTAR PRADESH,BARA BANKI,4.82,-,30.31,33.02490333,2018,Jul,28
2018/07/28,UTTAR PRADESH,AZAMGARH,3.66,-,24.48,34.20154467,2018,Jul,28
2018/07/28,UTTAR PRADESH,BAGHPAT,9.67,-,64.55,31.8419311,2018,Jul,28
2018/07/28,UTTAR PRADESH,ALIGARH,7.86,-,49.96,35.24816564,2018,Jul,28
2018/07/28,UTTAR PRADESH,HARDOI,8.75,-,58.96,35.37009088,2018,Jul,28
2018/07/28,UTTAR PRADESH,RAE BARELI,6.0,-,44.35,33.4158639,2018,Jul,28
2018/07/28,UTTAR PRADESH,GHAZIPUR,7.25,-,53.58,34.90227952,2018,Jul,28
2018/07/28,UTTAR PRADESH,KAUSHAMBI,9.33,-,65.22,32.86966444,2018,Jul,28
2018/07/28,UTTAR PRADESH,BULANDSHAHR,8.71,-,54.78,33.83720879,2018,Jul,28
2018/07/28,UTTAR PRADESH,DEORIA,7.75,-,50.14,39.9191601,2018,Jul,28
2018/07/28,UTTAR PRADESH,BAHRAICH,7.85,-,60.96,35.67979421,2018,Jul,28
2018/07/28,UTTAR PRADESH,GORAKHPUR,8.61,-,57.46,36.8742365,2018,Jul,28
2018/07/28,UTTAR PRADESH,BIJNOR,10.21,-,71.02,34.40830512,2018,Jul,28
2018/07/28,UTTAR PRADESH,BANDA,3.1,-,29.02,39.41394829,2018,Jul,28
2018/07/28,UTTAR PRADESH,MUZAFFARNAGAR,10.09,-,67.84,34.53908551,2018,Jul,28
2018/07/28,UTTAR PRADESH,SANT RAVI DAS NAGAR(BHADOHI),2.99,-,21.51,31.65828965,2018,Jul,28
2018/07/28,UTTAR PRADESH,HAMIRPUR,0.92,-,8.53,36.86667624,2018,Jul,28
2018/07/28,UTTAR PRADESH,PRATAPGARH,1.64,-,12.01,34.50488428,2018,Jul,28
2018/07/28,UTTAR PRADESH,ETAWAH,4.79,-,33.59,30.08402147,2018,Jul,28
2018/07/28,UTTAR PRADESH,MORADABAD,8.58,-,58.99,33.65930608,2018,Jul,28
2018/07/28,UTTAR PRADESH,AGRA,3.42,-,24.59,29.69770825,2018,Jul,28
2018/07/28,UTTAR PRADESH,JAUNPUR,1.53,-,10.78,31.56744734,2018,Jul,28
2018/07/28,UTTAR PRADESH,KANPUR NAGAR,5.63,-,35.99,31.26129074,2018,Jul,28
2018/07/28,UTTAR PRADESH,JHANSI,6.03,-,46.22,40.24161791,2018,Jul,28
2018/07/28,UTTAR PRADESH,SIDDHARTH NAGAR,10.75,-,71.93,38.68592601,2018,Jul,28
2018/07/28,UTTAR PRADESH,MEERUT,7.86,-,50.49,33.55319338,2018,Jul,28
2018/07/28,UTTAR PRADESH,PILIBHIT,10.69,-,70.26,33.881498,2018,Jul,28
2018/07/28,UTTAR PRADESH,SHAHJAHANPUR,7.44,-,53.17,34.68398493,2018,Jul,28
2018/07/28,UTTAR PRADESH,KANPUR DEHAT,4.49,-,28.39,31.54439239,2018,Jul,28
2018/07/28,UTTAR PRADESH,FIROZABAD,3.68,-,26.22,29.66199316,2018,Jul,28
2018/07/28,UTTAR PRADESH,AYODHYA,4.91,-,34.52,32.27743166,2018,Jul,28
2018/07/28,UTTAR PRADESH,KUSHINAGAR,6.93,-,53.9,40.26867657,2018,Jul,28
2018/07/28,UTTAR PRADESH,JALAUN,0.75,-,5.47,38.8176496,2018,Jul,28
2018/07/28,UTTAR PRADESH,GHAZIABAD,8.48,-,54.08,34.51630087,2018,Jul,28
2018/07/28,UTTAR PRADESH,ETAH,2.43,-,14.61,34.19338425,2018,Jul,28
2018/07/28,UTTAR PRADESH,BALLIA,5.12,-,36.07,37.23012675,2018,Jul,28
2018/07/28,UTTAR PRADESH,UNNAO,7.21,-,50.22,31.40992788,2018,Jul,28
2018/07/28,UTTAR PRADESH,MAU,4.09,-,27.04,36.34977272,2018,Jul,28
2018/07/28,UTTAR PRADESH,SITAPUR,10.78,-,70.34,37.35127288,2018,Jul,28
2018/07/28,UTTAR PRADESH,PRAYAGRAJ,4.55,-,40.54,37.33235284,2018,Jul,28
2018/07/28,UTTAR PRADESH,BAREILLY,9.66,-,63.09,34.92687049,2018,Jul,28
2018/07/28,UTTAR PRADESH,SHRAWASTI,7.18,-,56.62,34.33089228,2018,Jul,28
2018/07/28,UTTAR PRADESH,SULTANPUR,3.21,-,21.37,36.23367474,2018,Jul,28
2018/07/28,UTTAR PRADESH,GONDA,6.0,-,40.0,32.97817338,2018,Jul,28
2018/07/28,UTTAR PRADESH,GAUTAM BUDDHA NAGAR,8.02,-,51.26,34.59160969,2018,Jul,28
2018/07/28,UTTAR PRADESH,KANSIRAM NAGAR,6.55,-,49.13,35.86428965,2018,Jul,28
2018/07/28,UTTAR PRADESH,MAHARAJGANJ,8.19,-,58.75,38.69233355,2018,Jul,28
2018/07/28,UTTAR PRADESH,MAINPURI,3.14,-,21.02,30.81642694,2018,Jul,28
2018/07/28,UTTAR PRADESH,VARANASI,1.7,-,13.49,33.1538882,2018,Jul,28
2018/07/28,UTTAR PRADESH,AURAIYA,7.06,-,47.66,33.19709893,2018,Jul,28
2018/07/27,UTTAR PRADESH,FARRUKHABAD,8.76,-,58.52,33.52953162,2018,Jul,27
2018/07/27,UTTAR PRADESH,LUCKNOW,7.41,-,50.33,33.84032298,2018,Jul,27
2018/07/27,UTTAR PRADESH,KHERI,9.9,-,66.04,36.52861091,2018,Jul,27
2018/07/27,UTTAR PRADESH,CHANDAULI,1.13,-,9.85,30.35477906,2018,Jul,27
2018/07/27,UTTAR PRADESH,AMBEDKAR NAGAR,2.72,-,18.34,33.04465584,2018,Jul,27
2018/07/27,UTTAR PRADESH,BUDAUN,7.85,-,59.29,32.61482839,2018,Jul,27
2018/07/27,UTTAR PRADESH,BALRAMPUR,10.67,-,69.29,35.5357866,2018,Jul,27
2018/07/27,UTTAR PRADESH,BASTI,8.17,-,51.4,33.29885729,2018,Jul,27
2018/07/27,UTTAR PRADESH,RAMPUR,9.66,-,62.07,32.77806118,2018,Jul,27
2018/07/27,UTTAR PRADESH,MIRZAPUR,2.58,-,22.13,31.62564833,2018,Jul,27
2018/07/27,UTTAR PRADESH,JYOTIBA PHULE NAGAR,9.57,-,71.14,35.45256534,2018,Jul,27
2018/07/27,UTTAR PRADESH,LALITPUR,8.42,-,60.3,40.30998249,2018,Jul,27
2018/07/27,UTTAR PRADESH,MAHAMAYA NAGAR,8.23,-,51.89,37.68953664,2018,Jul,27
2018/07/27,UTTAR PRADESH,MATHURA,8.74,-,55.14,36.63705945,2018,Jul,27
2018/07/27,UTTAR PRADESH,MAHOBA,3.66,-,32.91,42.3367444,2018,Jul,27
2018/07/27,UTTAR PRADESH,CHITRAKOOT,2.86,-,25.83,33.2431682,2018,Jul,27
2018/07/27,UTTAR PRADESH,SAHARANPUR,11.75,-,81.29,36.41664556,2018,Jul,27
2018/07/27,UTTAR PRADESH,KANNAUJ,8.45,-,57.73,33.44363466,2018,Jul,27
2018/07/27,UTTAR PRADESH,SANT KABIR NAGAR,7.86,-,54.57,33.74029894,2018,Jul,27
2018/07/27,UTTAR PRADESH,SONBHADRA,2.15,-,14.5,36.98743065,2018,Jul,27
2018/07/27,UTTAR PRADESH,FATEHPUR,8.19,-,57.95,31.07831386,2018,Jul,27
2018/07/27,UTTAR PRADESH,BARA BANKI,4.42,-,27.75,33.26161714,2018,Jul,27
2018/07/27,UTTAR PRADESH,AZAMGARH,1.29,-,8.79,29.97329254,2018,Jul,27
2018/07/27,UTTAR PRADESH,BAGHPAT,12.11,-,80.03,36.30871953,2018,Jul,27
2018/07/27,UTTAR PRADESH,ALIGARH,9.17,-,58.26,37.1137283,2018,Jul,27
2018/07/27,UTTAR PRADESH,HARDOI,7.14,-,48.24,33.82880746,2018,Jul,27
2018/07/27,UTTAR PRADESH,RAE BARELI,5.23,-,39.23,31.42445751,2018,Jul,27
2018/07/27,UTTAR PRADESH,GHAZIPUR,2.24,-,17.58,29.015247,2018,Jul,27
2018/07/27,UTTAR PRADESH,KAUSHAMBI,8.95,-,62.69,31.58046084,2018,Jul,27
2018/07/27,UTTAR PRADESH,BULANDSHAHR,10.59,-,66.56,36.72242787,2018,Jul,27
2018/07/27,UTTAR PRADESH,DEORIA,0.61,-,3.9,35.78979695,2018,Jul,27
2018/07/27,UTTAR PRADESH,BAHRAICH,8.04,-,62.42,36.77607093,2018,Jul,27
2018/07/27,UTTAR PRADESH,GORAKHPUR,4.48,-,30.73,34.14193898,2018,Jul,27
2018/07/27,UTTAR PRADESH,BIJNOR,11.1,-,76.55,35.87694207,2018,Jul,27
2018/07/27,UTTAR PRADESH,BANDA,2.75,-,25.4,38.12086586,2018,Jul,27
2018/07/27,UTTAR PRADESH,MUZAFFARNAGAR,11.0,-,73.62,35.94154255,2018,Jul,27
2018/07/27,UTTAR PRADESH,SANT RAVI DAS NAGAR(BHADOHI),2.78,-,19.95,29.52821949,2018,Jul,27
2018/07/27,UTTAR PRADESH,HAMIRPUR,1.04,-,9.68,38.42301298,2018,Jul,27
2018/07/27,UTTAR PRADESH,PRATAPGARH,1.59,-,11.67,34.03192555,2018,Jul,27
2018/07/27,UTTAR PRADESH,ETAWAH,8.27,-,57.13,36.54359068,2018,Jul,27
2018/07/27,UTTAR PRADESH,MORADABAD,8.79,-,60.27,33.92670036,2018,Jul,27
2018/07/27,UTTAR PRADESH,AGRA,5.08,-,36.59,34.33819094,2018,Jul,27
2018/07/27,UTTAR PRADESH,JAUNPUR,0.96,-,6.91,29.11521376,2018,Jul,27
2018/07/27,UTTAR PRADESH,KANPUR NAGAR,6.24,-,39.87,33.05041143,2018,Jul,27
2018/07/27,UTTAR PRADESH,JHANSI,6.22,-,47.83,42.19081948,2018,Jul,27
2018/07/27,UTTAR PRADESH,SIDDHARTH NAGAR,7.18,-,46.64,34.95488671,2018,Jul,27
2018/07/27,UTTAR PRADESH,MEERUT,10.02,-,64.19,36.16506393,2018,Jul,27
2018/07/27,UTTAR PRADESH,PILIBHIT,11.06,-,72.62,34.34540768,2018,Jul,27
2018/07/27,UTTAR PRADESH,SHAHJAHANPUR,6.94,-,49.81,34.62540819,2018,Jul,27
2018/07/27,UTTAR PRADESH,KANPUR DEHAT,5.48,-,34.66,34.58875911,2018,Jul,27
2018/07/27,UTTAR PRADESH,FIROZABAD,5.56,-,39.09,34.0682114,2018,Jul,27
2018/07/27,UTTAR PRADESH,AYODHYA,4.71,-,32.98,32.20417763,2018,Jul,27
2018/07/27,UTTAR PRADESH,KUSHINAGAR,3.59,-,28.8,38.18983602,2018,Jul,27
2018/07/27,UTTAR PRADESH,JALAUN,0.86,-,6.43,41.93359428,2018,Jul,27
2018/07/27,UTTAR PRADESH,GHAZIABAD,10.33,-,65.83,37.17625411,2018,Jul,27
2018/07/27,UTTAR PRADESH,ETAH,3.39,-,20.66,35.9525171,2018,Jul,27
2018/07/27,UTTAR PRADESH,BALLIA,1.28,-,9.21,32.48343399,2018,Jul,27
2018/07/27,UTTAR PRADESH,UNNAO,7.35,-,51.12,31.54779252,2018,Jul,27
2018/07/27,UTTAR PRADESH,MAU,0.13,-,0.8,30.22747129,2018,Jul,27
2018/07/27,UTTAR PRADESH,SITAPUR,9.6,-,62.65,35.9417557,2018,Jul,27
2018/07/27,UTTAR PRADESH,PRAYAGRAJ,3.95,-,35.55,34.68735332,2018,Jul,27
2018/07/27,UTTAR PRADESH,BAREILLY,10.01,-,65.72,35.41406583,2018,Jul,27
2018/07/27,UTTAR PRADESH,SHRAWASTI,7.56,-,59.59,37.17056872,2018,Jul,27
2018/07/27,UTTAR PRADESH,SULTANPUR,2.78,-,18.47,34.41904444,2018,Jul,27
2018/07/27,UTTAR PRADESH,GONDA,6.06,-,40.92,34.57984987,2018,Jul,27
2018/07/27,UTTAR PRADESH,GAUTAM BUDDHA NAGAR,10.56,-,67.95,37.712478,2018,Jul,27
2018/07/27,UTTAR PRADESH,KANSIRAM NAGAR,6.37,-,47.8,35.05748562,2018,Jul,27
2018/07/27,UTTAR PRADESH,MAHARAJGANJ,5.21,-,37.1,35.19361781,2018,Jul,27
2018/07/27,UTTAR PRADESH,MAINPURI,4.88,-,32.74,34.15991885,2018,Jul,27
2018/07/27,UTTAR PRADESH,VARANASI,1.35,-,10.91,30.95776962,2018,Jul,27
2018/07/27,UTTAR PRADESH,AURAIYA,9.08,-,61.58,37.79765982,2018,Jul,27
2018/07/26,UTTAR PRADESH,FARRUKHABAD,8.99,-,59.89,34.19740274,2018,Jul,26
2018/07/26,UTTAR PRADESH,LUCKNOW,6.97,-,47.36,33.84396564,2018,Jul,26
2018/07/26,UTTAR PRADESH,KHERI,9.82,-,65.51,36.41606082,2018,Jul,26
2018/07/26,UTTAR PRADESH,CHANDAULI,1.84,-,15.24,33.98051662,2018,Jul,26
2018/07/26,UTTAR PRADESH,AMBEDKAR NAGAR,2.33,-,15.8,32.89163529,2018,Jul,26
2018/07/26,UTTAR PRADESH,BUDAUN,9.11,-,67.42,34.62688601,2018,Jul,26
2018/07/26,UTTAR PRADESH,BALRAMPUR,6.43,-,42.23,28.30982934,2018,Jul,26
2018/07/26,UTTAR PRADESH,BASTI,6.36,-,40.02,31.92023865,2018,Jul,26
2018/07/26,UTTAR PRADESH,RAMPUR,11.77,-,75.58,36.04735349,2018,Jul,26
2018/07/26,UTTAR PRADESH,MIRZAPUR,3.3,-,28.22,35.06579529,2018,Jul,26
2018/07/26,UTTAR PRADESH,JYOTIBA PHULE NAGAR,9.24,-,69.03,34.39712304,2018,Jul,26
2018/07/26,UTTAR PRADESH,LALITPUR,8.62,-,62.02,41.63593048,2018,Jul,26
2018/07/26,UTTAR PRADESH,MAHAMAYA NAGAR,8.5,-,53.87,37.85158769,2018,Jul,26
2018/07/26,UTTAR PRADESH,MATHURA,9.25,-,58.41,37.33029555,2018,Jul,26
2018/07/26,UTTAR PRADESH,MAHOBA,3.73,-,33.63,43.07581,2018,Jul,26
2018/07/26,UTTAR PRADESH,CHITRAKOOT,3.58,-,32.55,36.01786223,2018,Jul,26
2018/07/26,UTTAR PRADESH,SAHARANPUR,11.99,-,82.79,36.71621425,2018,Jul,26
2018/07/26,UTTAR PRADESH,KANNAUJ,9.22,-,63.23,34.61901883,2018,Jul,26
2018/07/26,UTTAR PRADESH,SANT KABIR NAGAR,5.4,-,37.79,31.20849932,2018,Jul,26
2018/07/26,UTTAR PRADESH,SONBHADRA,2.47,-,16.7,39.15493889,2018,Jul,26
2018/07/26,UTTAR PRADESH,FATEHPUR,9.24,-,64.71,32.92991576,2018,Jul,26
2018/07/26,UTTAR PRADESH,BARA BANKI,3.16,-,19.8,32.68671644,2018,Jul,26
2018/07/26,UTTAR PRADESH,AZAMGARH,1.46,-,9.87,31.15155718,2018,Jul,26
2018/07/26,UTTAR PRADESH,BAGHPAT,12.29,-,81.2,36.48188616,2018,Jul,26
2018/07/26,UTTAR PRADESH,ALIGARH,9.91,-,63.24,38.051893,2018,Jul,26
2018/07/26,UTTAR PRADESH,HARDOI,6.51,-,43.81,33.16788726,2018,Jul,26
2018/07/26,UTTAR PRADESH,RAE BARELI,6.07,-,44.89,33.42359999,2018,Jul,26
2018/07/26,UTTAR PRADESH,GHAZIPUR,2.52,-,19.41,30.91839627,2018,Jul,26
2018/07/26,UTTAR PRADESH,KAUSHAMBI,9.47,-,66.12,33.19756622,2018,Jul,26
2018/07/26,UTTAR PRADESH,BULANDSHAHR,10.13,-,63.66,36.20161442,2018,Jul,26
2018/07/26,UTTAR PRADESH,DEORIA,0.4,-,2.52,35.13078198,2018,Jul,26
2018/07/26,UTTAR PRADESH,BAHRAICH,6.01,-,48.11,32.11848659,2018,Jul,26
2018/07/26,UTTAR PRADESH,GORAKHPUR,2.5,-,17.5,31.30581376,2018,Jul,26
2018/07/26,UTTAR PRADESH,BIJNOR,9.43,-,64.94,33.37177797,2018,Jul,26
2018/07/26,UTTAR PRADESH,BANDA,3.13,-,29.4,40.17503365,2018,Jul,26
2018/07/26,UTTAR PRADESH,MUZAFFARNAGAR,11.11,-,74.35,36.00264094,2018,Jul,26
2018/07/26,UTTAR PRADESH,SANT RAVI DAS NAGAR(BHADOHI),3.07,-,21.91,31.63739084,2018,Jul,26
2018/07/26,UTTAR PRADESH,HAMIRPUR,1.25,-,11.86,41.0154093,2018,Jul,26
2018/07/26,UTTAR PRADESH,PRATAPGARH,1.8,-,13.12,35.23039514,2018,Jul,26
2018/07/26,UTTAR PRADESH,ETAWAH,7.43,-,51.31,35.71049354,2018,Jul,26
2018/07/26,UTTAR PRADESH,MORADABAD,9.74,-,66.64,35.31658238,2018,Jul,26
2018/07/26,UTTAR PRADESH,AGRA,6.38,-,45.89,36.29092135,2018,Jul,26
2018/07/26,UTTAR PRADESH,JAUNPUR,1.27,-,9.07,31.41642774,2018,Jul,26
2018/07/26,UTTAR PRADESH,KANPUR NAGAR,7.01,-,44.75,35.08048507,2018,Jul,26
2018/07/26,UTTAR PRADESH,JHANSI,6.33,-,48.84,43.68728053,2018,Jul,26
2018/07/26,UTTAR PRADESH,SIDDHARTH NAGAR,4.42,-,28.08,30.83671143,2018,Jul,26
2018/07/26,UTTAR PRADESH,MEERUT,10.22,-,65.43,36.36849251,2018,Jul,26
2018/07/26,UTTAR PRADESH,PILIBHIT,9.7,-,63.98,32.39746639,2018,Jul,26
2018/07/26,UTTAR PRADESH,SHAHJAHANPUR,5.2,-,38.35,32.42712816,2018,Jul,26
2018/07/26,UTTAR PRADESH,KANPUR DEHAT,5.54,-,34.93,35.187059,2018,Jul,26
2018/07/26,UTTAR PRADESH,FIROZABAD,6.99,-,48.78,35.93608599,2018,Jul,26
2018/07/26,UTTAR PRADESH,AYODHYA,4.83,-,33.9,32.98949654,2018,Jul,26
2018/07/26,UTTAR PRADESH,KUSHINAGAR,2.27,-,18.66,34.98467515,2018,Jul,26
2018/07/26,UTTAR PRADESH,JALAUN,0.84,-,6.17,44.19747805,2018,Jul,26
2018/07/26,UTTAR PRADESH,GHAZIABAD,10.69,-,68.13,37.48504703,2018,Jul,26
2018/07/26,UTTAR PRADESH,ETAH,4.59,-,28.24,37.34142112,2018,Jul,26
2018/07/26,UTTAR PRADESH,BALLIA,0.98,-,6.95,32.00423672,2018,Jul,26
2018/07/26,UTTAR PRADESH,UNNAO,7.7,-,53.45,32.46415318,2018,Jul,26
2018/07/26,UTTAR PRADESH,MAU,0.11,-,0.73,29.99365124,2018,Jul,26
2018/07/26,UTTAR PRADESH,SITAPUR,7.95,-,51.88,33.92334566,2018,Jul,26
2018/07/26,UTTAR PRADESH,PRAYAGRAJ,4.32,-,38.74,36.98959154,2018,Jul,26
2018/07/26,UTTAR PRADESH,BAREILLY,9.7,-,63.86,35.01032168,2018,Jul,26
2018/07/26,UTTAR PRADESH,SHRAWASTI,5.23,-,42.86,31.14572371,2018,Jul,26
2018/07/26,UTTAR PRADESH,SULTANPUR,3.12,-,20.75,36.29172492,2018,Jul,26
2018/07/26,UTTAR PRADESH,GONDA,4.25,-,28.55,32.90080074,2018,Jul,26
2018/07/26,UTTAR PRADESH,GAUTAM BUDDHA NAGAR,11.17,-,71.99,38.27128709,2018,Jul,26
2018/07/26,UTTAR PRADESH,KANSIRAM NAGAR,7.5,-,55.68,36.64735885,2018,Jul,26
2018/07/26,UTTAR PRADESH,MAHARAJGANJ,4.22,-,29.88,32.46895734,2018,Jul,26
2018/07/26,UTTAR PRADESH,MAINPURI,6.34,-,42.5,36.01594699,2018,Jul,26
2018/07/26,UTTAR PRADESH,VARANASI,1.58,-,12.65,33.40694148,2018,Jul,26
2018/07/26,UTTAR PRADESH,AURAIYA,7.45,-,50.82,36.14855239,2018,Jul,26
2018/07/25,UTTAR PRADESH,FARRUKHABAD,7.56,-,50.83,33.81298591,2018,Jul,25
2018/07/25,UTTAR PRADESH,LUCKNOW,7.17,-,48.67,35.66232363,2018,Jul,25
2018/07/25,UTTAR PRADESH,KHERI,9.56,-,63.9,36.5572545,2018,Jul,25
2018/07/25,UTTAR PRADESH,CHANDAULI,1.56,-,13.55,33.8218988,2018,Jul,25
2018/07/25,UTTAR PRADESH,AMBEDKAR NAGAR,2.15,-,14.69,33.59781569,2018,Jul,25
2018/07/25,UTTAR PRADESH,BUDAUN,7.0,-,54.03,34.82537602,2018,Jul,25
2018/07/25,UTTAR PRADESH,BALRAMPUR,6.12,-,40.23,26.96951456,2018,Jul,25
2018/07/25,UTTAR PRADESH,BASTI,5.63,-,35.55,31.95072015,2018,Jul,25
2018/07/25,UTTAR PRADESH,RAMPUR,10.23,-,65.78,35.14755922,2018,Jul,25
2018/07/25,UTTAR PRADESH,MIRZAPUR,2.84,-,24.22,33.72203406,2018,Jul,25
2018/07/25,UTTAR PRADESH,JYOTIBA PHULE NAGAR,9.61,-,71.45,35.3136528,2018,Jul,25
2018/07/25,UTTAR PRADESH,LALITPUR,8.61,-,61.94,41.88209742,2018,Jul,25
2018/07/25,UTTAR PRADESH,MAHAMAYA NAGAR,7.36,-,46.43,36.62423488,2018,Jul,25
2018/07/25,UTTAR PRADESH,MATHURA,7.44,-,46.8,34.85127983,2018,Jul,25
2018/07/25,UTTAR PRADESH,MAHOBA,3.71,-,33.43,43.35920563,2018,Jul,25
2018/07/25,UTTAR PRADESH,CHITRAKOOT,3.96,-,36.14,37.1971163,2018,Jul,25
2018/07/25,UTTAR PRADESH,SAHARANPUR,7.69,-,53.91,30.69546908,2018,Jul,25
2018/07/25,UTTAR PRADESH,KANNAUJ,9.16,-,62.72,35.17273866,2018,Jul,25
2018/07/25,UTTAR PRADESH,SANT KABIR NAGAR,5.15,-,36.45,31.46571911,2018,Jul,25
2018/07/25,UTTAR PRADESH,SONBHADRA,2.23,-,15.03,38.57944602,2018,Jul,25
2018/07/25,UTTAR PRADESH,FATEHPUR,10.53,-,73.05,35.47595294,2018,Jul,25
2018/07/25,UTTAR PRADESH,BARA BANKI,2.78,-,17.43,32.30499694,2018,Jul,25
2018/07/25,UTTAR PRADESH,AZAMGARH,2.03,-,13.75,32.94777521,2018,Jul,25
2018/07/25,UTTAR PRADESH,BAGHPAT,8.74,-,58.56,32.64054775,2018,Jul,25
2018/07/25,UTTAR PRADESH,ALIGARH,8.65,-,55.11,36.52254958,2018,Jul,25
2018/07/25,UTTAR PRADESH,HARDOI,6.76,-,45.63,34.7541236,2018,Jul,25
2018/07/25,UTTAR PRADESH,RAE BARELI,7.48,-,54.35,36.45577932,2018,Jul,25
2018/07/25,UTTAR PRADESH,GHAZIPUR,2.66,-,20.07,32.60881975,2018,Jul,25
2018/07/25,UTTAR PRADESH,KAUSHAMBI,10.01,-,69.76,34.75824656,2018,Jul,25
2018/07/25,UTTAR PRADESH,BULANDSHAHR,10.26,-,64.59,36.20625788,2018,Jul,25
2018/07/25,UTTAR PRADESH,DEORIA,0.04,-,0.25,31.93324425,2018,Jul,25
2018/07/25,UTTAR PRADESH,BAHRAICH,5.93,-,47.51,31.48707952,2018,Jul,25
2018/07/25,UTTAR PRADESH,GORAKHPUR,2.38,-,16.75,30.1164864,2018,Jul,25
2018/07/25,UTTAR PRADESH,BIJNOR,9.49,-,65.27,34.42617677,2018,Jul,25
2018/07/25,UTTAR PRADESH,BANDA,3.16,-,29.63,40.86929554,2018,Jul,25
2018/07/25,UTTAR PRADESH,MUZAFFARNAGAR,7.19,-,49.03,32.2530369,2018,Jul,25
2018/07/25,UTTAR PRADESH,SANT RAVI DAS NAGAR(BHADOHI),3.29,-,23.38,32.26395525,2018,Jul,25
2018/07/25,UTTAR PRADESH,HAMIRPUR,1.35,-,13.05,42.01914507,2018,Jul,25
2018/07/25,UTTAR PRADESH,PRATAPGARH,2.48,-,17.81,37.5606252,2018,Jul,25
2018/07/25,UTTAR PRADESH,ETAWAH,7.33,-,50.85,35.89436235,2018,Jul,25
2018/07/25,UTTAR PRADESH,MORADABAD,9.79,-,66.93,36.0630109,2018,Jul,25
2018/07/25,UTTAR PRADESH,AGRA,5.68,-,41.01,35.52578141,2018,Jul,25
2018/07/25,UTTAR PRADESH,JAUNPUR,1.86,-,13.03,33.11599621,2018,Jul,25
2018/07/25,UTTAR PRADESH,KANPUR NAGAR,8.47,-,54.07,37.33993247,2018,Jul,25
2018/07/25,UTTAR PRADESH,JHANSI,6.27,-,48.32,43.86345835,2018,Jul,25
2018/07/25,UTTAR PRADESH,SIDDHARTH NAGAR,4.2,-,26.64,30.26186164,2018,Jul,25
2018/07/25,UTTAR PRADESH,MEERUT,7.32,-,47.12,34.20910574,2018,Jul,25
2018/07/25,UTTAR PRADESH,PILIBHIT,9.78,-,64.53,33.4693733,2018,Jul,25
2018/07/25,UTTAR PRADESH,SHAHJAHANPUR,5.16,-,38.17,33.53426424,2018,Jul,25
2018/07/25,UTTAR PRADESH,KANPUR DEHAT,6.83,-,43.21,36.99765593,2018,Jul,25
2018/07/25,UTTAR PRADESH,FIROZABAD,6.35,-,44.7,35.47714813,2018,Jul,25
2018/07/25,UTTAR PRADESH,AYODHYA,4.72,-,33.41,33.00693717,2018,Jul,25
2018/07/25,UTTAR PRADESH,KUSHINAGAR,2.26,-,18.6,34.42796138,2018,Jul,25
2018/07/25,UTTAR PRADESH,JALAUN,0.66,-,4.79,44.25954562,2018,Jul,25
2018/07/25,UTTAR PRADESH,GHAZIABAD,8.23,-,52.51,35.52341571,2018,Jul,25
2018/07/25,UTTAR PRADESH,ETAH,2.92,-,17.87,36.75714287,2018,Jul,25
2018/07/25,UTTAR PRADESH,BALLIA,1.77,-,12.82,33.63385862,2018,Jul,25
2018/07/25,UTTAR PRADESH,UNNAO,8.95,-,61.5,34.8580612,2018,Jul,25
2018/07/25,UTTAR PRADESH,MAU,0.37,-,2.47,30.39002359,2018,Jul,25
2018/07/25,UTTAR PRADESH,SITAPUR,8.28,-,54.14,35.83862816,2018,Jul,25
2018/07/25,UTTAR PRADESH,PRAYAGRAJ,4.26,-,37.97,36.97618043,2018,Jul,25
2018/07/25,UTTAR PRADESH,BAREILLY,8.61,-,56.72,35.2040286,2018,Jul,25
2018/07/25,UTTAR PRADESH,SHRAWASTI,5.15,-,42.19,31.17169847,2018,Jul,25
2018/07/25,UTTAR PRADESH,SULTANPUR,3.31,-,22.01,38.10460561,2018,Jul,25
2018/07/25,UTTAR PRADESH,GONDA,3.53,-,23.95,31.85844089,2018,Jul,25
2018/07/25,UTTAR PRADESH,GAUTAM BUDDHA NAGAR,7.84,-,50.19,35.38323726,2018,Jul,25
2018/07/25,UTTAR PRADESH,KANSIRAM NAGAR,5.73,-,43.43,35.95801321,2018,Jul,25
2018/07/25,UTTAR PRADESH,MAHARAJGANJ,4.27,-,30.19,32.81305423,2018,Jul,25
2018/07/25,UTTAR PRADESH,MAINPURI,4.52,-,30.92,35.16591812,2018,Jul,25
2018/07/25,UTTAR PRADESH,VARANASI,1.57,-,12.62,33.50263505,2018,Jul,25
2018/07/25,UTTAR PRADESH,AURAIYA,7.54,-,51.17,36.61816337,2018,Jul,25
2018/07/24,UTTAR PRADESH,FARRUKHABAD,4.33,-,30.22,26.42421195,2018,Jul,24
2018/07/24,UTTAR PRADESH,LUCKNOW,3.84,-,26.85,29.2593028,2018,Jul,24
2018/07/24,UTTAR PRADESH,KHERI,6.62,-,44.96,29.29727841,2018,Jul,24
2018/07/24,UTTAR PRADESH,CHANDAULI,0.88,-,7.81,31.28392517,2018,Jul,24
2018/07/24,UTTAR PRADESH,AMBEDKAR NAGAR,1.57,-,10.83,28.74364323,2018,Jul,24
2018/07/24,UTTAR PRADESH,BUDAUN,3.08,-,27.57,27.05581511,2018,Jul,24
2018/07/24,UTTAR PRADESH,BALRAMPUR,6.14,-,40.29,26.06460953,2018,Jul,24
2018/07/24,UTTAR PRADESH,BASTI,4.85,-,30.62,27.61559665,2018,Jul,24
2018/07/24,UTTAR PRADESH,RAMPUR,5.99,-,38.58,32.5865031,2018,Jul,24
2018/07/24,UTTAR PRADESH,MIRZAPUR,2.78,-,23.72,33.346236,2018,Jul,24
2018/07/24,UTTAR PRADESH,JYOTIBA PHULE NAGAR,3.94,-,33.96,28.74372098,2018,Jul,24
2018/07/24,UTTAR PRADESH,LALITPUR,8.37,-,60.16,41.30565044,2018,Jul,24
2018/07/24,UTTAR PRADESH,MAHAMAYA NAGAR,7.03,-,43.76,37.04581155,2018,Jul,24
2018/07/24,UTTAR PRADESH,MATHURA,8.12,-,51.13,36.36390873,2018,Jul,24
2018/07/24,UTTAR PRADESH,MAHOBA,3.17,-,28.22,42.51924407,2018,Jul,24
2018/07/24,UTTAR PRADESH,CHITRAKOOT,3.38,-,30.62,35.92981232,2018,Jul,24
2018/07/24,UTTAR PRADESH,SAHARANPUR,7.41,-,51.95,29.10355089,2018,Jul,24
2018/07/24,UTTAR PRADESH,KANNAUJ,7.11,-,50.02,33.83973661,2018,Jul,24
2018/07/24,UTTAR PRADESH,SANT KABIR NAGAR,4.68,-,33.02,27.3127882,2018,Jul,24
2018/07/24,UTTAR PRADESH,SONBHADRA,2.15,-,14.39,37.79750358,2018,Jul,24
2018/07/24,UTTAR PRADESH,FATEHPUR,7.7,-,54.4,32.37046421,2018,Jul,24
2018/07/24,UTTAR PRADESH,BARA BANKI,2.12,-,13.22,29.61972819,2018,Jul,24
2018/07/24,UTTAR PRADESH,AZAMGARH,0.62,-,4.35,26.52308035,2018,Jul,24
2018/07/24,UTTAR PRADESH,BAGHPAT,7.21,-,48.76,27.5093562,2018,Jul,24
2018/07/24,UTTAR PRADESH,ALIGARH,8.17,-,51.42,36.78931732,2018,Jul,24
2018/07/24,UTTAR PRADESH,HARDOI,2.94,-,20.76,27.80505283,2018,Jul,24
2018/07/24,UTTAR PRADESH,RAE BARELI,4.15,-,31.87,31.62999045,2018,Jul,24
2018/07/24,UTTAR PRADESH,GHAZIPUR,1.06,-,8.57,27.98273795,2018,Jul,24
2018/07/24,UTTAR PRADESH,KAUSHAMBI,8.49,-,59.77,33.37074785,2018,Jul,24
2018/07/24,UTTAR PRADESH,BULANDSHAHR,6.83,-,43.03,33.06458446,2018,Jul,24
2018/07/24,UTTAR PRADESH,DEORIA,0.02,-,0.1,30.8352584,2018,Jul,24
2018/07/24,UTTAR PRADESH,BAHRAICH,5.08,-,41.44,26.89648532,2018,Jul,24
2018/07/24,UTTAR PRADESH,GORAKHPUR,2.32,-,16.35,27.98952951,2018,Jul,24
2018/07/24,UTTAR PRADESH,BIJNOR,4.48,-,32.22,29.90362318,2018,Jul,24
2018/07/24,UTTAR PRADESH,BANDA,2.17,-,19.95,38.89265373,2018,Jul,24
2018/07/24,UTTAR PRADESH,MUZAFFARNAGAR,5.51,-,38.21,29.94853206,2018,Jul,24
2018/07/24,UTTAR PRADESH,SANT RAVI DAS NAGAR(BHADOHI),3.35,-,23.72,31.99991121,2018,Jul,24
2018/07/24,UTTAR PRADESH,HAMIRPUR,0.95,-,9.36,41.62410577,2018,Jul,24
2018/07/24,UTTAR PRADESH,PRATAPGARH,1.13,-,8.4,34.27250031,2018,Jul,24
2018/07/24,UTTAR PRADESH,ETAWAH,5.94,-,41.7,34.90068144,2018,Jul,24
2018/07/24,UTTAR PRADESH,MORADABAD,3.22,-,24.38,30.22466252,2018,Jul,24
2018/07/24,UTTAR PRADESH,AGRA,6.99,-,50.3,37.35373643,2018,Jul,24
2018/07/24,UTTAR PRADESH,JAUNPUR,0.67,-,4.99,28.87515373,2018,Jul,24
2018/07/24,UTTAR PRADESH,KANPUR NAGAR,6.86,-,43.85,36.80716778,2018,Jul,24
2018/07/24,UTTAR PRADESH,JHANSI,5.85,-,44.46,43.66969639,2018,Jul,24
2018/07/24,UTTAR PRADESH,SIDDHARTH NAGAR,4.05,-,25.53,28.01036758,2018,Jul,24
2018/07/24,UTTAR PRADESH,MEERUT,4.25,-,27.41,29.2791758,2018,Jul,24
2018/07/24,UTTAR PRADESH,PILIBHIT,7.62,-,50.88,29.9678553,2018,Jul,24
2018/07/24,UTTAR PRADESH,SHAHJAHANPUR,3.31,-,25.26,25.67812612,2018,Jul,24
2018/07/24,UTTAR PRADESH,KANPUR DEHAT,5.64,-,35.54,36.82162892,2018,Jul,24
2018/07/24,UTTAR PRADESH,FIROZABAD,7.14,-,50.55,36.38465243,2018,Jul,24
2018/07/24,UTTAR PRADESH,AYODHYA,4.43,-,31.14,30.52361276,2018,Jul,24
2018/07/24,UTTAR PRADESH,KUSHINAGAR,2.35,-,19.32,35.45440643,2018,Jul,24
2018/07/24,UTTAR PRADESH,JALAUN,0.44,-,3.19,44.20845893,2018,Jul,24
2018/07/24,UTTAR PRADESH,GHAZIABAD,4.84,-,31.07,29.53201693,2018,Jul,24
2018/07/24,UTTAR PRADESH,ETAH,0.87,-,5.47,32.58313967,2018,Jul,24
2018/07/24,UTTAR PRADESH,BALLIA,0.4,-,2.81,29.14288625,2018,Jul,24
2018/07/24,UTTAR PRADESH,UNNAO,5.78,-,41.04,32.88289333,2018,Jul,24
2018/07/24,UTTAR PRADESH,MAU,0.0,-,0.01,25.72126044,2018,Jul,24
2018/07/24,UTTAR PRADESH,SITAPUR,4.9,-,32.06,26.49553032,2018,Jul,24
2018/07/24,UTTAR PRADESH,PRAYAGRAJ,4.01,-,35.59,36.30063141,2018,Jul,24
2018/07/24,UTTAR PRADESH,BAREILLY,5.29,-,34.31,30.23616041,2018,Jul,24
2018/07/24,UTTAR PRADESH,SHRAWASTI,5.04,-,41.09,28.12696259,2018,Jul,24
2018/07/24,UTTAR PRADESH,SULTANPUR,2.39,-,15.87,32.83908786,2018,Jul,24
2018/07/24,UTTAR PRADESH,GONDA,3.32,-,22.52,30.00859309,2018,Jul,24
2018/07/24,UTTAR PRADESH,GAUTAM BUDDHA NAGAR,5.59,-,35.64,32.90242359,2018,Jul,24
2018/07/24,UTTAR PRADESH,KANSIRAM NAGAR,2.67,-,21.72,29.54147842,2018,Jul,24
2018/07/24,UTTAR PRADESH,MAHARAJGANJ,4.37,-,30.95,33.19606951,2018,Jul,24
2018/07/24,UTTAR PRADESH,MAINPURI,2.12,-,15.35,32.12238192,2018,Jul,24
2018/07/24,UTTAR PRADESH,VARANASI,1.24,-,10.28,31.34387579,2018,Jul,24
2018/07/24,UTTAR PRADESH,AURAIYA,6.37,-,43.39,36.0467215,2018,Jul,24
2018/07/23,UTTAR PRADESH,FARRUKHABAD,4.52,-,31.54,26.79687098,2018,Jul,23
2018/07/23,UTTAR PRADESH,LUCKNOW,3.62,-,25.36,27.78533838,2018,Jul,23
2018/07/23,UTTAR PRADESH,KHERI,6.54,-,44.48,29.45117596,2018,Jul,23
2018/07/23,UTTAR PRADESH,CHANDAULI,1.55,-,13.27,33.97152254,2018,Jul,23
2018/07/23,UTTAR PRADESH,AMBEDKAR NAGAR,1.59,-,10.99,29.43590659,2018,Jul,23
2018/07/23,UTTAR PRADESH,BUDAUN,2.96,-,26.78,26.84489106,2018,Jul,23
2018/07/23,UTTAR PRADESH,BALRAMPUR,6.34,-,41.59,27.13843975,2018,Jul,23
2018/07/23,UTTAR PRADESH,BASTI,5.34,-,33.69,28.50700948,2018,Jul,23
2018/07/23,UTTAR PRADESH,RAMPUR,3.6,-,23.54,27.38850149,2018,Jul,23
2018/07/23,UTTAR PRADESH,MIRZAPUR,3.37,-,28.78,36.098348,2018,Jul,23
2018/07/23,UTTAR PRADESH,JYOTIBA PHULE NAGAR,3.75,-,32.61,28.09089383,2018,Jul,23
2018/07/23,UTTAR PRADESH,LALITPUR,8.17,-,58.57,40.94135706,2018,Jul,23
2018/07/23,UTTAR PRADESH,MAHAMAYA NAGAR,4.15,-,25.64,30.75580976,2018,Jul,23
2018/07/23,UTTAR PRADESH,MATHURA,4.39,-,27.28,29.64618502,2018,Jul,23
2018/07/23,UTTAR PRADESH,MAHOBA,2.46,-,21.32,40.67418039,2018,Jul,23
2018/07/23,UTTAR PRADESH,CHITRAKOOT,3.17,-,28.8,35.64629562,2018,Jul,23
2018/07/23,UTTAR PRADESH,SAHARANPUR,8.02,-,56.16,30.09664844,2018,Jul,23
2018/07/23,UTTAR PRADESH,KANNAUJ,4.22,-,29.5,27.02741789,2018,Jul,23
2018/07/23,UTTAR PRADESH,SANT KABIR NAGAR,5.07,-,35.44,27.85531703,2018,Jul,23
2018/07/23,UTTAR PRADESH,SONBHADRA,2.88,-,19.2,39.82772745,2018,Jul,23
2018/07/23,UTTAR PRADESH,FATEHPUR,5.79,-,41.85,28.71757871,2018,Jul,23
2018/07/23,UTTAR PRADESH,BARA BANKI,2.17,-,13.54,29.68971468,2018,Jul,23
2018/07/23,UTTAR PRADESH,AZAMGARH,0.61,-,4.29,27.37734819,2018,Jul,23
2018/07/23,UTTAR PRADESH,BAGHPAT,8.88,-,59.48,30.2691841,2018,Jul,23
2018/07/23,UTTAR PRADESH,ALIGARH,4.61,-,29.15,30.60351102,2018,Jul,23
2018/07/23,UTTAR PRADESH,HARDOI,2.54,-,18.08,24.34292923,2018,Jul,23
2018/07/23,UTTAR PRADESH,RAE BARELI,3.72,-,29.01,30.64283232,2018,Jul,23
2018/07/23,UTTAR PRADESH,GHAZIPUR,0.85,-,7.12,28.11534589,2018,Jul,23
2018/07/23,UTTAR PRADESH,KAUSHAMBI,7.01,-,50.04,31.74002351,2018,Jul,23
2018/07/23,UTTAR PRADESH,BULANDSHAHR,5.12,-,32.25,28.95880787,2018,Jul,23
2018/07/23,UTTAR PRADESH,DEORIA,0.02,-,0.15,30.44324025,2018,Jul,23
2018/07/23,UTTAR PRADESH,BAHRAICH,5.16,-,42.09,27.39502094,2018,Jul,23
2018/07/23,UTTAR PRADESH,GORAKHPUR,2.48,-,17.36,28.27585815,2018,Jul,23
2018/07/23,UTTAR PRADESH,BIJNOR,3.82,-,28.01,28.63677415,2018,Jul,23
2018/07/23,UTTAR PRADESH,BANDA,1.58,-,14.36,36.81442438,2018,Jul,23
2018/07/23,UTTAR PRADESH,MUZAFFARNAGAR,6.12,-,42.44,30.62430569,2018,Jul,23
2018/07/23,UTTAR PRADESH,SANT RAVI DAS NAGAR(BHADOHI),3.86,-,27.09,34.02839361,2018,Jul,23
2018/07/23,UTTAR PRADESH,HAMIRPUR,0.34,-,3.36,37.77208349,2018,Jul,23
2018/07/23,UTTAR PRADESH,PRATAPGARH,0.87,-,6.59,33.62745439,2018,Jul,23
2018/07/23,UTTAR PRADESH,ETAWAH,3.7,-,26.61,30.87473736,2018,Jul,23
2018/07/23,UTTAR PRADESH,MORADABAD,2.54,-,19.68,27.45957321,2018,Jul,23
2018/07/23,UTTAR PRADESH,AGRA,3.12,-,22.52,30.59260441,2018,Jul,23
2018/07/23,UTTAR PRADESH,JAUNPUR,0.85,-,6.3,30.35110563,2018,Jul,23
2018/07/23,UTTAR PRADESH,KANPUR NAGAR,2.44,-,15.81,28.07127374,2018,Jul,23
2018/07/23,UTTAR PRADESH,JHANSI,5.21,-,38.73,42.71682896,2018,Jul,23
2018/07/23,UTTAR PRADESH,SIDDHARTH NAGAR,4.27,-,26.95,28.87427858,2018,Jul,23
2018/07/23,UTTAR PRADESH,MEERUT,5.29,-,33.91,30.89913249,2018,Jul,23
2018/07/23,UTTAR PRADESH,PILIBHIT,6.74,-,45.12,27.38166817,2018,Jul,23
2018/07/23,UTTAR PRADESH,SHAHJAHANPUR,3.41,-,26.0,26.55299975,2018,Jul,23
2018/07/23,UTTAR PRADESH,KANPUR DEHAT,2.16,-,13.42,28.92247771,2018,Jul,23
2018/07/23,UTTAR PRADESH,FIROZABAD,3.16,-,22.97,29.80179135,2018,Jul,23
2018/07/23,UTTAR PRADESH,AYODHYA,5.02,-,35.53,32.8843593,2018,Jul,23
2018/07/23,UTTAR PRADESH,KUSHINAGAR,2.39,-,19.62,33.54377992,2018,Jul,23
2018/07/23,UTTAR PRADESH,JALAUN,0.21,-,1.5,39.67434829,2018,Jul,23
2018/07/23,UTTAR PRADESH,GHAZIABAD,5.7,-,36.45,31.02474303,2018,Jul,23
2018/07/23,UTTAR PRADESH,ETAH,0.45,-,2.7,30.80545511,2018,Jul,23
2018/07/23,UTTAR PRADESH,BALLIA,0.03,-,0.21,24.3702173,2018,Jul,23
2018/07/23,UTTAR PRADESH,UNNAO,3.08,-,23.43,26.12303047,2018,Jul,23
2018/07/23,UTTAR PRADESH,MAU,0.0,-,0.0,26.44995494,2018,Jul,23
2018/07/23,UTTAR PRADESH,SITAPUR,4.95,-,32.4,26.22505452,2018,Jul,23
2018/07/23,UTTAR PRADESH,PRAYAGRAJ,4.1,-,36.24,36.80942557,2018,Jul,23
2018/07/23,UTTAR PRADESH,BAREILLY,3.84,-,25.38,27.36298256,2018,Jul,23
2018/07/23,UTTAR PRADESH,SHRAWASTI,5.18,-,42.22,29.29094261,2018,Jul,23
2018/07/23,UTTAR PRADESH,SULTANPUR,2.58,-,17.11,34.00625736,2018,Jul,23
2018/07/23,UTTAR PRADESH,GONDA,3.43,-,23.18,29.2562047,2018,Jul,23
2018/07/23,UTTAR PRADESH,GAUTAM BUDDHA NAGAR,5.1,-,32.49,29.9761697,2018,Jul,23
2018/07/23,UTTAR PRADESH,KANSIRAM NAGAR,2.83,-,23.09,29.78292478,2018,Jul,23
2018/07/23,UTTAR PRADESH,MAHARAJGANJ,4.49,-,31.66,31.59979316,2018,Jul,23
2018/07/23,UTTAR PRADESH,MAINPURI,1.12,-,8.66,28.96929451,2018,Jul,23
2018/07/23,UTTAR PRADESH,VARANASI,1.68,-,13.43,34.07953659,2018,Jul,23
2018/07/23,UTTAR PRADESH,AURAIYA,3.04,-,20.81,28.2437301,2018,Jul,23
2018/07/22,UTTAR PRADESH,FARRUKHABAD,4.79,-,33.33,28.04490688,2018,Jul,22
2018/07/22,UTTAR PRADESH,LUCKNOW,3.64,-,25.46,27.91053293,2018,Jul,22
2018/07/22,UTTAR PRADESH,KHERI,6.54,-,44.48,28.69937519,2018,Jul,22
2018/07/22,UTTAR PRADESH,CHANDAULI,1.78,-,15.14,34.76790535,2018,Jul,22
2018/07/22,UTTAR PRADESH,AMBEDKAR NAGAR,1.63,-,11.23,30.65443346,2018,Jul,22
2018/07/22,UTTAR PRADESH,BUDAUN,3.21,-,28.55,28.84135682,2018,Jul,22
2018/07/22,UTTAR PRADESH,BALRAMPUR,6.42,-,42.13,28.4053931,2018,Jul,22
2018/07/22,UTTAR PRADESH,BASTI,5.81,-,36.61,30.51625359,2018,Jul,22
2018/07/22,UTTAR PRADESH,RAMPUR,3.87,-,25.35,29.77780165,2018,Jul,22
2018/07/22,UTTAR PRADESH,MIRZAPUR,2.83,-,24.29,35.50195594,2018,Jul,22
2018/07/22,UTTAR PRADESH,JYOTIBA PHULE NAGAR,3.94,-,33.57,30.06923308,2018,Jul,22
2018/07/22,UTTAR PRADESH,LALITPUR,7.77,-,55.17,40.04655836,2018,Jul,22
2018/07/22,UTTAR PRADESH,MAHAMAYA NAGAR,6.05,-,37.56,35.99509613,2018,Jul,22
2018/07/22,UTTAR PRADESH,MATHURA,7.47,-,47.04,36.19299695,2018,Jul,22
2018/07/22,UTTAR PRADESH,MAHOBA,2.09,-,17.7,39.5245869,2018,Jul,22
2018/07/22,UTTAR PRADESH,CHITRAKOOT,2.6,-,23.64,34.62873116,2018,Jul,22
2018/07/22,UTTAR PRADESH,SAHARANPUR,9.57,-,66.8,32.84250593,2018,Jul,22
2018/07/22,UTTAR PRADESH,KANNAUJ,4.51,-,31.41,28.42205503,2018,Jul,22
2018/07/22,UTTAR PRADESH,SANT KABIR NAGAR,5.58,-,38.76,29.70681191,2018,Jul,22
2018/07/22,UTTAR PRADESH,SONBHADRA,3.03,-,20.2,40.52186045,2018,Jul,22
2018/07/22,UTTAR PRADESH,FATEHPUR,6.04,-,43.43,29.2914786,2018,Jul,22
2018/07/22,UTTAR PRADESH,BARA BANKI,2.22,-,13.91,30.4048191,2018,Jul,22
2018/07/22,UTTAR PRADESH,AZAMGARH,0.6,-,4.22,28.8413832,2018,Jul,22
2018/07/22,UTTAR PRADESH,BAGHPAT,12.21,-,80.69,36.38957452,2018,Jul,22
2018/07/22,UTTAR PRADESH,ALIGARH,6.52,-,41.29,35.8249842,2018,Jul,22
2018/07/22,UTTAR PRADESH,HARDOI,2.65,-,18.76,24.67363214,2018,Jul,22
2018/07/22,UTTAR PRADESH,RAE BARELI,3.68,-,28.81,30.046098,2018,Jul,22
2018/07/22,UTTAR PRADESH,GHAZIPUR,0.89,-,7.32,28.48810135,2018,Jul,22
2018/07/22,UTTAR PRADESH,KAUSHAMBI,6.85,-,49.02,32.34474248,2018,Jul,22
2018/07/22,UTTAR PRADESH,BULANDSHAHR,8.4,-,52.9,35.00092936,2018,Jul,22
2018/07/22,UTTAR PRADESH,DEORIA,0.05,-,0.36,32.5216688,2018,Jul,22
2018/07/22,UTTAR PRADESH,BAHRAICH,5.3,-,43.06,28.58042467,2018,Jul,22
2018/07/22,UTTAR PRADESH,GORAKHPUR,2.71,-,18.82,30.13752459,2018,Jul,22
2018/07/22,UTTAR PRADESH,BIJNOR,3.69,-,27.08,29.26104993,2018,Jul,22
2018/07/22,UTTAR PRADESH,BANDA,1.64,-,15.07,37.15925444,2018,Jul,22
2018/07/22,UTTAR PRADESH,MUZAFFARNAGAR,7.4,-,50.66,33.29923579,2018,Jul,22
2018/07/22,UTTAR PRADESH,SANT RAVI DAS NAGAR(BHADOHI),3.2,-,22.81,32.70972963,2018,Jul,22
2018/07/22,UTTAR PRADESH,HAMIRPUR,0.25,-,2.4,37.34834262,2018,Jul,22
2018/07/22,UTTAR PRADESH,PRATAPGARH,0.83,-,6.28,33.22954292,2018,Jul,22
2018/07/22,UTTAR PRADESH,ETAWAH,4.0,-,28.34,30.88720024,2018,Jul,22
2018/07/22,UTTAR PRADESH,MORADABAD,2.74,-,21.21,28.95757389,2018,Jul,22
2018/07/22,UTTAR PRADESH,AGRA,5.27,-,37.99,35.22270069,2018,Jul,22
2018/07/22,UTTAR PRADESH,JAUNPUR,0.76,-,5.62,30.53978435,2018,Jul,22
2018/07/22,UTTAR PRADESH,KANPUR NAGAR,2.59,-,16.74,29.10094784,2018,Jul,22
2018/07/22,UTTAR PRADESH,JHANSI,4.89,-,36.04,42.4740639,2018,Jul,22
2018/07/22,UTTAR PRADESH,SIDDHARTH NAGAR,4.56,-,28.87,30.94431941,2018,Jul,22
2018/07/22,UTTAR PRADESH,MEERUT,7.29,-,46.47,34.57001521,2018,Jul,22
2018/07/22,UTTAR PRADESH,PILIBHIT,7.28,-,48.68,28.69173435,2018,Jul,22
2018/07/22,UTTAR PRADESH,SHAHJAHANPUR,3.6,-,27.25,27.23351389,2018,Jul,22
2018/07/22,UTTAR PRADESH,KANPUR DEHAT,2.48,-,15.38,30.17813024,2018,Jul,22
2018/07/22,UTTAR PRADESH,FIROZABAD,4.36,-,31.34,32.9338281,2018,Jul,22
2018/07/22,UTTAR PRADESH,AYODHYA,4.32,-,30.53,31.77295159,2018,Jul,22
2018/07/22,UTTAR PRADESH,KUSHINAGAR,3.21,-,25.9,36.05881167,2018,Jul,22
2018/07/22,UTTAR PRADESH,JALAUN,0.27,-,1.88,40.58748833,2018,Jul,22
2018/07/22,UTTAR PRADESH,GHAZIABAD,8.19,-,52.2,35.28730262,2018,Jul,22
2018/07/22,UTTAR PRADESH,ETAH,1.0,-,6.13,33.78082319,2018,Jul,22
2018/07/22,UTTAR PRADESH,BALLIA,0.01,-,0.07,24.63126934,2018,Jul,22
2018/07/22,UTTAR PRADESH,UNNAO,3.16,-,23.94,26.86710467,2018,Jul,22
2018/07/22,UTTAR PRADESH,MAU,0.0,-,0.0,27.8386947,2018,Jul,22
2018/07/22,UTTAR PRADESH,SITAPUR,5.07,-,33.14,26.69551135,2018,Jul,22
2018/07/22,UTTAR PRADESH,PRAYAGRAJ,3.72,-,32.98,35.99349649,2018,Jul,22
2018/07/22,UTTAR PRADESH,BAREILLY,4.08,-,26.83,29.37866226,2018,Jul,22
2018/07/22,UTTAR PRADESH,SHRAWASTI,5.32,-,43.25,30.45963559,2018,Jul,22
2018/07/22,UTTAR PRADESH,SULTANPUR,2.77,-,18.35,34.43738701,2018,Jul,22
2018/07/22,UTTAR PRADESH,GONDA,3.45,-,23.3,30.73611705,2018,Jul,22
2018/07/22,UTTAR PRADESH,GAUTAM BUDDHA NAGAR,7.28,-,46.31,35.02562145,2018,Jul,22
2018/07/22,UTTAR PRADESH,KANSIRAM NAGAR,3.18,-,25.66,32.31474799,2018,Jul,22
2018/07/22,UTTAR PRADESH,MAHARAJGANJ,5.28,-,37.06,34.09398844,2018,Jul,22
2018/07/22,UTTAR PRADESH,MAINPURI,1.33,-,10.02,30.20398996,2018,Jul,22
2018/07/22,UTTAR PRADESH,VARANASI,1.41,-,11.52,33.77723168,2018,Jul,22
2018/07/22,UTTAR PRADESH,AURAIYA,3.4,-,23.11,29.83932801,2018,Jul,22
2018/07/21,UTTAR PRADESH,FARRUKHABAD,5.43,-,37.44,31.49578229,2018,Jul,21
2018/07/21,UTTAR PRADESH,LUCKNOW,3.6,-,25.21,27.47158401,2018,Jul,21
2018/07/21,UTTAR PRADESH,KHERI,6.9,-,46.79,30.56198107,2018,Jul,21
2018/07/21,UTTAR PRADESH,CHANDAULI,1.2,-,10.74,33.13485761,2018,Jul,21
2018/07/21,UTTAR PRADESH,AMBEDKAR NAGAR,1.76,-,12.2,32.48837962,2018,Jul,21
2018/07/21,UTTAR PRADESH,BUDAUN,3.2,-,27.83,30.4734948,2018,Jul,21
2018/07/21,UTTAR PRADESH,BALRAMPUR,6.33,-,41.52,27.27935782,2018,Jul,21
2018/07/21,UTTAR PRADESH,BASTI,6.28,-,39.51,32.02853843,2018,Jul,21
2018/07/21,UTTAR PRADESH,RAMPUR,4.18,-,27.28,31.87335598,2018,Jul,21
2018/07/21,UTTAR PRADESH,MIRZAPUR,2.17,-,18.64,34.36338084,2018,Jul,21
2018/07/21,UTTAR PRADESH,JYOTIBA PHULE NAGAR,3.59,-,30.31,30.82636442,2018,Jul,21
2018/07/21,UTTAR PRADESH,LALITPUR,7.47,-,52.46,39.72412935,2018,Jul,21
2018/07/21,UTTAR PRADESH,MAHAMAYA NAGAR,4.41,-,27.32,36.24763118,2018,Jul,21
2018/07/21,UTTAR PRADESH,MATHURA,3.56,-,22.44,32.58868201,2018,Jul,21
2018/07/21,UTTAR PRADESH,MAHOBA,1.59,-,12.42,39.14778371,2018,Jul,21
2018/07/21,UTTAR PRADESH,CHITRAKOOT,1.81,-,16.23,31.81784262,2018,Jul,21
2018/07/21,UTTAR PRADESH,SAHARANPUR,11.34,-,78.87,36.93255306,2018,Jul,21
2018/07/21,UTTAR PRADESH,KANNAUJ,5.35,-,37.67,31.68579741,2018,Jul,21
2018/07/21,UTTAR PRADESH,SANT KABIR NAGAR,6.53,-,45.05,31.42558131,2018,Jul,21
2018/07/21,UTTAR PRADESH,SONBHADRA,1.97,-,13.38,39.79309549,2018,Jul,21
2018/07/21,UTTAR PRADESH,FATEHPUR,6.04,-,43.49,30.28604749,2018,Jul,21
2018/07/21,UTTAR PRADESH,BARA BANKI,2.09,-,13.07,30.56496253,2018,Jul,21
2018/07/21,UTTAR PRADESH,AZAMGARH,1.15,-,7.9,31.71313675,2018,Jul,21
2018/07/21,UTTAR PRADESH,BAGHPAT,9.06,-,60.71,33.36229138,2018,Jul,21
2018/07/21,UTTAR PRADESH,ALIGARH,5.29,-,33.52,36.79221282,2018,Jul,21
2018/07/21,UTTAR PRADESH,HARDOI,2.77,-,19.56,25.40711466,2018,Jul,21
2018/07/21,UTTAR PRADESH,RAE BARELI,3.94,-,30.67,32.33801504,2018,Jul,21
2018/07/21,UTTAR PRADESH,GHAZIPUR,2.1,-,15.64,32.63986932,2018,Jul,21
2018/07/21,UTTAR PRADESH,KAUSHAMBI,5.53,-,40.16,31.0299248,2018,Jul,21
2018/07/21,UTTAR PRADESH,BULANDSHAHR,6.05,-,38.26,35.68022723,2018,Jul,21
2018/07/21,UTTAR PRADESH,DEORIA,0.6,-,3.82,35.03237907,2018,Jul,21
2018/07/21,UTTAR PRADESH,BAHRAICH,5.22,-,42.53,28.56886772,2018,Jul,21
2018/07/21,UTTAR PRADESH,GORAKHPUR,3.53,-,24.41,32.3868672,2018,Jul,21
2018/07/21,UTTAR PRADESH,BIJNOR,4.04,-,29.56,31.73001113,2018,Jul,21
2018/07/21,UTTAR PRADESH,BANDA,1.04,-,9.07,35.27947878,2018,Jul,21
2018/07/21,UTTAR PRADESH,MUZAFFARNAGAR,6.69,-,45.93,34.41883445,2018,Jul,21
2018/07/21,UTTAR PRADESH,SANT RAVI DAS NAGAR(BHADOHI),3.34,-,23.56,34.50505785,2018,Jul,21
2018/07/21,UTTAR PRADESH,HAMIRPUR,0.29,-,2.74,38.83241902,2018,Jul,21
2018/07/21,UTTAR PRADESH,PRATAPGARH,1.26,-,9.19,35.93455593,2018,Jul,21
2018/07/21,UTTAR PRADESH,ETAWAH,6.28,-,43.75,35.47332299,2018,Jul,21
2018/07/21,UTTAR PRADESH,MORADABAD,2.8,-,21.46,30.50290847,2018,Jul,21
2018/07/21,UTTAR PRADESH,AGRA,4.68,-,34.0,34.80462386,2018,Jul,21
2018/07/21,UTTAR PRADESH,JAUNPUR,1.52,-,10.81,32.8465942,2018,Jul,21
2018/07/21,UTTAR PRADESH,KANPUR NAGAR,2.71,-,17.43,30.74846957,2018,Jul,21
2018/07/21,UTTAR PRADESH,JHANSI,4.74,-,34.55,43.01483718,2018,Jul,21
2018/07/21,UTTAR PRADESH,SIDDHARTH NAGAR,4.78,-,30.57,31.60717786,2018,Jul,21
2018/07/21,UTTAR PRADESH,MEERUT,4.82,-,30.87,34.22049597,2018,Jul,21
2018/07/21,UTTAR PRADESH,PILIBHIT,8.6,-,57.22,32.63221119,2018,Jul,21
2018/07/21,UTTAR PRADESH,SHAHJAHANPUR,3.96,-,29.64,29.88499969,2018,Jul,21
2018/07/21,UTTAR PRADESH,KANPUR DEHAT,3.69,-,23.07,34.05776926,2018,Jul,21
2018/07/21,UTTAR PRADESH,FIROZABAD,4.14,-,30.16,32.9630047,2018,Jul,21
2018/07/21,UTTAR PRADESH,AYODHYA,4.95,-,35.48,34.06998532,2018,Jul,21
2018/07/21,UTTAR PRADESH,KUSHINAGAR,4.0,-,32.12,37.90849919,2018,Jul,21
2018/07/21,UTTAR PRADESH,JALAUN,0.37,-,2.58,43.52468894,2018,Jul,21
2018/07/21,UTTAR PRADESH,GHAZIABAD,7.65,-,48.78,35.86372754,2018,Jul,21
2018/07/21,UTTAR PRADESH,ETAH,0.82,-,5.06,34.1855559,2018,Jul,21
2018/07/21,UTTAR PRADESH,BALLIA,0.1,-,0.69,25.65625887,2018,Jul,21
2018/07/21,UTTAR PRADESH,UNNAO,3.21,-,24.32,26.93881988,2018,Jul,21
2018/07/21,UTTAR PRADESH,MAU,0.49,-,3.19,30.35360192,2018,Jul,21
2018/07/21,UTTAR PRADESH,SITAPUR,5.12,-,33.47,26.9611215,2018,Jul,21
2018/07/21,UTTAR PRADESH,PRAYAGRAJ,3.25,-,28.77,35.58566441,2018,Jul,21
2018/07/21,UTTAR PRADESH,BAREILLY,4.63,-,30.48,32.42204331,2018,Jul,21
2018/07/21,UTTAR PRADESH,SHRAWASTI,5.31,-,43.28,30.49612389,2018,Jul,21
2018/07/21,UTTAR PRADESH,SULTANPUR,3.59,-,23.77,38.42088598,2018,Jul,21
2018/07/21,UTTAR PRADESH,GONDA,3.36,-,22.77,30.93357122,2018,Jul,21
2018/07/21,UTTAR PRADESH,GAUTAM BUDDHA NAGAR,6.43,-,40.76,35.20700007,2018,Jul,21
2018/07/21,UTTAR PRADESH,KANSIRAM NAGAR,3.03,-,24.39,34.01145592,2018,Jul,21
2018/07/21,UTTAR PRADESH,MAHARAJGANJ,5.55,-,39.17,35.14943776,2018,Jul,21
2018/07/21,UTTAR PRADESH,MAINPURI,2.34,-,17.15,33.15089425,2018,Jul,21
2018/07/21,UTTAR PRADESH,VARANASI,1.02,-,8.34,33.88944742,2018,Jul,21
2018/07/21,UTTAR PRADESH,AURAIYA,5.76,-,39.04,35.42264324,2018,Jul,21
2018/07/20,UTTAR PRADESH,FARRUKHABAD,4.13,-,29.1,28.11578761,2018,Jul,20
2018/07/20,UTTAR PRADESH,LUCKNOW,3.65,-,25.51,25.58369093,2018,Jul,20
2018/07/20,UTTAR PRADESH,KHERI,6.28,-,42.73,27.96073521,2018,Jul,20
2018/07/20,UTTAR PRADESH,CHANDAULI,0.28,-,2.66,26.13033467,2018,Jul,20
2018/07/20,UTTAR PRADESH,AMBEDKAR NAGAR,1.4,-,9.76,23.29261,2018,Jul,20
2018/07/20,UTTAR PRADESH,BUDAUN,2.01,-,18.37,27.0808764,2018,Jul,20
2018/07/20,UTTAR PRADESH,BALRAMPUR,6.27,-,41.02,24.35096463,2018,Jul,20
2018/07/20,UTTAR PRADESH,BASTI,5.25,-,33.17,30.12698911,2018,Jul,20
2018/07/20,UTTAR PRADESH,RAMPUR,2.63,-,17.21,25.86727573,2018,Jul,20
2018/07/20,UTTAR PRADESH,MIRZAPUR,1.22,-,10.88,28.74045597,2018,Jul,20
2018/07/20,UTTAR PRADESH,JYOTIBA PHULE NAGAR,2.02,-,18.41,27.54452338,2018,Jul,20
2018/07/20,UTTAR PRADESH,LALITPUR,6.32,-,43.61,37.62369548,2018,Jul,20
2018/07/20,UTTAR PRADESH,MAHAMAYA NAGAR,2.03,-,12.53,29.12495206,2018,Jul,20
2018/07/20,UTTAR PRADESH,MATHURA,2.66,-,16.55,29.80920985,2018,Jul,20
2018/07/20,UTTAR PRADESH,MAHOBA,1.14,-,8.39,36.6677308,2018,Jul,20
2018/07/20,UTTAR PRADESH,CHITRAKOOT,1.63,-,14.64,29.43838823,2018,Jul,20
2018/07/20,UTTAR PRADESH,SAHARANPUR,4.18,-,29.97,27.39796567,2018,Jul,20
2018/07/20,UTTAR PRADESH,KANNAUJ,4.3,-,30.29,30.17735252,2018,Jul,20
2018/07/20,UTTAR PRADESH,SANT KABIR NAGAR,6.86,-,47.84,30.46652761,2018,Jul,20
2018/07/20,UTTAR PRADESH,SONBHADRA,1.0,-,6.96,35.35067691,2018,Jul,20
2018/07/20,UTTAR PRADESH,FATEHPUR,5.55,-,40.02,29.68259429,2018,Jul,20
2018/07/20,UTTAR PRADESH,BARA BANKI,2.07,-,12.96,28.36375147,2018,Jul,20
2018/07/20,UTTAR PRADESH,AZAMGARH,0.38,-,2.76,19.60439533,2018,Jul,20
2018/07/20,UTTAR PRADESH,BAGHPAT,7.09,-,48.22,32.74828787,2018,Jul,20
2018/07/20,UTTAR PRADESH,ALIGARH,0.62,-,4.14,27.11012526,2018,Jul,20
2018/07/20,UTTAR PRADESH,HARDOI,2.77,-,19.54,24.58402957,2018,Jul,20
2018/07/20,UTTAR PRADESH,RAE BARELI,3.43,-,27.03,28.99069482,2018,Jul,20
2018/07/20,UTTAR PRADESH,GHAZIPUR,0.13,-,1.14,17.58734885,2018,Jul,20
2018/07/20,UTTAR PRADESH,KAUSHAMBI,4.05,-,29.65,23.12321644,2018,Jul,20
2018/07/20,UTTAR PRADESH,BULANDSHAHR,0.85,-,5.78,29.51448394,2018,Jul,20
2018/07/20,UTTAR PRADESH,DEORIA,0.03,-,0.2,26.0294227,2018,Jul,20
2018/07/20,UTTAR PRADESH,BAHRAICH,5.01,-,40.87,26.28881601,2018,Jul,20
2018/07/20,UTTAR PRADESH,GORAKHPUR,4.09,-,28.85,27.94129753,2018,Jul,20
2018/07/20,UTTAR PRADESH,BIJNOR,2.13,-,15.85,24.54203891,2018,Jul,20
2018/07/20,UTTAR PRADESH,BANDA,1.14,-,10.19,36.01650817,2018,Jul,20
2018/07/20,UTTAR PRADESH,MUZAFFARNAGAR,2.52,-,18.62,29.7886704,2018,Jul,20
2018/07/20,UTTAR PRADESH,SANT RAVI DAS NAGAR(BHADOHI),1.79,-,12.98,28.80279605,2018,Jul,20
2018/07/20,UTTAR PRADESH,HAMIRPUR,0.31,-,2.89,38.59756097,2018,Jul,20
2018/07/20,UTTAR PRADESH,PRATAPGARH,0.5,-,3.85,30.26362234,2018,Jul,20
2018/07/20,UTTAR PRADESH,ETAWAH,2.81,-,20.9,31.40606918,2018,Jul,20
2018/07/20,UTTAR PRADESH,MORADABAD,1.64,-,13.18,25.23407804,2018,Jul,20
2018/07/20,UTTAR PRADESH,AGRA,2.97,-,21.82,32.57006621,2018,Jul,20
2018/07/20,UTTAR PRADESH,JAUNPUR,0.47,-,3.66,25.04918143,2018,Jul,20
2018/07/20,UTTAR PRADESH,KANPUR NAGAR,2.81,-,18.09,31.15547508,2018,Jul,20
2018/07/20,UTTAR PRADESH,JHANSI,3.46,-,23.84,40.39559616,2018,Jul,20
2018/07/20,UTTAR PRADESH,SIDDHARTH NAGAR,4.42,-,28.62,31.63451579,2018,Jul,20
2018/07/20,UTTAR PRADESH,MEERUT,1.75,-,11.56,31.04542911,2018,Jul,20
2018/07/20,UTTAR PRADESH,PILIBHIT,6.51,-,43.95,28.7308816,2018,Jul,20
2018/07/20,UTTAR PRADESH,SHAHJAHANPUR,3.59,-,27.24,27.92140268,2018,Jul,20
2018/07/20,UTTAR PRADESH,KANPUR DEHAT,2.28,-,14.19,32.28969633,2018,Jul,20
2018/07/20,UTTAR PRADESH,FIROZABAD,2.41,-,18.19,30.56294425,2018,Jul,20
2018/07/20,UTTAR PRADESH,AYODHYA,3.77,-,26.92,29.50696117,2018,Jul,20
2018/07/20,UTTAR PRADESH,KUSHINAGAR,3.81,-,30.78,39.05329022,2018,Jul,20
2018/07/20,UTTAR PRADESH,JALAUN,0.21,-,1.38,42.67850074,2018,Jul,20
2018/07/20,UTTAR PRADESH,GHAZIABAD,4.23,-,27.17,33.24930282,2018,Jul,20
2018/07/20,UTTAR PRADESH,ETAH,0.23,-,1.44,30.49633571,2018,Jul,20
2018/07/20,UTTAR PRADESH,BALLIA,0.0,-,0.01,12.81055225,2018,Jul,20
2018/07/20,UTTAR PRADESH,UNNAO,3.22,-,24.35,26.00433881,2018,Jul,20
2018/07/20,UTTAR PRADESH,MAU,0.0,-,0.0,13.60591746,2018,Jul,20
2018/07/20,UTTAR PRADESH,SITAPUR,5.14,-,33.59,26.98923938,2018,Jul,20
2018/07/20,UTTAR PRADESH,PRAYAGRAJ,2.34,-,20.91,28.23539477,2018,Jul,20
2018/07/20,UTTAR PRADESH,BAREILLY,3.03,-,20.2,29.23223715,2018,Jul,20
2018/07/20,UTTAR PRADESH,SHRAWASTI,5.28,-,42.74,27.74355967,2018,Jul,20
2018/07/20,UTTAR PRADESH,SULTANPUR,2.21,-,14.78,32.75677447,2018,Jul,20
2018/07/20,UTTAR PRADESH,GONDA,3.12,-,21.26,27.95653916,2018,Jul,20
2018/07/20,UTTAR PRADESH,GAUTAM BUDDHA NAGAR,3.09,-,19.57,30.87409507,2018,Jul,20
2018/07/20,UTTAR PRADESH,KANSIRAM NAGAR,1.64,-,14.21,28.17037824,2018,Jul,20
2018/07/20,UTTAR PRADESH,MAHARAJGANJ,5.68,-,40.62,37.93635122,2018,Jul,20
2018/07/20,UTTAR PRADESH,MAINPURI,0.87,-,7.15,29.9091021,2018,Jul,20
2018/07/20,UTTAR PRADESH,VARANASI,0.45,-,3.89,28.73483324,2018,Jul,20
2018/07/20,UTTAR PRADESH,AURAIYA,3.02,-,20.68,31.75656223,2018,Jul,20
2018/07/19,UTTAR PRADESH,FARRUKHABAD,4.0,-,27.88,23.0294245,2018,Jul,19
2018/07/19,UTTAR PRADESH,LUCKNOW,3.76,-,26.17,25.87026964,2018,Jul,19
2018/07/19,UTTAR PRADESH,KHERI,6.4,-,43.52,28.19380402,2018,Jul,19
2018/07/19,UTTAR PRADESH,CHANDAULI,0.32,-,2.92,25.80604456,2018,Jul,19
2018/07/19,UTTAR PRADESH,AMBEDKAR NAGAR,1.54,-,10.7,24.21245759,2018,Jul,19
2018/07/19,UTTAR PRADESH,BUDAUN,1.61,-,15.12,20.58638844,2018,Jul,19
2018/07/19,UTTAR PRADESH,BALRAMPUR,6.34,-,41.51,24.22259752,2018,Jul,19
2018/07/19,UTTAR PRADESH,BASTI,3.3,-,21.0,25.88036538,2018,Jul,19
2018/07/19,UTTAR PRADESH,RAMPUR,2.71,-,17.62,22.91860068,2018,Jul,19
2018/07/19,UTTAR PRADESH,MIRZAPUR,1.11,-,9.93,27.26592283,2018,Jul,19
2018/07/19,UTTAR PRADESH,JYOTIBA PHULE NAGAR,1.56,-,14.78,23.82503671,2018,Jul,19
2018/07/19,UTTAR PRADESH,LALITPUR,5.69,-,38.62,36.15964491,2018,Jul,19
2018/07/19,UTTAR PRADESH,MAHAMAYA NAGAR,1.98,-,12.17,25.73193461,2018,Jul,19
2018/07/19,UTTAR PRADESH,MATHURA,2.53,-,15.67,26.35187904,2018,Jul,19
2018/07/19,UTTAR PRADESH,MAHOBA,1.56,-,12.54,39.88256241,2018,Jul,19
2018/07/19,UTTAR PRADESH,CHITRAKOOT,1.61,-,14.57,28.99960076,2018,Jul,19
2018/07/19,UTTAR PRADESH,SAHARANPUR,4.42,-,31.7,29.00097864,2018,Jul,19
2018/07/19,UTTAR PRADESH,KANNAUJ,3.86,-,27.11,26.93785364,2018,Jul,19
2018/07/19,UTTAR PRADESH,SANT KABIR NAGAR,3.21,-,23.71,25.96697805,2018,Jul,19
2018/07/19,UTTAR PRADESH,SONBHADRA,1.3,-,8.93,36.90217083,2018,Jul,19
2018/07/19,UTTAR PRADESH,FATEHPUR,4.88,-,35.54,29.38562335,2018,Jul,19
2018/07/19,UTTAR PRADESH,BARA BANKI,2.21,-,13.85,28.75191445,2018,Jul,19
2018/07/19,UTTAR PRADESH,AZAMGARH,0.42,-,3.04,20.42348142,2018,Jul,19
2018/07/19,UTTAR PRADESH,BAGHPAT,5.22,-,36.21,32.09576752,2018,Jul,19
2018/07/19,UTTAR PRADESH,ALIGARH,0.62,-,4.09,22.75718421,2018,Jul,19
2018/07/19,UTTAR PRADESH,HARDOI,2.87,-,20.09,23.01756745,2018,Jul,19
2018/07/19,UTTAR PRADESH,RAE BARELI,3.72,-,29.16,30.68606161,2018,Jul,19
2018/07/19,UTTAR PRADESH,GHAZIPUR,0.14,-,1.24,18.08314236,2018,Jul,19
2018/07/19,UTTAR PRADESH,KAUSHAMBI,4.2,-,30.7,23.71919481,2018,Jul,19
2018/07/19,UTTAR PRADESH,BULANDSHAHR,0.57,-,4.0,24.06089573,2018,Jul,19
2018/07/19,UTTAR PRADESH,DEORIA,0.0,-,0.0,21.87450065,2018,Jul,19
2018/07/19,UTTAR PRADESH,BAHRAICH,5.12,-,41.67,27.04500121,2018,Jul,19
2018/07/19,UTTAR PRADESH,GORAKHPUR,1.28,-,9.51,22.30307851,2018,Jul,19
2018/07/19,UTTAR PRADESH,BIJNOR,2.21,-,16.35,24.00655913,2018,Jul,19
2018/07/19,UTTAR PRADESH,BANDA,1.09,-,9.99,36.13315575,2018,Jul,19
2018/07/19,UTTAR PRADESH,MUZAFFARNAGAR,1.92,-,15.01,29.84043452,2018,Jul,19
2018/07/19,UTTAR PRADESH,SANT RAVI DAS NAGAR(BHADOHI),1.71,-,12.3,28.86912624,2018,Jul,19
2018/07/19,UTTAR PRADESH,HAMIRPUR,0.57,-,5.6,40.83178257,2018,Jul,19
2018/07/19,UTTAR PRADESH,PRATAPGARH,0.55,-,4.22,32.02814597,2018,Jul,19
2018/07/19,UTTAR PRADESH,ETAWAH,2.77,-,20.65,29.78367035,2018,Jul,19
2018/07/19,UTTAR PRADESH,MORADABAD,1.57,-,12.6,22.21538987,2018,Jul,19
2018/07/19,UTTAR PRADESH,AGRA,2.28,-,16.83,30.05257716,2018,Jul,19
2018/07/19,UTTAR PRADESH,JAUNPUR,0.51,-,3.92,26.31709707,2018,Jul,19
2018/07/19,UTTAR PRADESH,KANPUR NAGAR,2.58,-,16.61,30.01562246,2018,Jul,19
2018/07/19,UTTAR PRADESH,JHANSI,3.84,-,27.17,42.55602578,2018,Jul,19
2018/07/19,UTTAR PRADESH,SIDDHARTH NAGAR,3.19,-,20.04,24.28286893,2018,Jul,19
2018/07/19,UTTAR PRADESH,MEERUT,0.94,-,6.46,28.95256921,2018,Jul,19
2018/07/19,UTTAR PRADESH,PILIBHIT,6.47,-,43.47,28.05610048,2018,Jul,19
2018/07/19,UTTAR PRADESH,SHAHJAHANPUR,3.54,-,26.81,25.4459662,2018,Jul,19
2018/07/19,UTTAR PRADESH,KANPUR DEHAT,2.14,-,13.29,32.19670797,2018,Jul,19
2018/07/19,UTTAR PRADESH,FIROZABAD,2.21,-,16.72,27.28141245,2018,Jul,19
2018/07/19,UTTAR PRADESH,AYODHYA,4.25,-,30.58,31.6484689,2018,Jul,19
2018/07/19,UTTAR PRADESH,KUSHINAGAR,1.1,-,10.19,29.35724434,2018,Jul,19
2018/07/19,UTTAR PRADESH,JALAUN,0.27,-,1.82,44.17943758,2018,Jul,19
2018/07/19,UTTAR PRADESH,GHAZIABAD,2.9,-,18.75,30.73197979,2018,Jul,19
2018/07/19,UTTAR PRADESH,ETAH,0.24,-,1.5,27.80601151,2018,Jul,19
2018/07/19,UTTAR PRADESH,BALLIA,0.0,-,0.0,12.80325417,2018,Jul,19
2018/07/19,UTTAR PRADESH,UNNAO,3.23,-,24.36,24.74301243,2018,Jul,19
2018/07/19,UTTAR PRADESH,MAU,0.0,-,0.0,13.41339308,2018,Jul,19
2018/07/19,UTTAR PRADESH,SITAPUR,5.19,-,33.88,27.10313253,2018,Jul,19
2018/07/19,UTTAR PRADESH,PRAYAGRAJ,2.34,-,20.85,27.56265654,2018,Jul,19
2018/07/19,UTTAR PRADESH,BAREILLY,3.03,-,20.13,23.58481131,2018,Jul,19
2018/07/19,UTTAR PRADESH,SHRAWASTI,5.44,-,43.95,28.56840049,2018,Jul,19
2018/07/19,UTTAR PRADESH,SULTANPUR,2.54,-,16.97,35.92890729,2018,Jul,19
2018/07/19,UTTAR PRADESH,GONDA,3.08,-,21.05,27.51647358,2018,Jul,19
2018/07/19,UTTAR PRADESH,GAUTAM BUDDHA NAGAR,2.71,-,17.19,27.45815587,2018,Jul,19
2018/07/19,UTTAR PRADESH,KANSIRAM NAGAR,1.11,-,9.86,23.36560803,2018,Jul,19
2018/07/19,UTTAR PRADESH,MAHARAJGANJ,2.16,-,15.66,27.71048561,2018,Jul,19
2018/07/19,UTTAR PRADESH,MAINPURI,0.83,-,6.75,26.62854873,2018,Jul,19
2018/07/19,UTTAR PRADESH,VARANASI,0.45,-,3.91,29.21534927,2018,Jul,19
2018/07/19,UTTAR PRADESH,AURAIYA,2.97,-,20.53,31.50576614,2018,Jul,19
2018/07/18,UTTAR PRADESH,FARRUKHABAD,4.23,-,29.25,22.28672761,2018,Jul,18
2018/07/18,UTTAR PRADESH,LUCKNOW,3.92,-,27.17,24.15714951,2018,Jul,18
2018/07/18,UTTAR PRADESH,KHERI,6.63,-,45.06,29.27431163,2018,Jul,18
2018/07/18,UTTAR PRADESH,CHANDAULI,0.27,-,2.55,24.67115357,2018,Jul,18
2018/07/18,UTTAR PRADESH,AMBEDKAR NAGAR,1.68,-,11.62,25.35645219,2018,Jul,18
2018/07/18,UTTAR PRADESH,BUDAUN,1.64,-,15.34,20.78302934,2018,Jul,18
2018/07/18,UTTAR PRADESH,BALRAMPUR,6.65,-,43.45,24.32897298,2018,Jul,18
2018/07/18,UTTAR PRADESH,BASTI,3.58,-,22.75,22.19983692,2018,Jul,18
2018/07/18,UTTAR PRADESH,RAMPUR,3.03,-,19.62,24.28432097,2018,Jul,18
2018/07/18,UTTAR PRADESH,MIRZAPUR,0.98,-,8.74,24.96339407,2018,Jul,18
2018/07/18,UTTAR PRADESH,JYOTIBA PHULE NAGAR,1.54,-,14.58,22.26590528,2018,Jul,18
2018/07/18,UTTAR PRADESH,LALITPUR,5.94,-,40.48,37.71469273,2018,Jul,18
2018/07/18,UTTAR PRADESH,MAHAMAYA NAGAR,2.08,-,12.81,24.51672744,2018,Jul,18
2018/07/18,UTTAR PRADESH,MATHURA,3.06,-,18.98,29.26829603,2018,Jul,18
2018/07/18,UTTAR PRADESH,MAHOBA,1.65,-,13.54,40.90246054,2018,Jul,18
2018/07/18,UTTAR PRADESH,CHITRAKOOT,1.42,-,12.81,26.10055528,2018,Jul,18
2018/07/18,UTTAR PRADESH,SAHARANPUR,4.99,-,35.61,31.46573883,2018,Jul,18
2018/07/18,UTTAR PRADESH,KANNAUJ,4.01,-,27.99,22.34914417,2018,Jul,18
2018/07/18,UTTAR PRADESH,SANT KABIR NAGAR,3.44,-,25.25,21.99321064,2018,Jul,18
2018/07/18,UTTAR PRADESH,SONBHADRA,0.87,-,5.99,33.05889512,2018,Jul,18
2018/07/18,UTTAR PRADESH,FATEHPUR,4.09,-,29.75,23.64389754,2018,Jul,18
2018/07/18,UTTAR PRADESH,BARA BANKI,2.37,-,14.8,24.97953618,2018,Jul,18
2018/07/18,UTTAR PRADESH,AZAMGARH,0.47,-,3.33,21.13316501,2018,Jul,18
2018/07/18,UTTAR PRADESH,BAGHPAT,3.8,-,26.72,30.2438006,2018,Jul,18
2018/07/18,UTTAR PRADESH,ALIGARH,0.65,-,4.29,24.68149951,2018,Jul,18
2018/07/18,UTTAR PRADESH,HARDOI,3.11,-,21.66,23.42084993,2018,Jul,18
2018/07/18,UTTAR PRADESH,RAE BARELI,3.27,-,25.7,25.63088418,2018,Jul,18
2018/07/18,UTTAR PRADESH,GHAZIPUR,0.14,-,1.27,18.34250275,2018,Jul,18
2018/07/18,UTTAR PRADESH,KAUSHAMBI,4.22,-,30.71,22.80921824,2018,Jul,18
2018/07/18,UTTAR PRADESH,BULANDSHAHR,0.6,-,4.16,23.83957224,2018,Jul,18
2018/07/18,UTTAR PRADESH,DEORIA,0.0,-,0.0,18.23028357,2018,Jul,18
2018/07/18,UTTAR PRADESH,BAHRAICH,5.29,-,42.88,27.69715458,2018,Jul,18
2018/07/18,UTTAR PRADESH,GORAKHPUR,1.4,-,10.41,18.88674565,2018,Jul,18
2018/07/18,UTTAR PRADESH,BIJNOR,2.5,-,18.4,26.0443801,2018,Jul,18
2018/07/18,UTTAR PRADESH,BANDA,0.54,-,4.72,27.91089945,2018,Jul,18
2018/07/18,UTTAR PRADESH,MUZAFFARNAGAR,1.74,-,13.8,30.5427671,2018,Jul,18
2018/07/18,UTTAR PRADESH,SANT RAVI DAS NAGAR(BHADOHI),1.79,-,12.87,24.73756594,2018,Jul,18
2018/07/18,UTTAR PRADESH,HAMIRPUR,0.15,-,1.49,36.37522683,2018,Jul,18
2018/07/18,UTTAR PRADESH,PRATAPGARH,0.48,-,3.74,28.56402603,2018,Jul,18
2018/07/18,UTTAR PRADESH,ETAWAH,2.34,-,17.81,22.96516217,2018,Jul,18
2018/07/18,UTTAR PRADESH,MORADABAD,1.73,-,13.85,23.02257856,2018,Jul,18
2018/07/18,UTTAR PRADESH,AGRA,3.38,-,24.92,30.53402938,2018,Jul,18
2018/07/18,UTTAR PRADESH,JAUNPUR,0.55,-,4.2,23.89307641,2018,Jul,18
2018/07/18,UTTAR PRADESH,KANPUR NAGAR,2.25,-,14.5,23.71009363,2018,Jul,18
2018/07/18,UTTAR PRADESH,JHANSI,2.72,-,18.38,41.91376181,2018,Jul,18
2018/07/18,UTTAR PRADESH,SIDDHARTH NAGAR,3.42,-,21.44,23.0996391,2018,Jul,18
2018/07/18,UTTAR PRADESH,MEERUT,0.59,-,4.32,27.09760568,2018,Jul,18
2018/07/18,UTTAR PRADESH,PILIBHIT,6.72,-,45.11,28.01167529,2018,Jul,18
2018/07/18,UTTAR PRADESH,SHAHJAHANPUR,3.68,-,27.69,25.24942823,2018,Jul,18
2018/07/18,UTTAR PRADESH,KANPUR DEHAT,1.45,-,8.98,25.25662354,2018,Jul,18
2018/07/18,UTTAR PRADESH,FIROZABAD,2.3,-,17.33,21.99002311,2018,Jul,18
2018/07/18,UTTAR PRADESH,AYODHYA,3.6,-,25.71,24.92991015,2018,Jul,18
2018/07/18,UTTAR PRADESH,KUSHINAGAR,1.16,-,10.64,24.71937393,2018,Jul,18
2018/07/18,UTTAR PRADESH,JALAUN,0.17,-,1.18,40.62334133,2018,Jul,18
2018/07/18,UTTAR PRADESH,GHAZIABAD,2.47,-,15.96,27.50849278,2018,Jul,18
2018/07/18,UTTAR PRADESH,ETAH,0.29,-,1.8,23.27825052,2018,Jul,18
2018/07/18,UTTAR PRADESH,BALLIA,0.0,-,0.01,13.4165028,2018,Jul,18
2018/07/18,UTTAR PRADESH,UNNAO,3.38,-,25.2,22.23188724,2018,Jul,18
2018/07/18,UTTAR PRADESH,MAU,0.0,-,0.0,13.65096991,2018,Jul,18
2018/07/18,UTTAR PRADESH,SITAPUR,5.28,-,34.46,26.76724453,2018,Jul,18
2018/07/18,UTTAR PRADESH,PRAYAGRAJ,2.37,-,21.17,27.17541386,2018,Jul,18
2018/07/18,UTTAR PRADESH,BAREILLY,3.22,-,21.35,24.65020775,2018,Jul,18
2018/07/18,UTTAR PRADESH,SHRAWASTI,5.7,-,45.8,29.44173251,2018,Jul,18
2018/07/18,UTTAR PRADESH,SULTANPUR,1.92,-,12.85,30.31862514,2018,Jul,18
2018/07/18,UTTAR PRADESH,GONDA,3.32,-,22.58,24.29452303,2018,Jul,18
2018/07/18,UTTAR PRADESH,GAUTAM BUDDHA NAGAR,2.87,-,18.26,28.91186457,2018,Jul,18
2018/07/18,UTTAR PRADESH,KANSIRAM NAGAR,1.1,-,9.73,22.59406208,2018,Jul,18
2018/07/18,UTTAR PRADESH,MAHARAJGANJ,2.39,-,17.26,25.21931333,2018,Jul,18
2018/07/18,UTTAR PRADESH,MAINPURI,0.88,-,7.09,21.89666326,2018,Jul,18
2018/07/18,UTTAR PRADESH,VARANASI,0.36,-,3.12,27.36400248,2018,Jul,18
2018/07/18,UTTAR PRADESH,AURAIYA,2.17,-,15.23,24.17915502,2018,Jul,18
2018/07/17,UTTAR PRADESH,FARRUKHABAD,4.59,-,31.58,23.62696011,2018,Jul,17
2018/07/17,UTTAR PRADESH,LUCKNOW,4.27,-,29.44,25.88508927,2018,Jul,17
2018/07/17,UTTAR PRADESH,KHERI,6.94,-,47.0,31.10702408,2018,Jul,17
2018/07/17,UTTAR PRADESH,CHANDAULI,0.23,-,2.19,24.16625281,2018,Jul,17
2018/07/17,UTTAR PRADESH,AMBEDKAR NAGAR,1.87,-,12.87,26.38375362,2018,Jul,17
2018/07/17,UTTAR PRADESH,BUDAUN,1.78,-,16.58,22.48878247,2018,Jul,17
2018/07/17,UTTAR PRADESH,BALRAMPUR,7.06,-,46.01,25.81577972,2018,Jul,17
2018/07/17,UTTAR PRADESH,BASTI,3.99,-,25.32,23.40980074,2018,Jul,17
2018/07/17,UTTAR PRADESH,RAMPUR,3.4,-,22.05,25.58206527,2018,Jul,17
2018/07/17,UTTAR PRADESH,MIRZAPUR,1.06,-,9.35,26.00493786,2018,Jul,17
2018/07/17,UTTAR PRADESH,JYOTIBA PHULE NAGAR,1.67,-,15.62,24.04514898,2018,Jul,17
2018/07/17,UTTAR PRADESH,LALITPUR,4.0,-,26.74,33.29445543,2018,Jul,17
2018/07/17,UTTAR PRADESH,MAHAMAYA NAGAR,2.24,-,13.8,26.11794206,2018,Jul,17
2018/07/17,UTTAR PRADESH,MATHURA,2.58,-,15.98,25.81102024,2018,Jul,17
2018/07/17,UTTAR PRADESH,MAHOBA,0.03,-,0.2,31.8583496,2018,Jul,17
2018/07/17,UTTAR PRADESH,CHITRAKOOT,1.49,-,13.4,27.28094051,2018,Jul,17
2018/07/17,UTTAR PRADESH,SAHARANPUR,3.86,-,27.79,29.96988615,2018,Jul,17
2018/07/17,UTTAR PRADESH,KANNAUJ,4.36,-,30.19,24.06964477,2018,Jul,17
2018/07/17,UTTAR PRADESH,SANT KABIR NAGAR,3.75,-,27.28,23.57848064,2018,Jul,17
2018/07/17,UTTAR PRADESH,SONBHADRA,0.91,-,6.32,33.44284859,2018,Jul,17
2018/07/17,UTTAR PRADESH,FATEHPUR,4.41,-,31.94,24.41726343,2018,Jul,17
2018/07/17,UTTAR PRADESH,BARA BANKI,2.78,-,17.37,26.5470938,2018,Jul,17
2018/07/17,UTTAR PRADESH,AZAMGARH,0.52,-,3.63,22.37319821,2018,Jul,17
2018/07/17,UTTAR PRADESH,BAGHPAT,3.69,-,25.4,31.11745119,2018,Jul,17
2018/07/17,UTTAR PRADESH,ALIGARH,0.69,-,4.52,26.2915148,2018,Jul,17
2018/07/17,UTTAR PRADESH,HARDOI,3.44,-,23.71,24.90545812,2018,Jul,17
2018/07/17,UTTAR PRADESH,RAE BARELI,3.44,-,26.85,25.94074118,2018,Jul,17
2018/07/17,UTTAR PRADESH,GHAZIPUR,0.14,-,1.26,19.38323189,2018,Jul,17
2018/07/17,UTTAR PRADESH,KAUSHAMBI,4.56,-,33.19,24.55187282,2018,Jul,17
2018/07/17,UTTAR PRADESH,BULANDSHAHR,0.63,-,4.37,25.57030803,2018,Jul,17
2018/07/17,UTTAR PRADESH,DEORIA,0.0,-,0.01,19.31078737,2018,Jul,17
2018/07/17,UTTAR PRADESH,BAHRAICH,5.46,-,44.13,28.90502019,2018,Jul,17
2018/07/17,UTTAR PRADESH,GORAKHPUR,1.56,-,11.48,20.24293776,2018,Jul,17
2018/07/17,UTTAR PRADESH,BIJNOR,2.58,-,18.8,27.26291197,2018,Jul,17
2018/07/17,UTTAR PRADESH,BANDA,0.6,-,5.2,28.74341433,2018,Jul,17
2018/07/17,UTTAR PRADESH,MUZAFFARNAGAR,1.41,-,11.3,30.30656013,2018,Jul,17
2018/07/17,UTTAR PRADESH,SANT RAVI DAS NAGAR(BHADOHI),1.98,-,14.28,25.79824501,2018,Jul,17
2018/07/17,UTTAR PRADESH,HAMIRPUR,0.0,-,0.03,31.43645931,2018,Jul,17
2018/07/17,UTTAR PRADESH,PRATAPGARH,0.55,-,4.27,29.56453775,2018,Jul,17
2018/07/17,UTTAR PRADESH,ETAWAH,2.47,-,18.69,24.45359362,2018,Jul,17
2018/07/17,UTTAR PRADESH,MORADABAD,1.97,-,15.63,24.87656318,2018,Jul,17
2018/07/17,UTTAR PRADESH,AGRA,2.11,-,15.59,25.30299186,2018,Jul,17
2018/07/17,UTTAR PRADESH,JAUNPUR,0.62,-,4.62,25.19498805,2018,Jul,17
2018/07/17,UTTAR PRADESH,KANPUR NAGAR,2.48,-,15.95,25.20344294,2018,Jul,17
2018/07/17,UTTAR PRADESH,JHANSI,1.29,-,8.17,32.79318541,2018,Jul,17
2018/07/17,UTTAR PRADESH,SIDDHARTH NAGAR,3.72,-,23.35,24.63117675,2018,Jul,17
2018/07/17,UTTAR PRADESH,MEERUT,0.6,-,4.38,28.07395829,2018,Jul,17
2018/07/17,UTTAR PRADESH,PILIBHIT,7.13,-,47.64,28.17038837,2018,Jul,17
2018/07/17,UTTAR PRADESH,SHAHJAHANPUR,3.96,-,29.61,26.83750042,2018,Jul,17
2018/07/17,UTTAR PRADESH,KANPUR DEHAT,1.64,-,10.11,24.78642975,2018,Jul,17
2018/07/17,UTTAR PRADESH,FIROZABAD,2.43,-,18.19,23.75827222,2018,Jul,17
2018/07/17,UTTAR PRADESH,AYODHYA,3.83,-,27.19,25.89358578,2018,Jul,17
2018/07/17,UTTAR PRADESH,KUSHINAGAR,1.2,-,10.99,26.28588099,2018,Jul,17
2018/07/17,UTTAR PRADESH,JALAUN,0.02,-,0.13,34.16513884,2018,Jul,17
2018/07/17,UTTAR PRADESH,GHAZIABAD,2.8,-,18.12,29.72016482,2018,Jul,17
2018/07/17,UTTAR PRADESH,ETAH,0.36,-,2.24,25.26866253,2018,Jul,17
2018/07/17,UTTAR PRADESH,BALLIA,0.0,-,0.0,13.93190068,2018,Jul,17
2018/07/17,UTTAR PRADESH,UNNAO,3.73,-,27.5,24.07087082,2018,Jul,17
2018/07/17,UTTAR PRADESH,MAU,0.0,-,0.0,14.45255171,2018,Jul,17
2018/07/17,UTTAR PRADESH,SITAPUR,5.53,-,36.05,28.30884424,2018,Jul,17
2018/07/17,UTTAR PRADESH,PRAYAGRAJ,2.53,-,22.57,29.03214782,2018,Jul,17
2018/07/17,UTTAR PRADESH,BAREILLY,3.49,-,23.03,25.21826077,2018,Jul,17
2018/07/17,UTTAR PRADESH,SHRAWASTI,5.88,-,47.07,30.44080684,2018,Jul,17
2018/07/17,UTTAR PRADESH,SULTANPUR,2.07,-,13.84,30.6601559,2018,Jul,17
2018/07/17,UTTAR PRADESH,GONDA,3.66,-,24.74,25.89402093,2018,Jul,17
2018/07/17,UTTAR PRADESH,GAUTAM BUDDHA NAGAR,3.27,-,20.81,31.44728196,2018,Jul,17
2018/07/17,UTTAR PRADESH,KANSIRAM NAGAR,1.26,-,11.07,24.47867452,2018,Jul,17
2018/07/17,UTTAR PRADESH,MAHARAJGANJ,2.66,-,19.06,26.59296899,2018,Jul,17
2018/07/17,UTTAR PRADESH,MAINPURI,0.98,-,7.82,23.60089546,2018,Jul,17
2018/07/17,UTTAR PRADESH,VARANASI,0.29,-,2.53,27.15933157,2018,Jul,17
2018/07/17,UTTAR PRADESH,AURAIYA,2.37,-,16.57,24.65440046,2018,Jul,17
2018/07/16,UTTAR PRADESH,FARRUKHABAD,5.13,-,35.04,25.88152184,2018,Jul,16
2018/07/16,UTTAR PRADESH,LUCKNOW,4.78,-,32.79,27.99993641,2018,Jul,16
2018/07/16,UTTAR PRADESH,KHERI,7.14,-,48.24,31.14458869,2018,Jul,16
2018/07/16,UTTAR PRADESH,CHANDAULI,0.28,-,2.64,25.61815008,2018,Jul,16
2018/07/16,UTTAR PRADESH,AMBEDKAR NAGAR,2.12,-,14.46,28.10307189,2018,Jul,16
2018/07/16,UTTAR PRADESH,BUDAUN,1.95,-,18.0,24.44438922,2018,Jul,16
2018/07/16,UTTAR PRADESH,BALRAMPUR,7.58,-,49.34,27.83741395,2018,Jul,16
2018/07/16,UTTAR PRADESH,BASTI,4.5,-,28.47,24.98391219,2018,Jul,16
2018/07/16,UTTAR PRADESH,RAMPUR,3.86,-,25.0,27.68926989,2018,Jul,16
2018/07/16,UTTAR PRADESH,MIRZAPUR,1.24,-,10.82,27.78349834,2018,Jul,16
2018/07/16,UTTAR PRADESH,JYOTIBA PHULE NAGAR,1.72,-,15.99,25.00977535,2018,Jul,16
2018/07/16,UTTAR PRADESH,LALITPUR,2.89,-,19.02,31.14086526,2018,Jul,16
2018/07/16,UTTAR PRADESH,MAHAMAYA NAGAR,2.41,-,14.86,28.65620607,2018,Jul,16
2018/07/16,UTTAR PRADESH,MATHURA,2.94,-,18.24,28.341534,2018,Jul,16
2018/07/16,UTTAR PRADESH,MAHOBA,0.05,-,0.31,33.00011515,2018,Jul,16
2018/07/16,UTTAR PRADESH,CHITRAKOOT,1.56,-,13.94,27.86749751,2018,Jul,16
2018/07/16,UTTAR PRADESH,SAHARANPUR,3.42,-,24.59,29.26557939,2018,Jul,16
2018/07/16,UTTAR PRADESH,KANNAUJ,4.83,-,33.27,26.36744002,2018,Jul,16
2018/07/16,UTTAR PRADESH,SANT KABIR NAGAR,4.09,-,29.43,25.21156862,2018,Jul,16
2018/07/16,UTTAR PRADESH,SONBHADRA,0.9,-,6.27,33.15394836,2018,Jul,16
2018/07/16,UTTAR PRADESH,FATEHPUR,4.86,-,35.03,24.57762756,2018,Jul,16
2018/07/16,UTTAR PRADESH,BARA BANKI,3.38,-,21.12,28.58616155,2018,Jul,16
2018/07/16,UTTAR PRADESH,AZAMGARH,0.56,-,3.91,23.86577641,2018,Jul,16
2018/07/16,UTTAR PRADESH,BAGHPAT,3.46,-,23.1,32.77250036,2018,Jul,16
2018/07/16,UTTAR PRADESH,ALIGARH,0.71,-,4.66,28.81231819,2018,Jul,16
2018/07/16,UTTAR PRADESH,HARDOI,3.9,-,26.68,27.11024839,2018,Jul,16
2018/07/16,UTTAR PRADESH,RAE BARELI,3.71,-,28.73,26.91456287,2018,Jul,16
2018/07/16,UTTAR PRADESH,GHAZIPUR,0.2,-,1.82,20.84018132,2018,Jul,16
2018/07/16,UTTAR PRADESH,KAUSHAMBI,4.93,-,35.81,25.4439385,2018,Jul,16
2018/07/16,UTTAR PRADESH,BULANDSHAHR,0.6,-,4.25,26.84098199,2018,Jul,16
2018/07/16,UTTAR PRADESH,DEORIA,0.0,-,0.01,20.34592345,2018,Jul,16
2018/07/16,UTTAR PRADESH,BAHRAICH,5.77,-,46.33,30.53611721,2018,Jul,16
2018/07/16,UTTAR PRADESH,GORAKHPUR,1.71,-,12.46,21.43093368,2018,Jul,16
2018/07/16,UTTAR PRADESH,BIJNOR,2.67,-,19.33,27.50211027,2018,Jul,16
2018/07/16,UTTAR PRADESH,BANDA,0.66,-,5.73,29.90341556,2018,Jul,16
2018/07/16,UTTAR PRADESH,MUZAFFARNAGAR,1.17,-,9.47,30.58311803,2018,Jul,16
2018/07/16,UTTAR PRADESH,SANT RAVI DAS NAGAR(BHADOHI),2.25,-,16.19,27.42731744,2018,Jul,16
2018/07/16,UTTAR PRADESH,HAMIRPUR,0.0,-,0.03,33.05980208,2018,Jul,16
2018/07/16,UTTAR PRADESH,PRATAPGARH,0.65,-,4.98,31.34542086,2018,Jul,16
2018/07/16,UTTAR PRADESH,ETAWAH,2.63,-,19.76,26.46249076,2018,Jul,16
2018/07/16,UTTAR PRADESH,MORADABAD,2.11,-,16.68,26.25156103,2018,Jul,16
2018/07/16,UTTAR PRADESH,AGRA,2.24,-,16.51,27.73135226,2018,Jul,16
2018/07/16,UTTAR PRADESH,JAUNPUR,0.69,-,5.09,26.77800537,2018,Jul,16
2018/07/16,UTTAR PRADESH,KANPUR NAGAR,2.81,-,18.03,26.46027412,2018,Jul,16
2018/07/16,UTTAR PRADESH,JHANSI,1.42,-,8.96,34.40814829,2018,Jul,16
2018/07/16,UTTAR PRADESH,SIDDHARTH NAGAR,4.07,-,25.6,26.40011751,2018,Jul,16
2018/07/16,UTTAR PRADESH,MEERUT,0.52,-,3.87,28.75251598,2018,Jul,16
2018/07/16,UTTAR PRADESH,PILIBHIT,7.81,-,51.93,28.97034317,2018,Jul,16
2018/07/16,UTTAR PRADESH,SHAHJAHANPUR,4.38,-,32.37,28.0497949,2018,Jul,16
2018/07/16,UTTAR PRADESH,KANPUR DEHAT,1.91,-,11.79,26.89239365,2018,Jul,16
2018/07/16,UTTAR PRADESH,FIROZABAD,2.6,-,19.33,26.0565805,2018,Jul,16
2018/07/16,UTTAR PRADESH,AYODHYA,4.14,-,29.21,27.57459003,2018,Jul,16
2018/07/16,UTTAR PRADESH,KUSHINAGAR,1.24,-,11.36,27.10830476,2018,Jul,16
2018/07/16,UTTAR PRADESH,JALAUN,0.03,-,0.2,36.2212215,2018,Jul,16
2018/07/16,UTTAR PRADESH,GHAZIABAD,2.86,-,18.46,30.09955673,2018,Jul,16
2018/07/16,UTTAR PRADESH,ETAH,0.46,-,2.86,27.66468712,2018,Jul,16
2018/07/16,UTTAR PRADESH,BALLIA,0.0,-,0.01,14.86776163,2018,Jul,16
2018/07/16,UTTAR PRADESH,UNNAO,4.17,-,30.34,25.31508503,2018,Jul,16
2018/07/16,UTTAR PRADESH,MAU,0.0,-,0.0,15.52235796,2018,Jul,16
2018/07/16,UTTAR PRADESH,SITAPUR,5.93,-,38.62,30.30223669,2018,Jul,16
2018/07/16,UTTAR PRADESH,PRAYAGRAJ,2.68,-,23.8,29.5321913,2018,Jul,16
2018/07/16,UTTAR PRADESH,BAREILLY,3.79,-,24.93,26.89495297,2018,Jul,16
2018/07/16,UTTAR PRADESH,SHRAWASTI,6.34,-,50.46,32.48451505,2018,Jul,16
2018/07/16,UTTAR PRADESH,SULTANPUR,2.29,-,15.27,31.53892418,2018,Jul,16
2018/07/16,UTTAR PRADESH,GONDA,4.1,-,27.56,27.80141173,2018,Jul,16
2018/07/16,UTTAR PRADESH,GAUTAM BUDDHA NAGAR,3.16,-,20.03,32.02935237,2018,Jul,16
2018/07/16,UTTAR PRADESH,KANSIRAM NAGAR,1.48,-,12.85,26.62758815,2018,Jul,16
2018/07/16,UTTAR PRADESH,MAHARAJGANJ,2.98,-,21.15,28.0840419,2018,Jul,16
2018/07/16,UTTAR PRADESH,MAINPURI,1.16,-,8.99,25.82060344,2018,Jul,16
2018/07/16,UTTAR PRADESH,VARANASI,0.37,-,3.2,28.93057589,2018,Jul,16
2018/07/16,UTTAR PRADESH,AURAIYA,2.64,-,18.31,26.89461833,2018,Jul,16
2018/07/15,UTTAR PRADESH,FARRUKHABAD,5.95,-,40.36,28.8869255,2018,Jul,15
2018/07/15,UTTAR PRADESH,LUCKNOW,5.67,-,38.57,30.75057901,2018,Jul,15
2018/07/15,UTTAR PRADESH,KHERI,9.38,-,62.7,35.93170291,2018,Jul,15
2018/07/15,UTTAR PRADESH,CHANDAULI,0.37,-,3.4,27.36909243,2018,Jul,15
2018/07/15,UTTAR PRADESH,AMBEDKAR NAGAR,2.42,-,16.44,30.25131685,2018,Jul,15
2018/07/15,UTTAR PRADESH,BUDAUN,2.12,-,19.32,26.74359087,2018,Jul,15
2018/07/15,UTTAR PRADESH,BALRAMPUR,8.89,-,57.53,31.05073826,2018,Jul,15
2018/07/15,UTTAR PRADESH,BASTI,5.15,-,32.45,26.90719059,2018,Jul,15
2018/07/15,UTTAR PRADESH,RAMPUR,4.85,-,31.26,31.26515477,2018,Jul,15
2018/07/15,UTTAR PRADESH,MIRZAPUR,1.46,-,12.65,29.98833784,2018,Jul,15
2018/07/15,UTTAR PRADESH,JYOTIBA PHULE NAGAR,1.82,-,16.81,27.07653429,2018,Jul,15
2018/07/15,UTTAR PRADESH,LALITPUR,3.07,-,20.1,31.54762295,2018,Jul,15
2018/07/15,UTTAR PRADESH,MAHAMAYA NAGAR,2.5,-,15.41,31.99206079,2018,Jul,15
2018/07/15,UTTAR PRADESH,MATHURA,3.29,-,20.45,30.80850071,2018,Jul,15
2018/07/15,UTTAR PRADESH,MAHOBA,0.12,-,0.73,34.52994321,2018,Jul,15
2018/07/15,UTTAR PRADESH,CHITRAKOOT,1.74,-,15.53,29.98723993,2018,Jul,15
2018/07/15,UTTAR PRADESH,SAHARANPUR,3.25,-,23.3,28.51199664,2018,Jul,15
2018/07/15,UTTAR PRADESH,KANNAUJ,5.53,-,37.84,29.24285306,2018,Jul,15
2018/07/15,UTTAR PRADESH,SANT KABIR NAGAR,4.46,-,31.79,27.20633333,2018,Jul,15
2018/07/15,UTTAR PRADESH,SONBHADRA,0.96,-,6.66,34.77514093,2018,Jul,15
2018/07/15,UTTAR PRADESH,FATEHPUR,5.64,-,40.46,26.82652418,2018,Jul,15
2018/07/15,UTTAR PRADESH,BARA BANKI,4.77,-,29.9,31.7045302,2018,Jul,15
2018/07/15,UTTAR PRADESH,AZAMGARH,0.6,-,4.15,25.6713525,2018,Jul,15
2018/07/15,UTTAR PRADESH,BAGHPAT,1.8,-,12.1,29.16144604,2018,Jul,15
2018/07/15,UTTAR PRADESH,ALIGARH,0.69,-,4.55,31.40308984,2018,Jul,15
2018/07/15,UTTAR PRADESH,HARDOI,4.8,-,32.53,30.41629231,2018,Jul,15
2018/07/15,UTTAR PRADESH,RAE BARELI,4.14,-,31.81,29.35884524,2018,Jul,15
2018/07/15,UTTAR PRADESH,GHAZIPUR,0.32,-,2.78,22.51881095,2018,Jul,15
2018/07/15,UTTAR PRADESH,KAUSHAMBI,5.46,-,39.52,27.32740859,2018,Jul,15
2018/07/15,UTTAR PRADESH,BULANDSHAHR,0.72,-,4.99,29.58880974,2018,Jul,15
2018/07/15,UTTAR PRADESH,DEORIA,0.0,-,0.01,21.46952965,2018,Jul,15
2018/07/15,UTTAR PRADESH,BAHRAICH,7.36,-,57.41,35.03246884,2018,Jul,15
2018/07/15,UTTAR PRADESH,GORAKHPUR,1.86,-,13.45,23.12244986,2018,Jul,15
2018/07/15,UTTAR PRADESH,BIJNOR,3.07,-,21.96,29.99775807,2018,Jul,15
2018/07/15,UTTAR PRADESH,BANDA,0.78,-,6.76,32.04360877,2018,Jul,15
2018/07/15,UTTAR PRADESH,MUZAFFARNAGAR,0.58,-,4.76,29.21479251,2018,Jul,15
2018/07/15,UTTAR PRADESH,SANT RAVI DAS NAGAR(BHADOHI),2.61,-,18.75,29.85824146,2018,Jul,15
2018/07/15,UTTAR PRADESH,HAMIRPUR,0.01,-,0.03,35.18115318,2018,Jul,15
2018/07/15,UTTAR PRADESH,PRATAPGARH,0.93,-,6.97,33.66852643,2018,Jul,15
2018/07/15,UTTAR PRADESH,ETAWAH,2.89,-,21.36,28.80822049,2018,Jul,15
2018/07/15,UTTAR PRADESH,MORADABAD,2.35,-,18.56,29.02657459,2018,Jul,15
2018/07/15,UTTAR PRADESH,AGRA,2.63,-,19.21,30.9032724,2018,Jul,15
2018/07/15,UTTAR PRADESH,JAUNPUR,0.8,-,5.83,29.01990049,2018,Jul,15
2018/07/15,UTTAR PRADESH,KANPUR NAGAR,3.3,-,21.13,28.9091234,2018,Jul,15
2018/07/15,UTTAR PRADESH,JHANSI,1.61,-,10.22,36.28238501,2018,Jul,15
2018/07/15,UTTAR PRADESH,SIDDHARTH NAGAR,4.48,-,28.16,28.16480177,2018,Jul,15
2018/07/15,UTTAR PRADESH,MEERUT,0.47,-,3.53,28.97462927,2018,Jul,15
2018/07/15,UTTAR PRADESH,PILIBHIT,9.32,-,61.37,31.08314561,2018,Jul,15
2018/07/15,UTTAR PRADESH,SHAHJAHANPUR,5.53,-,40.03,31.40283645,2018,Jul,15
2018/07/15,UTTAR PRADESH,KANPUR DEHAT,2.27,-,14.04,29.26147013,2018,Jul,15
2018/07/15,UTTAR PRADESH,FIROZABAD,2.82,-,20.72,28.95613085,2018,Jul,15
2018/07/15,UTTAR PRADESH,AYODHYA,4.53,-,31.73,29.55951032,2018,Jul,15
2018/07/15,UTTAR PRADESH,KUSHINAGAR,1.28,-,11.67,28.55686441,2018,Jul,15
2018/07/15,UTTAR PRADESH,JALAUN,0.07,-,0.42,38.5237516,2018,Jul,15
2018/07/15,UTTAR PRADESH,GHAZIABAD,2.32,-,15.0,29.48635317,2018,Jul,15
2018/07/15,UTTAR PRADESH,ETAH,0.73,-,4.44,30.6106764,2018,Jul,15
2018/07/15,UTTAR PRADESH,BALLIA,0.0,-,0.01,15.81001256,2018,Jul,15
2018/07/15,UTTAR PRADESH,UNNAO,4.9,-,35.11,27.9814102,2018,Jul,15
2018/07/15,UTTAR PRADESH,MAU,0.0,-,0.0,16.81551404,2018,Jul,15
2018/07/15,UTTAR PRADESH,SITAPUR,8.4,-,54.77,35.68836365,2018,Jul,15
2018/07/15,UTTAR PRADESH,PRAYAGRAJ,2.96,-,26.26,32.01232736,2018,Jul,15
2018/07/15,UTTAR PRADESH,BAREILLY,4.21,-,27.56,29.08103639,2018,Jul,15
2018/07/15,UTTAR PRADESH,SHRAWASTI,7.82,-,61.18,36.95331002,2018,Jul,15
2018/07/15,UTTAR PRADESH,SULTANPUR,2.57,-,17.12,33.74046451,2018,Jul,15
2018/07/15,UTTAR PRADESH,GONDA,4.86,-,32.63,30.1234332,2018,Jul,15
2018/07/15,UTTAR PRADESH,GAUTAM BUDDHA NAGAR,2.74,-,17.34,32.28310433,2018,Jul,15
2018/07/15,UTTAR PRADESH,KANSIRAM NAGAR,1.73,-,14.91,29.25213508,2018,Jul,15
2018/07/15,UTTAR PRADESH,MAHARAJGANJ,3.33,-,23.49,29.53591169,2018,Jul,15
2018/07/15,UTTAR PRADESH,MAINPURI,1.54,-,11.31,28.47731321,2018,Jul,15
2018/07/15,UTTAR PRADESH,VARANASI,0.46,-,3.97,31.35796601,2018,Jul,15
2018/07/15,UTTAR PRADESH,AURAIYA,3.02,-,20.83,29.58973509,2018,Jul,15
2018/07/14,UTTAR PRADESH,FARRUKHABAD,7.81,-,52.26,31.84042942,2018,Jul,14
2018/07/14,UTTAR PRADESH,LUCKNOW,7.2,-,48.77,33.47020104,2018,Jul,14
2018/07/14,UTTAR PRADESH,KHERI,8.34,-,55.86,34.70675792,2018,Jul,14
2018/07/14,UTTAR PRADESH,CHANDAULI,0.44,-,4.01,29.00714457,2018,Jul,14
2018/07/14,UTTAR PRADESH,AMBEDKAR NAGAR,2.98,-,20.26,33.29408114,2018,Jul,14
2018/07/14,UTTAR PRADESH,BUDAUN,2.36,-,20.85,29.30217447,2018,Jul,14
2018/07/14,UTTAR PRADESH,BALRAMPUR,9.35,-,60.58,32.276962,2018,Jul,14
2018/07/14,UTTAR PRADESH,BASTI,5.94,-,37.39,29.20646046,2018,Jul,14
2018/07/14,UTTAR PRADESH,RAMPUR,4.69,-,30.35,32.94513173,2018,Jul,14
2018/07/14,UTTAR PRADESH,MIRZAPUR,2.2,-,18.72,34.19908006,2018,Jul,14
2018/07/14,UTTAR PRADESH,JYOTIBA PHULE NAGAR,2.4,-,20.43,29.83054468,2018,Jul,14
2018/07/14,UTTAR PRADESH,LALITPUR,3.94,-,26.24,34.45472875,2018,Jul,14
2018/07/14,UTTAR PRADESH,MAHAMAYA NAGAR,2.88,-,17.82,35.01082734,2018,Jul,14
2018/07/14,UTTAR PRADESH,MATHURA,3.69,-,22.92,31.07876859,2018,Jul,14
2018/07/14,UTTAR PRADESH,MAHOBA,0.29,-,1.9,36.53600198,2018,Jul,14
2018/07/14,UTTAR PRADESH,CHITRAKOOT,2.14,-,18.85,32.52405286,2018,Jul,14
2018/07/14,UTTAR PRADESH,SAHARANPUR,4.19,-,29.41,31.53490247,2018,Jul,14
2018/07/14,UTTAR PRADESH,KANNAUJ,6.85,-,46.74,31.89216232,2018,Jul,14
2018/07/14,UTTAR PRADESH,SANT KABIR NAGAR,4.84,-,34.23,29.36860142,2018,Jul,14
2018/07/14,UTTAR PRADESH,SONBHADRA,1.05,-,7.3,34.93167361,2018,Jul,14
2018/07/14,UTTAR PRADESH,FATEHPUR,6.74,-,47.96,29.25947094,2018,Jul,14
2018/07/14,UTTAR PRADESH,BARA BANKI,5.34,-,33.58,33.30721145,2018,Jul,14
2018/07/14,UTTAR PRADESH,AZAMGARH,0.9,-,6.2,28.41361879,2018,Jul,14
2018/07/14,UTTAR PRADESH,BAGHPAT,1.99,-,13.28,30.57327514,2018,Jul,14
2018/07/14,UTTAR PRADESH,ALIGARH,1.23,-,7.99,34.34210527,2018,Jul,14
2018/07/14,UTTAR PRADESH,HARDOI,6.39,-,43.06,32.67650135,2018,Jul,14
2018/07/14,UTTAR PRADESH,RAE BARELI,4.76,-,36.11,31.65631234,2018,Jul,14
2018/07/14,UTTAR PRADESH,GHAZIPUR,0.41,-,3.35,23.08084882,2018,Jul,14
2018/07/14,UTTAR PRADESH,KAUSHAMBI,6.4,-,45.95,30.14485599,2018,Jul,14
2018/07/14,UTTAR PRADESH,BULANDSHAHR,0.52,-,3.79,30.55919444,2018,Jul,14
2018/07/14,UTTAR PRADESH,DEORIA,0.0,-,0.02,22.35526194,2018,Jul,14
2018/07/14,UTTAR PRADESH,BAHRAICH,6.75,-,52.92,34.27529042,2018,Jul,14
2018/07/14,UTTAR PRADESH,GORAKHPUR,1.99,-,14.29,24.71519474,2018,Jul,14
2018/07/14,UTTAR PRADESH,BIJNOR,3.58,-,24.53,32.40445225,2018,Jul,14
2018/07/14,UTTAR PRADESH,BANDA,0.98,-,8.6,34.72263115,2018,Jul,14
2018/07/14,UTTAR PRADESH,MUZAFFARNAGAR,1.39,-,9.74,31.53190475,2018,Jul,14
2018/07/14,UTTAR PRADESH,SANT RAVI DAS NAGAR(BHADOHI),3.61,-,25.57,34.14124566,2018,Jul,14
2018/07/14,UTTAR PRADESH,HAMIRPUR,0.09,-,0.86,37.81830758,2018,Jul,14
2018/07/14,UTTAR PRADESH,PRATAPGARH,0.93,-,6.93,34.27209223,2018,Jul,14
2018/07/14,UTTAR PRADESH,ETAWAH,3.37,-,24.47,31.32407762,2018,Jul,14
2018/07/14,UTTAR PRADESH,MORADABAD,2.59,-,19.57,32.1048026,2018,Jul,14
2018/07/14,UTTAR PRADESH,AGRA,2.44,-,17.83,30.86254701,2018,Jul,14
2018/07/14,UTTAR PRADESH,JAUNPUR,1.82,-,12.89,32.7977946,2018,Jul,14
2018/07/14,UTTAR PRADESH,KANPUR NAGAR,4.5,-,28.7,32.27289362,2018,Jul,14
2018/07/14,UTTAR PRADESH,JHANSI,2.05,-,13.39,39.09749677,2018,Jul,14
2018/07/14,UTTAR PRADESH,SIDDHARTH NAGAR,5.0,-,31.5,29.53970907,2018,Jul,14
2018/07/14,UTTAR PRADESH,MEERUT,1.06,-,7.16,31.35842504,2018,Jul,14
2018/07/14,UTTAR PRADESH,PILIBHIT,9.02,-,59.58,31.04995405,2018,Jul,14
2018/07/14,UTTAR PRADESH,SHAHJAHANPUR,6.22,-,44.81,33.23597652,2018,Jul,14
2018/07/14,UTTAR PRADESH,KANPUR DEHAT,2.81,-,17.42,31.82025861,2018,Jul,14
2018/07/14,UTTAR PRADESH,FIROZABAD,3.92,-,28.08,32.33955771,2018,Jul,14
2018/07/14,UTTAR PRADESH,AYODHYA,5.1,-,35.58,32.461902,2018,Jul,14
2018/07/14,UTTAR PRADESH,KUSHINAGAR,1.32,-,11.94,28.20942818,2018,Jul,14
2018/07/14,UTTAR PRADESH,JALAUN,0.15,-,0.95,41.30055117,2018,Jul,14
2018/07/14,UTTAR PRADESH,GHAZIABAD,2.38,-,15.41,30.4153624,2018,Jul,14
2018/07/14,UTTAR PRADESH,ETAH,1.86,-,11.34,34.43742131,2018,Jul,14
2018/07/14,UTTAR PRADESH,BALLIA,0.0,-,0.01,15.99717107,2018,Jul,14
2018/07/14,UTTAR PRADESH,UNNAO,6.45,-,45.26,30.96041849,2018,Jul,14
2018/07/14,UTTAR PRADESH,MAU,0.0,-,0.0,18.10492998,2018,Jul,14
2018/07/14,UTTAR PRADESH,SITAPUR,7.6,-,49.61,35.05373983,2018,Jul,14
2018/07/14,UTTAR PRADESH,PRAYAGRAJ,3.73,-,32.99,35.806623,2018,Jul,14
2018/07/14,UTTAR PRADESH,BAREILLY,4.55,-,29.93,31.42424527,2018,Jul,14
2018/07/14,UTTAR PRADESH,SHRAWASTI,7.67,-,60.2,37.07211297,2018,Jul,14
2018/07/14,UTTAR PRADESH,SULTANPUR,3.1,-,20.63,36.13432004,2018,Jul,14
2018/07/14,UTTAR PRADESH,GONDA,5.95,-,39.81,32.60003654,2018,Jul,14
2018/07/14,UTTAR PRADESH,GAUTAM BUDDHA NAGAR,1.96,-,12.56,29.52385791,2018,Jul,14
2018/07/14,UTTAR PRADESH,KANSIRAM NAGAR,2.16,-,17.96,32.62071895,2018,Jul,14
2018/07/14,UTTAR PRADESH,MAHARAJGANJ,3.79,-,26.64,30.50950712,2018,Jul,14
2018/07/14,UTTAR PRADESH,MAINPURI,2.72,-,18.91,31.77158249,2018,Jul,14
2018/07/14,UTTAR PRADESH,VARANASI,0.75,-,5.89,34.21284886,2018,Jul,14
2018/07/14,UTTAR PRADESH,AURAIYA,3.85,-,26.39,31.83391306,2018,Jul,14
2018/07/13,UTTAR PRADESH,FARRUKHABAD,10.01,-,66.15,35.92569311,2018,Jul,13
2018/07/13,UTTAR PRADESH,LUCKNOW,9.52,-,64.26,36.78855789,2018,Jul,13
2018/07/13,UTTAR PRADESH,KHERI,10.32,-,68.88,37.48246497,2018,Jul,13
2018/07/13,UTTAR PRADESH,CHANDAULI,0.35,-,3.18,29.21588582,2018,Jul,13
2018/07/13,UTTAR PRADESH,AMBEDKAR NAGAR,3.17,-,21.44,35.28531746,2018,Jul,13
2018/07/13,UTTAR PRADESH,BUDAUN,3.15,-,25.13,33.11227893,2018,Jul,13
2018/07/13,UTTAR PRADESH,BALRAMPUR,10.55,-,68.32,34.09857693,2018,Jul,13
2018/07/13,UTTAR PRADESH,BASTI,7.46,-,46.97,32.43371681,2018,Jul,13
2018/07/13,UTTAR PRADESH,RAMPUR,3.28,-,21.05,31.94053434,2018,Jul,13
2018/07/13,UTTAR PRADESH,MIRZAPUR,1.73,-,14.96,33.00592296,2018,Jul,13
2018/07/13,UTTAR PRADESH,JYOTIBA PHULE NAGAR,2.93,-,23.4,32.47503843,2018,Jul,13
2018/07/13,UTTAR PRADESH,LALITPUR,4.22,-,28.25,35.49762367,2018,Jul,13
2018/07/13,UTTAR PRADESH,MAHAMAYA NAGAR,2.68,-,16.84,38.41953308,2018,Jul,13
2018/07/13,UTTAR PRADESH,MATHURA,6.12,-,38.54,36.62693821,2018,Jul,13
2018/07/13,UTTAR PRADESH,MAHOBA,0.85,-,7.1,39.67547055,2018,Jul,13
2018/07/13,UTTAR PRADESH,CHITRAKOOT,3.39,-,30.96,36.02160556,2018,Jul,13
2018/07/13,UTTAR PRADESH,SAHARANPUR,2.28,-,16.38,28.69447987,2018,Jul,13
2018/07/13,UTTAR PRADESH,KANNAUJ,9.1,-,62.76,36.36628994,2018,Jul,13
2018/07/13,UTTAR PRADESH,SANT KABIR NAGAR,5.37,-,38.14,31.48402582,2018,Jul,13
2018/07/13,UTTAR PRADESH,SONBHADRA,1.28,-,8.72,35.82294363,2018,Jul,13
2018/07/13,UTTAR PRADESH,FATEHPUR,8.92,-,62.13,33.56548782,2018,Jul,13
2018/07/13,UTTAR PRADESH,BARA BANKI,7.5,-,47.55,36.65595038,2018,Jul,13
2018/07/13,UTTAR PRADESH,AZAMGARH,0.72,-,5.02,28.50817288,2018,Jul,13
2018/07/13,UTTAR PRADESH,BAGHPAT,3.71,-,24.21,36.29964063,2018,Jul,13
2018/07/13,UTTAR PRADESH,ALIGARH,1.5,-,9.57,35.88717647,2018,Jul,13
2018/07/13,UTTAR PRADESH,HARDOI,9.47,-,63.53,36.89169384,2018,Jul,13
2018/07/13,UTTAR PRADESH,RAE BARELI,6.45,-,47.89,35.9062818,2018,Jul,13
2018/07/13,UTTAR PRADESH,GHAZIPUR,0.33,-,2.94,23.88540619,2018,Jul,13
2018/07/13,UTTAR PRADESH,KAUSHAMBI,7.77,-,55.01,32.42050006,2018,Jul,13
2018/07/13,UTTAR PRADESH,BULANDSHAHR,2.02,-,13.12,34.01683168,2018,Jul,13
2018/07/13,UTTAR PRADESH,DEORIA,0.0,-,0.03,24.19182576,2018,Jul,13
2018/07/13,UTTAR PRADESH,BAHRAICH,8.05,-,61.98,36.32837357,2018,Jul,13
2018/07/13,UTTAR PRADESH,GORAKHPUR,2.08,-,14.87,25.56919467,2018,Jul,13
2018/07/13,UTTAR PRADESH,BIJNOR,1.22,-,8.85,24.05320744,2018,Jul,13
2018/07/13,UTTAR PRADESH,BANDA,1.8,-,16.66,38.55976441,2018,Jul,13
2018/07/13,UTTAR PRADESH,MUZAFFARNAGAR,0.96,-,7.2,29.58827735,2018,Jul,13
2018/07/13,UTTAR PRADESH,SANT RAVI DAS NAGAR(BHADOHI),2.56,-,18.57,31.20475102,2018,Jul,13
2018/07/13,UTTAR PRADESH,HAMIRPUR,0.49,-,4.96,41.05096826,2018,Jul,13
2018/07/13,UTTAR PRADESH,PRATAPGARH,1.67,-,12.23,36.21699351,2018,Jul,13
2018/07/13,UTTAR PRADESH,ETAWAH,5.42,-,38.94,36.71132039,2018,Jul,13
2018/07/13,UTTAR PRADESH,MORADABAD,2.35,-,16.48,32.55707355,2018,Jul,13
2018/07/13,UTTAR PRADESH,AGRA,4.21,-,30.9,35.98818634,2018,Jul,13
2018/07/13,UTTAR PRADESH,JAUNPUR,1.3,-,9.26,32.04905298,2018,Jul,13
2018/07/13,UTTAR PRADESH,KANPUR NAGAR,8.02,-,51.24,37.93078028,2018,Jul,13
2018/07/13,UTTAR PRADESH,JHANSI,2.29,-,15.28,40.9836663,2018,Jul,13
2018/07/13,UTTAR PRADESH,SIDDHARTH NAGAR,6.32,-,40.12,32.40459069,2018,Jul,13
2018/07/13,UTTAR PRADESH,MEERUT,1.87,-,12.16,32.89670156,2018,Jul,13
2018/07/13,UTTAR PRADESH,PILIBHIT,11.18,-,73.35,35.81403232,2018,Jul,13
2018/07/13,UTTAR PRADESH,SHAHJAHANPUR,8.14,-,57.78,37.14938289,2018,Jul,13
2018/07/13,UTTAR PRADESH,KANPUR DEHAT,5.48,-,34.54,37.61485224,2018,Jul,13
2018/07/13,UTTAR PRADESH,FIROZABAD,6.81,-,48.03,37.96136859,2018,Jul,13
2018/07/13,UTTAR PRADESH,AYODHYA,6.04,-,41.76,34.89123966,2018,Jul,13
2018/07/13,UTTAR PRADESH,KUSHINAGAR,1.37,-,12.32,29.80345452,2018,Jul,13
2018/07/13,UTTAR PRADESH,JALAUN,0.32,-,2.22,44.51532342,2018,Jul,13
2018/07/13,UTTAR PRADESH,GHAZIABAD,4.26,-,27.36,34.69156183,2018,Jul,13
2018/07/13,UTTAR PRADESH,ETAH,4.31,-,26.31,39.21740431,2018,Jul,13
2018/07/13,UTTAR PRADESH,BALLIA,0.0,-,0.01,17.62856121,2018,Jul,13
2018/07/13,UTTAR PRADESH,UNNAO,9.01,-,61.97,35.15175558,2018,Jul,13
2018/07/13,UTTAR PRADESH,MAU,0.0,-,0.0,19.63237463,2018,Jul,13
2018/07/13,UTTAR PRADESH,SITAPUR,9.43,-,61.55,37.15268008,2018,Jul,13
2018/07/13,UTTAR PRADESH,PRAYAGRAJ,3.54,-,31.59,35.46534134,2018,Jul,13
2018/07/13,UTTAR PRADESH,BAREILLY,5.21,-,34.51,34.30256366,2018,Jul,13
2018/07/13,UTTAR PRADESH,SHRAWASTI,8.03,-,62.81,37.80553894,2018,Jul,13
2018/07/13,UTTAR PRADESH,SULTANPUR,3.45,-,23.06,37.82969341,2018,Jul,13
2018/07/13,UTTAR PRADESH,GONDA,8.45,-,56.71,36.56064772,2018,Jul,13
2018/07/13,UTTAR PRADESH,GAUTAM BUDDHA NAGAR,3.03,-,19.44,32.51304114,2018,Jul,13
2018/07/13,UTTAR PRADESH,KANSIRAM NAGAR,2.88,-,21.98,36.51010906,2018,Jul,13
2018/07/13,UTTAR PRADESH,MAHARAJGANJ,4.68,-,32.76,33.07258707,2018,Jul,13
2018/07/13,UTTAR PRADESH,MAINPURI,6.86,-,45.97,38.19385093,2018,Jul,13
2018/07/13,UTTAR PRADESH,VARANASI,0.36,-,3.05,32.65563716,2018,Jul,13
2018/07/13,UTTAR PRADESH,AURAIYA,7.03,-,48.06,37.84452132,2018,Jul,13
2018/07/12,UTTAR PRADESH,FARRUKHABAD,3.91,-,27.33,29.64772125,2018,Jul,12
2018/07/12,UTTAR PRADESH,LUCKNOW,6.9,-,46.76,33.97683921,2018,Jul,12
2018/07/12,UTTAR PRADESH,KHERI,4.09,-,28.44,28.74618536,2018,Jul,12
2018/07/12,UTTAR PRADESH,CHANDAULI,0.56,-,5.07,32.01091085,2018,Jul,12
2018/07/12,UTTAR PRADESH,AMBEDKAR NAGAR,2.36,-,16.24,36.63120681,2018,Jul,12
2018/07/12,UTTAR PRADESH,BUDAUN,0.7,-,6.56,22.54443066,2018,Jul,12
2018/07/12,UTTAR PRADESH,BALRAMPUR,12.33,-,80.31,37.11966474,2018,Jul,12
2018/07/12,UTTAR PRADESH,BASTI,6.93,-,43.59,35.68375842,2018,Jul,12
2018/07/12,UTTAR PRADESH,RAMPUR,2.1,-,13.33,28.53017161,2018,Jul,12
2018/07/12,UTTAR PRADESH,MIRZAPUR,1.74,-,14.84,33.79911589,2018,Jul,12
2018/07/12,UTTAR PRADESH,JYOTIBA PHULE NAGAR,0.52,-,5.23,22.22595282,2018,Jul,12
2018/07/12,UTTAR PRADESH,LALITPUR,3.67,-,24.46,34.64640019,2018,Jul,12
2018/07/12,UTTAR PRADESH,MAHAMAYA NAGAR,0.0,-,0.03,26.44298386,2018,Jul,12
2018/07/12,UTTAR PRADESH,MATHURA,0.24,-,1.51,26.5459467,2018,Jul,12
2018/07/12,UTTAR PRADESH,MAHOBA,0.6,-,5.11,38.96162713,2018,Jul,12
2018/07/12,UTTAR PRADESH,CHITRAKOOT,3.07,-,27.2,35.32327034,2018,Jul,12
2018/07/12,UTTAR PRADESH,SAHARANPUR,1.59,-,11.41,21.78602689,2018,Jul,12
2018/07/12,UTTAR PRADESH,KANNAUJ,3.15,-,21.47,31.24791983,2018,Jul,12
2018/07/12,UTTAR PRADESH,SANT KABIR NAGAR,5.63,-,39.69,34.72547552,2018,Jul,12
2018/07/12,UTTAR PRADESH,SONBHADRA,1.93,-,12.84,38.28346079,2018,Jul,12
2018/07/12,UTTAR PRADESH,FATEHPUR,6.19,-,44.4,31.83207582,2018,Jul,12
2018/07/12,UTTAR PRADESH,BARA BANKI,4.89,-,30.94,36.29477491,2018,Jul,12
2018/07/12,UTTAR PRADESH,AZAMGARH,1.34,-,9.06,30.92341515,2018,Jul,12
2018/07/12,UTTAR PRADESH,BAGHPAT,0.01,-,0.1,20.61885807,2018,Jul,12
2018/07/12,UTTAR PRADESH,ALIGARH,0.04,-,0.36,24.39833273,2018,Jul,12
2018/07/12,UTTAR PRADESH,HARDOI,3.94,-,27.38,31.03105752,2018,Jul,12
2018/07/12,UTTAR PRADESH,RAE BARELI,4.4,-,33.4,34.63325405,2018,Jul,12
2018/07/12,UTTAR PRADESH,GHAZIPUR,0.68,-,5.52,26.34545156,2018,Jul,12
2018/07/12,UTTAR PRADESH,KAUSHAMBI,7.96,-,56.22,32.70355508,2018,Jul,12
2018/07/12,UTTAR PRADESH,BULANDSHAHR,0.05,-,0.42,23.17352971,2018,Jul,12
2018/07/12,UTTAR PRADESH,DEORIA,0.01,-,0.04,25.90410349,2018,Jul,12
2018/07/12,UTTAR PRADESH,BAHRAICH,6.66,-,52.69,34.65749175,2018,Jul,12
2018/07/12,UTTAR PRADESH,GORAKHPUR,2.41,-,17.19,27.76915012,2018,Jul,12
2018/07/12,UTTAR PRADESH,BIJNOR,1.08,-,7.8,22.00821169,2018,Jul,12
2018/07/12,UTTAR PRADESH,BANDA,1.61,-,14.73,37.75534288,2018,Jul,12
2018/07/12,UTTAR PRADESH,MUZAFFARNAGAR,0.03,-,0.3,16.87751883,2018,Jul,12
2018/07/12,UTTAR PRADESH,SANT RAVI DAS NAGAR(BHADOHI),3.39,-,24.08,34.29423506,2018,Jul,12
2018/07/12,UTTAR PRADESH,HAMIRPUR,0.16,-,1.58,38.8954206,2018,Jul,12
2018/07/12,UTTAR PRADESH,PRATAPGARH,1.77,-,12.75,37.37131058,2018,Jul,12
2018/07/12,UTTAR PRADESH,ETAWAH,0.6,-,4.82,30.8092964,2018,Jul,12
2018/07/12,UTTAR PRADESH,MORADABAD,0.2,-,1.78,20.88325031,2018,Jul,12
2018/07/12,UTTAR PRADESH,AGRA,0.56,-,4.77,27.09830552,2018,Jul,12
2018/07/12,UTTAR PRADESH,JAUNPUR,2.41,-,16.85,34.94099795,2018,Jul,12
2018/07/12,UTTAR PRADESH,KANPUR NAGAR,1.47,-,9.85,32.42927666,2018,Jul,12
2018/07/12,UTTAR PRADESH,JHANSI,1.8,-,11.98,40.30641775,2018,Jul,12
2018/07/12,UTTAR PRADESH,SIDDHARTH NAGAR,9.49,-,62.21,37.28785154,2018,Jul,12
2018/07/12,UTTAR PRADESH,MEERUT,0.17,-,1.33,22.88369276,2018,Jul,12
2018/07/12,UTTAR PRADESH,PILIBHIT,4.23,-,29.28,25.85673601,2018,Jul,12
2018/07/12,UTTAR PRADESH,SHAHJAHANPUR,2.4,-,19.43,25.98083228,2018,Jul,12
2018/07/12,UTTAR PRADESH,KANPUR DEHAT,0.7,-,4.44,33.06536562,2018,Jul,12
2018/07/12,UTTAR PRADESH,FIROZABAD,0.29,-,2.62,27.71141448,2018,Jul,12
2018/07/12,UTTAR PRADESH,AYODHYA,4.93,-,35.1,36.82615137,2018,Jul,12
2018/07/12,UTTAR PRADESH,KUSHINAGAR,1.47,-,13.04,30.77850239,2018,Jul,12
2018/07/12,UTTAR PRADESH,JALAUN,0.11,-,0.72,42.21550084,2018,Jul,12
2018/07/12,UTTAR PRADESH,GHAZIABAD,0.27,-,1.84,23.07571135,2018,Jul,12
2018/07/12,UTTAR PRADESH,ETAH,0.0,-,0.02,29.05752366,2018,Jul,12
2018/07/12,UTTAR PRADESH,BALLIA,0.0,-,0.01,19.33755196,2018,Jul,12
2018/07/12,UTTAR PRADESH,UNNAO,4.57,-,33.03,31.35485035,2018,Jul,12
2018/07/12,UTTAR PRADESH,MAU,0.0,-,0.0,21.35881905,2018,Jul,12
2018/07/12,UTTAR PRADESH,SITAPUR,4.32,-,28.86,33.4158893,2018,Jul,12
2018/07/12,UTTAR PRADESH,PRAYAGRAJ,3.85,-,34.06,36.14149349,2018,Jul,12
2018/07/12,UTTAR PRADESH,BAREILLY,2.45,-,15.91,27.58749245,2018,Jul,12
2018/07/12,UTTAR PRADESH,SHRAWASTI,9.13,-,71.73,39.25045997,2018,Jul,12
2018/07/12,UTTAR PRADESH,SULTANPUR,2.82,-,18.79,39.10165614,2018,Jul,12
2018/07/12,UTTAR PRADESH,GONDA,7.16,-,48.8,37.1574786,2018,Jul,12
2018/07/12,UTTAR PRADESH,GAUTAM BUDDHA NAGAR,0.31,-,1.99,24.09261084,2018,Jul,12
2018/07/12,UTTAR PRADESH,KANSIRAM NAGAR,0.68,-,6.03,26.87156455,2018,Jul,12
2018/07/12,UTTAR PRADESH,MAHARAJGANJ,5.08,-,35.6,34.54615936,2018,Jul,12
2018/07/12,UTTAR PRADESH,MAINPURI,0.11,-,0.92,29.96006383,2018,Jul,12
2018/07/12,UTTAR PRADESH,VARANASI,1.19,-,8.65,36.1481394,2018,Jul,12
2018/07/12,UTTAR PRADESH,AURAIYA,0.9,-,6.61,31.96330796,2018,Jul,12
2018/07/11,UTTAR PRADESH,FARRUKHABAD,5.18,-,35.61,34.99111877,2018,Jul,11
2018/07/11,UTTAR PRADESH,LUCKNOW,7.78,-,52.98,38.91693452,2018,Jul,11
2018/07/11,UTTAR PRADESH,KHERI,3.36,-,23.37,23.60830705,2018,Jul,11
2018/07/11,UTTAR PRADESH,CHANDAULI,1.88,-,15.89,36.45246587,2018,Jul,11
2018/07/11,UTTAR PRADESH,AMBEDKAR NAGAR,1.39,-,9.37,35.64455129,2018,Jul,11
2018/07/11,UTTAR PRADESH,BUDAUN,0.69,-,6.48,22.21772926,2018,Jul,11
2018/07/11,UTTAR PRADESH,BALRAMPUR,6.29,-,41.41,33.87833404,2018,Jul,11
2018/07/11,UTTAR PRADESH,BASTI,2.87,-,17.87,35.21190651,2018,Jul,11
2018/07/11,UTTAR PRADESH,RAMPUR,2.12,-,13.37,29.28364204,2018,Jul,11
2018/07/11,UTTAR PRADESH,MIRZAPUR,2.46,-,21.18,37.29184678,2018,Jul,11
2018/07/11,UTTAR PRADESH,JYOTIBA PHULE NAGAR,0.56,-,5.54,22.90976478,2018,Jul,11
2018/07/11,UTTAR PRADESH,LALITPUR,4.97,-,34.08,37.49167899,2018,Jul,11
2018/07/11,UTTAR PRADESH,MAHAMAYA NAGAR,0.0,-,0.03,25.3706282,2018,Jul,11
2018/07/11,UTTAR PRADESH,MATHURA,0.24,-,1.49,24.78525281,2018,Jul,11
2018/07/11,UTTAR PRADESH,MAHOBA,1.1,-,10.32,41.32938069,2018,Jul,11
2018/07/11,UTTAR PRADESH,CHITRAKOOT,3.92,-,36.85,38.7310168,2018,Jul,11
2018/07/11,UTTAR PRADESH,SAHARANPUR,1.61,-,11.41,21.14290407,2018,Jul,11
2018/07/11,UTTAR PRADESH,KANNAUJ,4.09,-,28.22,36.84079104,2018,Jul,11
2018/07/11,UTTAR PRADESH,SANT KABIR NAGAR,2.29,-,16.5,29.28189147,2018,Jul,11
2018/07/11,UTTAR PRADESH,SONBHADRA,1.82,-,12.08,40.40344371,2018,Jul,11
2018/07/11,UTTAR PRADESH,FATEHPUR,6.15,-,43.58,36.69346049,2018,Jul,11
2018/07/11,UTTAR PRADESH,BARA BANKI,3.57,-,22.56,38.43542865,2018,Jul,11
2018/07/11,UTTAR PRADESH,AZAMGARH,0.2,-,1.35,23.83484985,2018,Jul,11
2018/07/11,UTTAR PRADESH,BAGHPAT,0.02,-,0.18,22.07457999,2018,Jul,11
2018/07/11,UTTAR PRADESH,ALIGARH,0.05,-,0.37,23.84756524,2018,Jul,11
2018/07/11,UTTAR PRADESH,HARDOI,6.22,-,43.23,37.26220783,2018,Jul,11
2018/07/11,UTTAR PRADESH,RAE BARELI,3.83,-,28.29,37.93967649,2018,Jul,11
2018/07/11,UTTAR PRADESH,GHAZIPUR,1.29,-,9.83,29.00116004,2018,Jul,11
2018/07/11,UTTAR PRADESH,KAUSHAMBI,10.33,-,71.46,37.69773393,2018,Jul,11
2018/07/11,UTTAR PRADESH,BULANDSHAHR,0.06,-,0.49,23.74419075,2018,Jul,11
2018/07/11,UTTAR PRADESH,DEORIA,0.01,-,0.04,23.89496035,2018,Jul,11
2018/07/11,UTTAR PRADESH,BAHRAICH,2.98,-,25.19,26.89550333,2018,Jul,11
2018/07/11,UTTAR PRADESH,GORAKHPUR,1.67,-,12.38,22.83585279,2018,Jul,11
2018/07/11,UTTAR PRADESH,BIJNOR,1.05,-,7.69,22.70468803,2018,Jul,11
2018/07/11,UTTAR PRADESH,BANDA,2.4,-,22.93,41.34399107,2018,Jul,11
2018/07/11,UTTAR PRADESH,MUZAFFARNAGAR,0.05,-,0.5,18.0659514,2018,Jul,11
2018/07/11,UTTAR PRADESH,SANT RAVI DAS NAGAR(BHADOHI),3.89,-,27.34,38.05502919,2018,Jul,11
2018/07/11,UTTAR PRADESH,HAMIRPUR,0.84,-,8.69,42.36926993,2018,Jul,11
2018/07/11,UTTAR PRADESH,PRATAPGARH,2.46,-,17.34,39.88005349,2018,Jul,11
2018/07/11,UTTAR PRADESH,ETAWAH,1.53,-,11.1,33.38394041,2018,Jul,11
2018/07/11,UTTAR PRADESH,MORADABAD,0.18,-,1.6,20.36055541,2018,Jul,11
2018/07/11,UTTAR PRADESH,AGRA,0.54,-,4.58,25.8897535,2018,Jul,11
2018/07/11,UTTAR PRADESH,JAUNPUR,2.72,-,19.04,35.84655123,2018,Jul,11
2018/07/11,UTTAR PRADESH,KANPUR NAGAR,3.4,-,22.14,37.75301686,2018,Jul,11
2018/07/11,UTTAR PRADESH,JHANSI,1.99,-,13.38,41.8836914,2018,Jul,11
2018/07/11,UTTAR PRADESH,SIDDHARTH NAGAR,5.37,-,34.97,35.85493084,2018,Jul,11
2018/07/11,UTTAR PRADESH,MEERUT,0.2,-,1.53,24.68942263,2018,Jul,11
2018/07/11,UTTAR PRADESH,PILIBHIT,3.99,-,27.45,23.15033984,2018,Jul,11
2018/07/11,UTTAR PRADESH,SHAHJAHANPUR,2.88,-,22.55,26.70482215,2018,Jul,11
2018/07/11,UTTAR PRADESH,KANPUR DEHAT,2.78,-,17.81,37.98646337,2018,Jul,11
2018/07/11,UTTAR PRADESH,FIROZABAD,0.26,-,2.35,27.60625682,2018,Jul,11
2018/07/11,UTTAR PRADESH,AYODHYA,2.56,-,18.21,38.73855291,2018,Jul,11
2018/07/11,UTTAR PRADESH,KUSHINAGAR,1.38,-,12.4,27.14047522,2018,Jul,11
2018/07/11,UTTAR PRADESH,JALAUN,0.18,-,1.31,43.0205939,2018,Jul,11
2018/07/11,UTTAR PRADESH,GHAZIABAD,0.28,-,1.87,24.20673252,2018,Jul,11
2018/07/11,UTTAR PRADESH,ETAH,0.17,-,1.09,29.53337395,2018,Jul,11
2018/07/11,UTTAR PRADESH,BALLIA,0.0,-,0.04,20.52667694,2018,Jul,11
2018/07/11,UTTAR PRADESH,UNNAO,5.34,-,37.75,37.02899923,2018,Jul,11
2018/07/11,UTTAR PRADESH,MAU,0.0,-,0.0,20.3314183,2018,Jul,11
2018/07/11,UTTAR PRADESH,SITAPUR,4.38,-,29.67,35.08091136,2018,Jul,11
2018/07/11,UTTAR PRADESH,PRAYAGRAJ,5.31,-,47.18,40.24625447,2018,Jul,11
2018/07/11,UTTAR PRADESH,BAREILLY,2.3,-,14.94,26.23925651,2018,Jul,11
2018/07/11,UTTAR PRADESH,SHRAWASTI,4.04,-,33.24,33.04112694,2018,Jul,11
2018/07/11,UTTAR PRADESH,SULTANPUR,1.68,-,11.12,41.03573975,2018,Jul,11
2018/07/11,UTTAR PRADESH,GONDA,3.2,-,21.71,36.82595095,2018,Jul,11
2018/07/11,UTTAR PRADESH,GAUTAM BUDDHA NAGAR,0.32,-,2.02,23.75589141,2018,Jul,11
2018/07/11,UTTAR PRADESH,KANSIRAM NAGAR,0.68,-,5.99,26.86973993,2018,Jul,11
2018/07/11,UTTAR PRADESH,MAHARAJGANJ,3.65,-,25.95,33.17728248,2018,Jul,11
2018/07/11,UTTAR PRADESH,MAINPURI,1.05,-,7.32,32.69065602,2018,Jul,11
2018/07/11,UTTAR PRADESH,VARANASI,1.62,-,11.75,37.60390682,2018,Jul,11
2018/07/11,UTTAR PRADESH,AURAIYA,2.89,-,20.09,36.67399741,2018,Jul,11
2018/07/10,UTTAR PRADESH,FARRUKHABAD,0.69,-,6.55,20.6057134,2018,Jul,10
2018/07/10,UTTAR PRADESH,LUCKNOW,0.03,-,0.17,17.0433417,2018,Jul,10
2018/07/10,UTTAR PRADESH,KHERI,2.37,-,16.99,18.1818187,2018,Jul,10
2018/07/10,UTTAR PRADESH,CHANDAULI,0.12,-,0.96,26.66126051,2018,Jul,10
2018/07/10,UTTAR PRADESH,AMBEDKAR NAGAR,0.0,-,0.0,19.89771805,2018,Jul,10
2018/07/10,UTTAR PRADESH,BUDAUN,0.27,-,2.72,17.45712679,2018,Jul,10
2018/07/10,UTTAR PRADESH,BALRAMPUR,3.54,-,23.55,23.60153974,2018,Jul,10
2018/07/10,UTTAR PRADESH,BASTI,0.38,-,2.36,19.5726401,2018,Jul,10
2018/07/10,UTTAR PRADESH,RAMPUR,0.02,-,0.11,15.8327682,2018,Jul,10
2018/07/10,UTTAR PRADESH,MIRZAPUR,0.2,-,1.94,26.60021545,2018,Jul,10
2018/07/10,UTTAR PRADESH,JYOTIBA PHULE NAGAR,0.03,-,0.33,13.72933369,2018,Jul,10
2018/07/10,UTTAR PRADESH,LALITPUR,2.09,-,13.96,34.48548536,2018,Jul,10
2018/07/10,UTTAR PRADESH,MAHAMAYA NAGAR,0.0,-,0.03,19.19074317,2018,Jul,10
2018/07/10,UTTAR PRADESH,MATHURA,0.25,-,1.54,16.39394137,2018,Jul,10
2018/07/10,UTTAR PRADESH,MAHOBA,0.45,-,3.69,35.9264328,2018,Jul,10
2018/07/10,UTTAR PRADESH,CHITRAKOOT,0.24,-,1.88,26.77568896,2018,Jul,10
2018/07/10,UTTAR PRADESH,SAHARANPUR,0.73,-,5.49,19.26319485,2018,Jul,10
2018/07/10,UTTAR PRADESH,KANNAUJ,0.0,-,0.0,17.66254649,2018,Jul,10
2018/07/10,UTTAR PRADESH,SANT KABIR NAGAR,1.57,-,11.42,20.11796331,2018,Jul,10
2018/07/10,UTTAR PRADESH,SONBHADRA,0.58,-,4.13,34.72631539,2018,Jul,10
2018/07/10,UTTAR PRADESH,FATEHPUR,0.08,-,0.74,17.41911823,2018,Jul,10
2018/07/10,UTTAR PRADESH,BARA BANKI,0.0,-,0.0,19.13703024,2018,Jul,10
2018/07/10,UTTAR PRADESH,AZAMGARH,0.0,-,0.0,18.42401639,2018,Jul,10
2018/07/10,UTTAR PRADESH,BAGHPAT,0.0,-,0.01,12.695628,2018,Jul,10
2018/07/10,UTTAR PRADESH,ALIGARH,0.03,-,0.24,16.76932174,2018,Jul,10
2018/07/10,UTTAR PRADESH,HARDOI,0.42,-,3.33,16.49490541,2018,Jul,10
2018/07/10,UTTAR PRADESH,RAE BARELI,0.06,-,0.62,18.24412483,2018,Jul,10
2018/07/10,UTTAR PRADESH,GHAZIPUR,0.09,-,0.81,18.91207717,2018,Jul,10
2018/07/10,UTTAR PRADESH,KAUSHAMBI,0.12,-,0.96,18.267717,2018,Jul,10
2018/07/10,UTTAR PRADESH,BULANDSHAHR,0.01,-,0.05,15.43843867,2018,Jul,10
2018/07/10,UTTAR PRADESH,DEORIA,0.01,-,0.05,24.63428394,2018,Jul,10
2018/07/10,UTTAR PRADESH,BAHRAICH,2.41,-,21.11,20.47945236,2018,Jul,10
2018/07/10,UTTAR PRADESH,GORAKHPUR,1.67,-,12.32,21.11911938,2018,Jul,10
2018/07/10,UTTAR PRADESH,BIJNOR,0.91,-,6.4,17.72272193,2018,Jul,10
2018/07/10,UTTAR PRADESH,BANDA,0.06,-,0.56,28.30790797,2018,Jul,10
2018/07/10,UTTAR PRADESH,MUZAFFARNAGAR,0.0,-,0.02,14.17767448,2018,Jul,10
2018/07/10,UTTAR PRADESH,SANT RAVI DAS NAGAR(BHADOHI),0.01,-,0.06,20.01683697,2018,Jul,10
2018/07/10,UTTAR PRADESH,HAMIRPUR,0.04,-,0.45,29.10493154,2018,Jul,10
2018/07/10,UTTAR PRADESH,PRATAPGARH,0.29,-,2.0,27.62115473,2018,Jul,10
2018/07/10,UTTAR PRADESH,ETAWAH,0.22,-,1.87,19.46788093,2018,Jul,10
2018/07/10,UTTAR PRADESH,MORADABAD,0.1,-,0.78,14.95318393,2018,Jul,10
2018/07/10,UTTAR PRADESH,AGRA,0.5,-,4.33,18.23651611,2018,Jul,10
2018/07/10,UTTAR PRADESH,JAUNPUR,0.07,-,0.48,19.99622172,2018,Jul,10
2018/07/10,UTTAR PRADESH,KANPUR NAGAR,0.01,-,0.06,16.96252473,2018,Jul,10
2018/07/10,UTTAR PRADESH,JHANSI,0.65,-,4.13,34.71205765,2018,Jul,10
2018/07/10,UTTAR PRADESH,SIDDHARTH NAGAR,2.06,-,12.98,22.28460017,2018,Jul,10
2018/07/10,UTTAR PRADESH,MEERUT,0.08,-,0.49,12.9948012,2018,Jul,10
2018/07/10,UTTAR PRADESH,PILIBHIT,3.66,-,25.27,19.06769892,2018,Jul,10
2018/07/10,UTTAR PRADESH,SHAHJAHANPUR,2.07,-,16.53,18.8917822,2018,Jul,10
2018/07/10,UTTAR PRADESH,KANPUR DEHAT,0.0,-,0.0,17.66469641,2018,Jul,10
2018/07/10,UTTAR PRADESH,FIROZABAD,0.25,-,2.24,19.30448053,2018,Jul,10
2018/07/10,UTTAR PRADESH,AYODHYA,0.0,-,0.0,18.94942706,2018,Jul,10
2018/07/10,UTTAR PRADESH,KUSHINAGAR,1.41,-,12.68,27.67970439,2018,Jul,10
2018/07/10,UTTAR PRADESH,JALAUN,0.0,-,0.02,26.87928147,2018,Jul,10
2018/07/10,UTTAR PRADESH,GHAZIABAD,0.25,-,1.55,15.62607752,2018,Jul,10
2018/07/10,UTTAR PRADESH,ETAH,0.0,-,0.0,21.90711545,2018,Jul,10
2018/07/10,UTTAR PRADESH,BALLIA,0.0,-,0.01,21.04128617,2018,Jul,10
2018/07/10,UTTAR PRADESH,UNNAO,0.06,-,0.59,16.30725888,2018,Jul,10
2018/07/10,UTTAR PRADESH,MAU,0.0,-,0.0,20.18400447,2018,Jul,10
2018/07/10,UTTAR PRADESH,SITAPUR,0.65,-,5.11,17.79685641,2018,Jul,10
2018/07/10,UTTAR PRADESH,PRAYAGRAJ,0.05,-,0.52,22.78001339,2018,Jul,10
2018/07/10,UTTAR PRADESH,BAREILLY,1.25,-,8.5,18.56354719,2018,Jul,10
2018/07/10,UTTAR PRADESH,SHRAWASTI,2.93,-,25.14,24.80465124,2018,Jul,10
2018/07/10,UTTAR PRADESH,SULTANPUR,0.0,-,0.0,22.58240523,2018,Jul,10
2018/07/10,UTTAR PRADESH,GONDA,0.55,-,3.63,20.21538454,2018,Jul,10
2018/07/10,UTTAR PRADESH,GAUTAM BUDDHA NAGAR,0.32,-,2.08,16.86388011,2018,Jul,10
2018/07/10,UTTAR PRADESH,KANSIRAM NAGAR,0.22,-,2.18,21.19081671,2018,Jul,10
2018/07/10,UTTAR PRADESH,MAHARAJGANJ,2.25,-,16.59,26.28786971,2018,Jul,10
2018/07/10,UTTAR PRADESH,MAINPURI,0.0,-,0.0,20.36075049,2018,Jul,10
2018/07/10,UTTAR PRADESH,VARANASI,0.06,-,0.55,22.61835778,2018,Jul,10
2018/07/10,UTTAR PRADESH,AURAIYA,0.06,-,0.61,17.32934491,2018,Jul,10
2018/07/09,UTTAR PRADESH,FARRUKHABAD,0.62,-,5.91,18.68740707,2018,Jul,9
2018/07/09,UTTAR PRADESH,LUCKNOW,0.03,-,0.2,18.47002797,2018,Jul,9
2018/07/09,UTTAR PRADESH,KHERI,2.53,-,18.12,19.30386377,2018,Jul,9
2018/07/09,UTTAR PRADESH,CHANDAULI,0.01,-,0.08,20.742795,2018,Jul,9
2018/07/09,UTTAR PRADESH,AMBEDKAR NAGAR,0.0,-,0.0,20.92459766,2018,Jul,9
2018/07/09,UTTAR PRADESH,BUDAUN,0.2,-,1.94,16.00488284,2018,Jul,9
2018/07/09,UTTAR PRADESH,BALRAMPUR,3.66,-,24.28,23.06050131,2018,Jul,9
2018/07/09,UTTAR PRADESH,BASTI,0.45,-,2.78,20.4644744,2018,Jul,9
2018/07/09,UTTAR PRADESH,RAMPUR,0.02,-,0.14,17.17063358,2018,Jul,9
2018/07/09,UTTAR PRADESH,MIRZAPUR,0.04,-,0.36,21.18386078,2018,Jul,9
2018/07/09,UTTAR PRADESH,JYOTIBA PHULE NAGAR,0.09,-,0.88,15.12730194,2018,Jul,9
2018/07/09,UTTAR PRADESH,LALITPUR,0.87,-,5.57,30.42721268,2018,Jul,9
2018/07/09,UTTAR PRADESH,MAHAMAYA NAGAR,0.0,-,0.03,19.98899448,2018,Jul,9
2018/07/09,UTTAR PRADESH,MATHURA,0.27,-,1.7,17.37449932,2018,Jul,9
2018/07/09,UTTAR PRADESH,MAHOBA,0.0,-,0.02,26.45613635,2018,Jul,9
2018/07/09,UTTAR PRADESH,CHITRAKOOT,0.08,-,0.65,22.46301584,2018,Jul,9
2018/07/09,UTTAR PRADESH,SAHARANPUR,0.78,-,5.78,19.99360372,2018,Jul,9
2018/07/09,UTTAR PRADESH,KANNAUJ,0.0,-,0.0,18.70743356,2018,Jul,9
2018/07/09,UTTAR PRADESH,SANT KABIR NAGAR,1.73,-,12.5,20.98527141,2018,Jul,9
2018/07/09,UTTAR PRADESH,SONBHADRA,0.29,-,2.04,28.22073274,2018,Jul,9
2018/07/09,UTTAR PRADESH,FATEHPUR,0.09,-,0.84,17.86472616,2018,Jul,9
2018/07/09,UTTAR PRADESH,BARA BANKI,0.0,-,0.0,20.63154113,2018,Jul,9
2018/07/09,UTTAR PRADESH,AZAMGARH,0.0,-,0.0,19.52557344,2018,Jul,9
2018/07/09,UTTAR PRADESH,BAGHPAT,0.0,-,0.01,13.51453126,2018,Jul,9
2018/07/09,UTTAR PRADESH,ALIGARH,0.03,-,0.22,17.20151668,2018,Jul,9
2018/07/09,UTTAR PRADESH,HARDOI,0.46,-,3.63,17.77116923,2018,Jul,9
2018/07/09,UTTAR PRADESH,RAE BARELI,0.09,-,0.89,19.19677656,2018,Jul,9
2018/07/09,UTTAR PRADESH,GHAZIPUR,0.02,-,0.19,18.20021626,2018,Jul,9
2018/07/09,UTTAR PRADESH,KAUSHAMBI,0.02,-,0.16,15.40432456,2018,Jul,9
2018/07/09,UTTAR PRADESH,BULANDSHAHR,0.01,-,0.06,16.53047984,2018,Jul,9
2018/07/09,UTTAR PRADESH,DEORIA,0.01,-,0.05,25.54972508,2018,Jul,9
2018/07/09,UTTAR PRADESH,BAHRAICH,2.55,-,22.29,21.243319,2018,Jul,9
2018/07/09,UTTAR PRADESH,GORAKHPUR,1.77,-,12.95,22.10998101,2018,Jul,9
2018/07/09,UTTAR PRADESH,BIJNOR,0.99,-,6.93,19.28006765,2018,Jul,9
2018/07/09,UTTAR PRADESH,BANDA,0.06,-,0.49,26.14531527,2018,Jul,9
2018/07/09,UTTAR PRADESH,MUZAFFARNAGAR,0.01,-,0.09,15.40559003,2018,Jul,9
2018/07/09,UTTAR PRADESH,SANT RAVI DAS NAGAR(BHADOHI),0.0,-,0.01,18.68236945,2018,Jul,9
2018/07/09,UTTAR PRADESH,HAMIRPUR,0.0,-,0.0,25.07818795,2018,Jul,9
2018/07/09,UTTAR PRADESH,PRATAPGARH,0.0,-,0.0,22.92481908,2018,Jul,9
2018/07/09,UTTAR PRADESH,ETAWAH,0.24,-,2.0,20.49797477,2018,Jul,9
2018/07/09,UTTAR PRADESH,MORADABAD,0.12,-,0.92,16.35264191,2018,Jul,9
2018/07/09,UTTAR PRADESH,AGRA,0.53,-,4.49,19.35042224,2018,Jul,9
2018/07/09,UTTAR PRADESH,JAUNPUR,0.02,-,0.14,19.39379058,2018,Jul,9
2018/07/09,UTTAR PRADESH,KANPUR NAGAR,0.01,-,0.11,18.36635241,2018,Jul,9
2018/07/09,UTTAR PRADESH,JHANSI,0.13,-,0.85,27.31845813,2018,Jul,9
2018/07/09,UTTAR PRADESH,SIDDHARTH NAGAR,2.28,-,14.37,22.94517315,2018,Jul,9
2018/07/09,UTTAR PRADESH,MEERUT,0.08,-,0.53,13.91184591,2018,Jul,9
2018/07/09,UTTAR PRADESH,PILIBHIT,3.96,-,27.15,19.0648611,2018,Jul,9
2018/07/09,UTTAR PRADESH,SHAHJAHANPUR,2.19,-,17.23,18.20572641,2018,Jul,9
2018/07/09,UTTAR PRADESH,KANPUR DEHAT,0.0,-,0.0,19.18974504,2018,Jul,9
2018/07/09,UTTAR PRADESH,FIROZABAD,0.26,-,2.34,20.10699606,2018,Jul,9
2018/07/09,UTTAR PRADESH,AYODHYA,0.0,-,0.0,20.22197819,2018,Jul,9
2018/07/09,UTTAR PRADESH,KUSHINAGAR,1.45,-,12.94,28.52901698,2018,Jul,9
2018/07/09,UTTAR PRADESH,JALAUN,0.0,-,0.02,27.1569108,2018,Jul,9
2018/07/09,UTTAR PRADESH,GHAZIABAD,0.25,-,1.61,17.07797849,2018,Jul,9
2018/07/09,UTTAR PRADESH,ETAH,0.0,-,0.0,21.35142843,2018,Jul,9
2018/07/09,UTTAR PRADESH,BALLIA,0.0,-,0.0,21.57209458,2018,Jul,9
2018/07/09,UTTAR PRADESH,UNNAO,0.1,-,1.04,17.83034985,2018,Jul,9
2018/07/09,UTTAR PRADESH,MAU,0.0,-,0.0,20.83689388,2018,Jul,9
2018/07/09,UTTAR PRADESH,SITAPUR,0.71,-,5.49,19.19068845,2018,Jul,9
2018/07/09,UTTAR PRADESH,PRAYAGRAJ,0.04,-,0.43,20.84698416,2018,Jul,9
2018/07/09,UTTAR PRADESH,BAREILLY,1.36,-,9.19,17.57236569,2018,Jul,9
2018/07/09,UTTAR PRADESH,SHRAWASTI,2.98,-,25.36,23.94799705,2018,Jul,9
2018/07/09,UTTAR PRADESH,SULTANPUR,0.0,-,0.0,23.17878657,2018,Jul,9
2018/07/09,UTTAR PRADESH,GONDA,0.62,-,4.11,21.55289631,2018,Jul,9
2018/07/09,UTTAR PRADESH,GAUTAM BUDDHA NAGAR,0.34,-,2.14,18.25115852,2018,Jul,9
2018/07/09,UTTAR PRADESH,KANSIRAM NAGAR,0.16,-,1.61,19.80120303,2018,Jul,9
2018/07/09,UTTAR PRADESH,MAHARAJGANJ,2.33,-,17.08,25.58571544,2018,Jul,9
2018/07/09,UTTAR PRADESH,MAINPURI,0.0,-,0.0,20.47366493,2018,Jul,9
2018/07/09,UTTAR PRADESH,VARANASI,0.0,-,0.0,18.74509833,2018,Jul,9
2018/07/09,UTTAR PRADESH,AURAIYA,0.07,-,0.67,18.36501969,2018,Jul,9
2018/07/08,UTTAR PRADESH,FARRUKHABAD,0.67,-,6.36,20.0616442,2018,Jul,8
2018/07/08,UTTAR PRADESH,LUCKNOW,0.04,-,0.26,19.967179,2018,Jul,8
2018/07/08,UTTAR PRADESH,KHERI,2.71,-,19.31,20.4703297,2018,Jul,8
2018/07/08,UTTAR PRADESH,CHANDAULI,0.02,-,0.15,22.29938699,2018,Jul,8
2018/07/08,UTTAR PRADESH,AMBEDKAR NAGAR,0.0,-,0.0,22.46029231,2018,Jul,8
2018/07/08,UTTAR PRADESH,BUDAUN,0.26,-,2.59,17.39488536,2018,Jul,8
2018/07/08,UTTAR PRADESH,BALRAMPUR,3.85,-,25.59,22.7316876,2018,Jul,8
2018/07/08,UTTAR PRADESH,BASTI,0.51,-,3.16,21.67343177,2018,Jul,8
2018/07/08,UTTAR PRADESH,RAMPUR,0.03,-,0.21,18.63945068,2018,Jul,8
2018/07/08,UTTAR PRADESH,MIRZAPUR,0.07,-,0.74,22.93306146,2018,Jul,8
2018/07/08,UTTAR PRADESH,JYOTIBA PHULE NAGAR,0.19,-,2.02,16.57532709,2018,Jul,8
2018/07/08,UTTAR PRADESH,LALITPUR,0.73,-,4.6,29.09264905,2018,Jul,8
2018/07/08,UTTAR PRADESH,MAHAMAYA NAGAR,0.0,-,0.03,21.63228369,2018,Jul,8
2018/07/08,UTTAR PRADESH,MATHURA,0.31,-,1.9,19.22674084,2018,Jul,8
2018/07/08,UTTAR PRADESH,MAHOBA,0.02,-,0.11,27.53081857,2018,Jul,8
2018/07/08,UTTAR PRADESH,CHITRAKOOT,0.1,-,0.91,24.12910796,2018,Jul,8
2018/07/08,UTTAR PRADESH,SAHARANPUR,0.84,-,6.29,21.55567974,2018,Jul,8
2018/07/08,UTTAR PRADESH,KANNAUJ,0.0,-,0.0,20.41103076,2018,Jul,8
2018/07/08,UTTAR PRADESH,SANT KABIR NAGAR,1.87,-,13.46,22.07991954,2018,Jul,8
2018/07/08,UTTAR PRADESH,SONBHADRA,0.31,-,2.15,29.80269305,2018,Jul,8
2018/07/08,UTTAR PRADESH,FATEHPUR,0.15,-,1.4,19.15564034,2018,Jul,8
2018/07/08,UTTAR PRADESH,BARA BANKI,0.0,-,0.0,22.09334068,2018,Jul,8
2018/07/08,UTTAR PRADESH,AZAMGARH,0.0,-,0.0,20.70466357,2018,Jul,8
2018/07/08,UTTAR PRADESH,BAGHPAT,0.0,-,0.01,14.65339344,2018,Jul,8
2018/07/08,UTTAR PRADESH,ALIGARH,0.04,-,0.27,18.55784147,2018,Jul,8
2018/07/08,UTTAR PRADESH,HARDOI,0.5,-,3.93,19.31805646,2018,Jul,8
2018/07/08,UTTAR PRADESH,RAE BARELI,0.13,-,1.3,20.73916589,2018,Jul,8
2018/07/08,UTTAR PRADESH,GHAZIPUR,0.06,-,0.55,19.90434348,2018,Jul,8
2018/07/08,UTTAR PRADESH,KAUSHAMBI,0.04,-,0.33,16.50383337,2018,Jul,8
2018/07/08,UTTAR PRADESH,BULANDSHAHR,0.01,-,0.1,17.92564178,2018,Jul,8
2018/07/08,UTTAR PRADESH,DEORIA,0.01,-,0.06,26.87070431,2018,Jul,8
2018/07/08,UTTAR PRADESH,BAHRAICH,2.72,-,23.6,22.27176226,2018,Jul,8
2018/07/08,UTTAR PRADESH,GORAKHPUR,1.89,-,13.69,23.34559364,2018,Jul,8
2018/07/08,UTTAR PRADESH,BIJNOR,1.02,-,7.19,19.02854327,2018,Jul,8
2018/07/08,UTTAR PRADESH,BANDA,0.09,-,0.73,28.0063931,2018,Jul,8
2018/07/08,UTTAR PRADESH,MUZAFFARNAGAR,0.02,-,0.24,16.96403079,2018,Jul,8
2018/07/08,UTTAR PRADESH,SANT RAVI DAS NAGAR(BHADOHI),0.01,-,0.09,20.3792504,2018,Jul,8
2018/07/08,UTTAR PRADESH,HAMIRPUR,0.0,-,0.0,26.62257296,2018,Jul,8
2018/07/08,UTTAR PRADESH,PRATAPGARH,0.0,-,0.0,23.8190447,2018,Jul,8
2018/07/08,UTTAR PRADESH,ETAWAH,0.25,-,2.11,22.13631172,2018,Jul,8
2018/07/08,UTTAR PRADESH,MORADABAD,0.15,-,1.25,17.50123286,2018,Jul,8
2018/07/08,UTTAR PRADESH,AGRA,0.55,-,4.67,21.15298564,2018,Jul,8
2018/07/08,UTTAR PRADESH,JAUNPUR,0.02,-,0.16,20.60512651,2018,Jul,8
2018/07/08,UTTAR PRADESH,KANPUR NAGAR,0.02,-,0.17,20.02358686,2018,Jul,8
2018/07/08,UTTAR PRADESH,JHANSI,0.17,-,1.06,28.57434958,2018,Jul,8
2018/07/08,UTTAR PRADESH,SIDDHARTH NAGAR,2.52,-,15.88,23.44412342,2018,Jul,8
2018/07/08,UTTAR PRADESH,MEERUT,0.1,-,0.66,15.11151446,2018,Jul,8
2018/07/08,UTTAR PRADESH,PILIBHIT,4.32,-,29.5,20.13339795,2018,Jul,8
2018/07/08,UTTAR PRADESH,SHAHJAHANPUR,2.4,-,18.71,19.59608089,2018,Jul,8
2018/07/08,UTTAR PRADESH,KANPUR DEHAT,0.0,-,0.0,20.91438302,2018,Jul,8
2018/07/08,UTTAR PRADESH,FIROZABAD,0.27,-,2.43,21.9893035,2018,Jul,8
2018/07/08,UTTAR PRADESH,AYODHYA,0.0,-,0.0,21.59786874,2018,Jul,8
2018/07/08,UTTAR PRADESH,KUSHINAGAR,1.49,-,13.22,29.28819765,2018,Jul,8
2018/07/08,UTTAR PRADESH,JALAUN,0.0,-,0.04,28.91854348,2018,Jul,8
2018/07/08,UTTAR PRADESH,GHAZIABAD,0.27,-,1.72,18.76520886,2018,Jul,8
2018/07/08,UTTAR PRADESH,ETAH,0.0,-,0.0,22.85715294,2018,Jul,8
2018/07/08,UTTAR PRADESH,BALLIA,0.0,-,0.01,23.25716591,2018,Jul,8
2018/07/08,UTTAR PRADESH,UNNAO,0.15,-,1.53,19.50286066,2018,Jul,8
2018/07/08,UTTAR PRADESH,MAU,0.0,-,0.0,22.09919852,2018,Jul,8
2018/07/08,UTTAR PRADESH,SITAPUR,0.76,-,5.88,20.59662697,2018,Jul,8
2018/07/08,UTTAR PRADESH,PRAYAGRAJ,0.07,-,0.66,22.48444151,2018,Jul,8
2018/07/08,UTTAR PRADESH,BAREILLY,1.48,-,9.96,19.08783913,2018,Jul,8
2018/07/08,UTTAR PRADESH,SHRAWASTI,3.07,-,26.11,24.45431611,2018,Jul,8
2018/07/08,UTTAR PRADESH,SULTANPUR,0.0,-,0.0,24.67990844,2018,Jul,8
2018/07/08,UTTAR PRADESH,GONDA,0.68,-,4.52,22.70388079,2018,Jul,8
2018/07/08,UTTAR PRADESH,GAUTAM BUDDHA NAGAR,0.36,-,2.28,20.04176526,2018,Jul,8
2018/07/08,UTTAR PRADESH,KANSIRAM NAGAR,0.19,-,1.9,21.08696213,2018,Jul,8
2018/07/08,UTTAR PRADESH,MAHARAJGANJ,2.53,-,18.39,25.90655,2018,Jul,8
2018/07/08,UTTAR PRADESH,MAINPURI,0.0,-,0.0,22.24885129,2018,Jul,8
2018/07/08,UTTAR PRADESH,VARANASI,0.0,-,0.01,20.21221081,2018,Jul,8
2018/07/08,UTTAR PRADESH,AURAIYA,0.08,-,0.72,20.05897391,2018,Jul,8
2018/07/07,UTTAR PRADESH,FARRUKHABAD,0.71,-,6.77,21.25828957,2018,Jul,7
2018/07/07,UTTAR PRADESH,LUCKNOW,0.04,-,0.32,20.99487083,2018,Jul,7
2018/07/07,UTTAR PRADESH,KHERI,2.93,-,20.88,21.93592709,2018,Jul,7
2018/07/07,UTTAR PRADESH,CHANDAULI,0.03,-,0.26,24.06926284,2018,Jul,7
2018/07/07,UTTAR PRADESH,AMBEDKAR NAGAR,0.0,-,0.0,23.50163793,2018,Jul,7
2018/07/07,UTTAR PRADESH,BUDAUN,0.37,-,3.65,18.9458291,2018,Jul,7
2018/07/07,UTTAR PRADESH,BALRAMPUR,4.25,-,28.13,23.71565834,2018,Jul,7
2018/07/07,UTTAR PRADESH,BASTI,0.61,-,3.77,23.03235802,2018,Jul,7
2018/07/07,UTTAR PRADESH,RAMPUR,0.05,-,0.33,20.50225188,2018,Jul,7
2018/07/07,UTTAR PRADESH,MIRZAPUR,0.11,-,1.08,23.95473709,2018,Jul,7
2018/07/07,UTTAR PRADESH,JYOTIBA PHULE NAGAR,0.37,-,3.74,18.4460591,2018,Jul,7
2018/07/07,UTTAR PRADESH,LALITPUR,1.13,-,7.29,31.14025425,2018,Jul,7
2018/07/07,UTTAR PRADESH,MAHAMAYA NAGAR,0.01,-,0.04,23.54615902,2018,Jul,7
2018/07/07,UTTAR PRADESH,MATHURA,0.34,-,2.14,21.12801331,2018,Jul,7
2018/07/07,UTTAR PRADESH,MAHOBA,0.03,-,0.19,28.43026874,2018,Jul,7
2018/07/07,UTTAR PRADESH,CHITRAKOOT,0.11,-,1.01,24.89714138,2018,Jul,7
2018/07/07,UTTAR PRADESH,SAHARANPUR,0.95,-,7.18,22.76506332,2018,Jul,7
2018/07/07,UTTAR PRADESH,KANNAUJ,0.0,-,0.0,21.68539969,2018,Jul,7
2018/07/07,UTTAR PRADESH,SANT KABIR NAGAR,2.07,-,14.79,23.50624707,2018,Jul,7
2018/07/07,UTTAR PRADESH,SONBHADRA,0.32,-,2.27,31.34842905,2018,Jul,7
2018/07/07,UTTAR PRADESH,FATEHPUR,0.21,-,1.87,20.26149085,2018,Jul,7
2018/07/07,UTTAR PRADESH,BARA BANKI,0.0,-,0.0,23.16252252,2018,Jul,7
2018/07/07,UTTAR PRADESH,AZAMGARH,0.0,-,0.0,22.27649051,2018,Jul,7
2018/07/07,UTTAR PRADESH,BAGHPAT,0.0,-,0.01,16.0722869,2018,Jul,7
2018/07/07,UTTAR PRADESH,ALIGARH,0.04,-,0.32,20.39209662,2018,Jul,7
2018/07/07,UTTAR PRADESH,HARDOI,0.55,-,4.29,20.53741054,2018,Jul,7
2018/07/07,UTTAR PRADESH,RAE BARELI,0.17,-,1.65,21.69371187,2018,Jul,7
2018/07/07,UTTAR PRADESH,GHAZIPUR,0.12,-,1.14,21.81959927,2018,Jul,7
2018/07/07,UTTAR PRADESH,KAUSHAMBI,0.05,-,0.44,16.94448915,2018,Jul,7
2018/07/07,UTTAR PRADESH,BULANDSHAHR,0.02,-,0.21,19.86872049,2018,Jul,7
2018/07/07,UTTAR PRADESH,DEORIA,0.01,-,0.07,28.76510346,2018,Jul,7
2018/07/07,UTTAR PRADESH,BAHRAICH,2.92,-,25.18,23.61506013,2018,Jul,7
2018/07/07,UTTAR PRADESH,GORAKHPUR,2.03,-,14.58,24.86632027,2018,Jul,7
2018/07/07,UTTAR PRADESH,BIJNOR,1.15,-,8.12,20.37437149,2018,Jul,7
2018/07/07,UTTAR PRADESH,BANDA,0.11,-,0.96,29.52940757,2018,Jul,7
2018/07/07,UTTAR PRADESH,MUZAFFARNAGAR,0.04,-,0.44,18.79137497,2018,Jul,7
2018/07/07,UTTAR PRADESH,SANT RAVI DAS NAGAR(BHADOHI),0.02,-,0.18,21.93981901,2018,Jul,7
2018/07/07,UTTAR PRADESH,HAMIRPUR,0.0,-,0.0,28.26708204,2018,Jul,7
2018/07/07,UTTAR PRADESH,PRATAPGARH,0.0,-,0.0,24.96382129,2018,Jul,7
2018/07/07,UTTAR PRADESH,ETAWAH,0.27,-,2.22,23.67894684,2018,Jul,7
2018/07/07,UTTAR PRADESH,MORADABAD,0.21,-,1.81,19.39818098,2018,Jul,7
2018/07/07,UTTAR PRADESH,AGRA,0.58,-,4.86,22.96875489,2018,Jul,7
2018/07/07,UTTAR PRADESH,JAUNPUR,0.02,-,0.18,22.26986743,2018,Jul,7
2018/07/07,UTTAR PRADESH,KANPUR NAGAR,0.02,-,0.2,21.15144169,2018,Jul,7
2018/07/07,UTTAR PRADESH,JHANSI,0.23,-,1.47,30.16101733,2018,Jul,7
2018/07/07,UTTAR PRADESH,SIDDHARTH NAGAR,2.85,-,17.93,24.5836526,2018,Jul,7
2018/07/07,UTTAR PRADESH,MEERUT,0.12,-,0.88,16.60759794,2018,Jul,7
2018/07/07,UTTAR PRADESH,PILIBHIT,4.81,-,32.69,21.718334,2018,Jul,7
2018/07/07,UTTAR PRADESH,SHAHJAHANPUR,2.64,-,20.41,21.12280673,2018,Jul,7
2018/07/07,UTTAR PRADESH,KANPUR DEHAT,0.0,-,0.0,22.36482621,2018,Jul,7
2018/07/07,UTTAR PRADESH,FIROZABAD,0.28,-,2.5,23.67337076,2018,Jul,7
2018/07/07,UTTAR PRADESH,AYODHYA,0.0,-,0.0,22.33634493,2018,Jul,7
2018/07/07,UTTAR PRADESH,KUSHINAGAR,1.54,-,13.55,30.69353779,2018,Jul,7
2018/07/07,UTTAR PRADESH,JALAUN,0.01,-,0.06,30.95725993,2018,Jul,7
2018/07/07,UTTAR PRADESH,GHAZIABAD,0.29,-,1.85,20.68290645,2018,Jul,7
2018/07/07,UTTAR PRADESH,ETAH,0.0,-,0.0,24.58214612,2018,Jul,7
2018/07/07,UTTAR PRADESH,BALLIA,0.0,-,0.01,25.19421883,2018,Jul,7
2018/07/07,UTTAR PRADESH,UNNAO,0.18,-,1.81,20.55813192,2018,Jul,7
2018/07/07,UTTAR PRADESH,MAU,0.0,-,0.0,23.72197587,2018,Jul,7
2018/07/07,UTTAR PRADESH,SITAPUR,0.83,-,6.37,21.96198081,2018,Jul,7
2018/07/07,UTTAR PRADESH,PRAYAGRAJ,0.08,-,0.82,23.27311114,2018,Jul,7
2018/07/07,UTTAR PRADESH,BAREILLY,1.63,-,10.92,20.95199429,2018,Jul,7
2018/07/07,UTTAR PRADESH,SHRAWASTI,3.28,-,27.71,25.6834893,2018,Jul,7
2018/07/07,UTTAR PRADESH,SULTANPUR,0.0,-,0.0,25.46414323,2018,Jul,7
2018/07/07,UTTAR PRADESH,GONDA,0.77,-,5.11,24.03839057,2018,Jul,7
2018/07/07,UTTAR PRADESH,GAUTAM BUDDHA NAGAR,0.37,-,2.39,22.05840759,2018,Jul,7
2018/07/07,UTTAR PRADESH,KANSIRAM NAGAR,0.23,-,2.29,22.52899656,2018,Jul,7
2018/07/07,UTTAR PRADESH,MAHARAJGANJ,2.75,-,19.88,26.90697911,2018,Jul,7
2018/07/07,UTTAR PRADESH,MAINPURI,0.0,-,0.0,23.85425294,2018,Jul,7
2018/07/07,UTTAR PRADESH,VARANASI,0.0,-,0.02,21.92374699,2018,Jul,7
2018/07/07,UTTAR PRADESH,AURAIYA,0.08,-,0.75,21.5149561,2018,Jul,7
2018/07/06,UTTAR PRADESH,FARRUKHABAD,0.78,-,7.4,23.30065466,2018,Jul,6
2018/07/06,UTTAR PRADESH,LUCKNOW,0.07,-,0.51,22.88742023,2018,Jul,6
2018/07/06,UTTAR PRADESH,KHERI,3.22,-,22.86,23.78750519,2018,Jul,6
2018/07/06,UTTAR PRADESH,CHANDAULI,0.05,-,0.49,25.96941721,2018,Jul,6
2018/07/06,UTTAR PRADESH,AMBEDKAR NAGAR,0.0,-,0.0,25.59339036,2018,Jul,6
2018/07/06,UTTAR PRADESH,BUDAUN,0.51,-,5.0,20.83662921,2018,Jul,6
2018/07/06,UTTAR PRADESH,BALRAMPUR,4.72,-,31.17,25.45740706,2018,Jul,6
2018/07/06,UTTAR PRADESH,BASTI,0.74,-,4.57,24.93473201,2018,Jul,6
2018/07/06,UTTAR PRADESH,RAMPUR,0.07,-,0.51,22.33487218,2018,Jul,6
2018/07/06,UTTAR PRADESH,MIRZAPUR,0.19,-,1.85,25.90344313,2018,Jul,6
2018/07/06,UTTAR PRADESH,JYOTIBA PHULE NAGAR,0.46,-,4.69,20.29628817,2018,Jul,6
2018/07/06,UTTAR PRADESH,LALITPUR,1.62,-,10.75,32.96198521,2018,Jul,6
2018/07/06,UTTAR PRADESH,MAHAMAYA NAGAR,0.01,-,0.04,25.91702607,2018,Jul,6
2018/07/06,UTTAR PRADESH,MATHURA,0.39,-,2.4,23.24432236,2018,Jul,6
2018/07/06,UTTAR PRADESH,MAHOBA,0.06,-,0.36,29.74901405,2018,Jul,6
2018/07/06,UTTAR PRADESH,CHITRAKOOT,0.2,-,1.81,27.12065579,2018,Jul,6
2018/07/06,UTTAR PRADESH,SAHARANPUR,1.12,-,8.54,24.63853852,2018,Jul,6
2018/07/06,UTTAR PRADESH,KANNAUJ,0.01,-,0.11,23.86089873,2018,Jul,6
2018/07/06,UTTAR PRADESH,SANT KABIR NAGAR,2.28,-,16.18,25.36132658,2018,Jul,6
2018/07/06,UTTAR PRADESH,SONBHADRA,0.34,-,2.38,33.25934585,2018,Jul,6
2018/07/06,UTTAR PRADESH,FATEHPUR,0.34,-,2.98,22.32674378,2018,Jul,6
2018/07/06,UTTAR PRADESH,BARA BANKI,0.0,-,0.0,25.16979828,2018,Jul,6
2018/07/06,UTTAR PRADESH,AZAMGARH,0.0,-,0.0,24.33641369,2018,Jul,6
2018/07/06,UTTAR PRADESH,BAGHPAT,0.0,-,0.02,17.64753521,2018,Jul,6
2018/07/06,UTTAR PRADESH,ALIGARH,0.05,-,0.37,22.44662973,2018,Jul,6
2018/07/06,UTTAR PRADESH,HARDOI,0.61,-,4.75,22.46814922,2018,Jul,6
2018/07/06,UTTAR PRADESH,RAE BARELI,0.24,-,2.3,23.73985448,2018,Jul,6
2018/07/06,UTTAR PRADESH,GHAZIPUR,0.25,-,2.15,24.00844456,2018,Jul,6
2018/07/06,UTTAR PRADESH,KAUSHAMBI,0.12,-,1.08,18.65733748,2018,Jul,6
2018/07/06,UTTAR PRADESH,BULANDSHAHR,0.04,-,0.33,21.8513667,2018,Jul,6
2018/07/06,UTTAR PRADESH,DEORIA,0.01,-,0.08,30.55364707,2018,Jul,6
2018/07/06,UTTAR PRADESH,BAHRAICH,3.19,-,27.26,25.49669966,2018,Jul,6
2018/07/06,UTTAR PRADESH,GORAKHPUR,2.17,-,15.5,26.67430813,2018,Jul,6
2018/07/06,UTTAR PRADESH,BIJNOR,1.34,-,9.55,22.21087957,2018,Jul,6
2018/07/06,UTTAR PRADESH,BANDA,0.28,-,2.52,32.35271601,2018,Jul,6
2018/07/06,UTTAR PRADESH,MUZAFFARNAGAR,0.07,-,0.77,20.67782666,2018,Jul,6
2018/07/06,UTTAR PRADESH,SANT RAVI DAS NAGAR(BHADOHI),0.07,-,0.56,23.91170217,2018,Jul,6
2018/07/06,UTTAR PRADESH,HAMIRPUR,0.0,-,0.0,30.35691843,2018,Jul,6
2018/07/06,UTTAR PRADESH,PRATAPGARH,0.01,-,0.04,26.85510542,2018,Jul,6
2018/07/06,UTTAR PRADESH,ETAWAH,0.28,-,2.32,25.78430959,2018,Jul,6
2018/07/06,UTTAR PRADESH,MORADABAD,0.28,-,2.46,21.24544555,2018,Jul,6
2018/07/06,UTTAR PRADESH,AGRA,0.6,-,5.04,25.14784215,2018,Jul,6
2018/07/06,UTTAR PRADESH,JAUNPUR,0.02,-,0.2,24.30973081,2018,Jul,6
2018/07/06,UTTAR PRADESH,KANPUR NAGAR,0.03,-,0.27,23.22858587,2018,Jul,6
2018/07/06,UTTAR PRADESH,JHANSI,0.35,-,2.18,32.08996116,2018,Jul,6
2018/07/06,UTTAR PRADESH,SIDDHARTH NAGAR,3.3,-,20.74,26.26695478,2018,Jul,6
2018/07/06,UTTAR PRADESH,MEERUT,0.14,-,1.07,18.19485144,2018,Jul,6
2018/07/06,UTTAR PRADESH,PILIBHIT,5.38,-,36.39,23.44914038,2018,Jul,6
2018/07/06,UTTAR PRADESH,SHAHJAHANPUR,2.92,-,22.36,22.98005692,2018,Jul,6
2018/07/06,UTTAR PRADESH,KANPUR DEHAT,0.0,-,0.01,24.5952001,2018,Jul,6
2018/07/06,UTTAR PRADESH,FIROZABAD,0.28,-,2.52,26.13806628,2018,Jul,6
2018/07/06,UTTAR PRADESH,AYODHYA,0.0,-,0.0,24.27951789,2018,Jul,6
2018/07/06,UTTAR PRADESH,KUSHINAGAR,1.59,-,13.94,31.59989914,2018,Jul,6
2018/07/06,UTTAR PRADESH,JALAUN,0.02,-,0.14,33.35512916,2018,Jul,6
2018/07/06,UTTAR PRADESH,GHAZIABAD,0.31,-,2.0,22.64107396,2018,Jul,6
2018/07/06,UTTAR PRADESH,ETAH,0.0,-,0.0,27.02185925,2018,Jul,6
2018/07/06,UTTAR PRADESH,BALLIA,0.0,-,0.02,27.69780538,2018,Jul,6
2018/07/06,UTTAR PRADESH,UNNAO,0.23,-,2.23,22.6647407,2018,Jul,6
2018/07/06,UTTAR PRADESH,MAU,0.0,-,0.0,25.96765843,2018,Jul,6
2018/07/06,UTTAR PRADESH,SITAPUR,0.91,-,6.9,23.93023544,2018,Jul,6
2018/07/06,UTTAR PRADESH,PRAYAGRAJ,0.16,-,1.47,25.29134385,2018,Jul,6
2018/07/06,UTTAR PRADESH,BAREILLY,1.8,-,11.97,22.86774733,2018,Jul,6
2018/07/06,UTTAR PRADESH,SHRAWASTI,3.53,-,29.58,27.43107029,2018,Jul,6
2018/07/06,UTTAR PRADESH,SULTANPUR,0.0,-,0.0,27.47385626,2018,Jul,6
2018/07/06,UTTAR PRADESH,GONDA,0.88,-,5.84,26.05359772,2018,Jul,6
2018/07/06,UTTAR PRADESH,GAUTAM BUDDHA NAGAR,0.39,-,2.49,24.18910785,2018,Jul,6
2018/07/06,UTTAR PRADESH,KANSIRAM NAGAR,0.36,-,3.35,24.62437999,2018,Jul,6
2018/07/06,UTTAR PRADESH,MAHARAJGANJ,3.05,-,21.83,28.03572185,2018,Jul,6
2018/07/06,UTTAR PRADESH,MAINPURI,0.0,-,0.0,26.34066617,2018,Jul,6
2018/07/06,UTTAR PRADESH,VARANASI,0.02,-,0.2,23.81116112,2018,Jul,6
2018/07/06,UTTAR PRADESH,AURAIYA,0.08,-,0.79,23.66048931,2018,Jul,6
2018/07/05,UTTAR PRADESH,FARRUKHABAD,0.85,-,8.01,25.61838397,2018,Jul,5
2018/07/05,UTTAR PRADESH,LUCKNOW,0.11,-,0.87,24.8288744,2018,Jul,5
2018/07/05,UTTAR PRADESH,KHERI,3.54,-,24.97,25.58614333,2018,Jul,5
2018/07/05,UTTAR PRADESH,CHANDAULI,0.07,-,0.67,27.42250713,2018,Jul,5
2018/07/05,UTTAR PRADESH,AMBEDKAR NAGAR,0.0,-,0.0,26.69760443,2018,Jul,5
2018/07/05,UTTAR PRADESH,BUDAUN,0.65,-,6.18,22.85213755,2018,Jul,5
2018/07/05,UTTAR PRADESH,BALRAMPUR,5.28,-,34.69,26.07551002,2018,Jul,5
2018/07/05,UTTAR PRADESH,BASTI,0.82,-,5.05,25.71045459,2018,Jul,5
2018/07/05,UTTAR PRADESH,RAMPUR,0.1,-,0.73,24.27708974,2018,Jul,5
2018/07/05,UTTAR PRADESH,MIRZAPUR,0.32,-,3.0,27.89889502,2018,Jul,5
2018/07/05,UTTAR PRADESH,JYOTIBA PHULE NAGAR,0.52,-,5.25,22.24316257,2018,Jul,5
2018/07/05,UTTAR PRADESH,LALITPUR,1.19,-,7.91,32.27563708,2018,Jul,5
2018/07/05,UTTAR PRADESH,MAHAMAYA NAGAR,0.0,-,0.03,28.59446851,2018,Jul,5
2018/07/05,UTTAR PRADESH,MATHURA,0.43,-,2.69,25.52246622,2018,Jul,5
2018/07/05,UTTAR PRADESH,MAHOBA,0.13,-,0.8,31.44230574,2018,Jul,5
2018/07/05,UTTAR PRADESH,CHITRAKOOT,0.19,-,1.61,27.14742872,2018,Jul,5
2018/07/05,UTTAR PRADESH,SAHARANPUR,1.31,-,10.07,26.75849296,2018,Jul,5
2018/07/05,UTTAR PRADESH,KANNAUJ,0.07,-,0.52,26.28098309,2018,Jul,5
2018/07/05,UTTAR PRADESH,SANT KABIR NAGAR,2.4,-,16.93,26.28438877,2018,Jul,5
2018/07/05,UTTAR PRADESH,SONBHADRA,0.35,-,2.51,33.94065502,2018,Jul,5
2018/07/05,UTTAR PRADESH,FATEHPUR,0.46,-,3.96,23.89269042,2018,Jul,5
2018/07/05,UTTAR PRADESH,BARA BANKI,0.0,-,0.0,26.24174046,2018,Jul,5
2018/07/05,UTTAR PRADESH,AZAMGARH,0.0,-,0.0,25.20644287,2018,Jul,5
2018/07/05,UTTAR PRADESH,BAGHPAT,0.0,-,0.04,18.2582681,2018,Jul,5
2018/07/05,UTTAR PRADESH,ALIGARH,0.06,-,0.44,24.69382441,2018,Jul,5
2018/07/05,UTTAR PRADESH,HARDOI,0.67,-,5.23,24.50665881,2018,Jul,5
2018/07/05,UTTAR PRADESH,RAE BARELI,0.29,-,2.68,25.38950958,2018,Jul,5
2018/07/05,UTTAR PRADESH,GHAZIPUR,0.4,-,3.34,25.52429754,2018,Jul,5
2018/07/05,UTTAR PRADESH,KAUSHAMBI,0.25,-,2.13,20.38731849,2018,Jul,5
2018/07/05,UTTAR PRADESH,BULANDSHAHR,0.05,-,0.43,23.93846323,2018,Jul,5
2018/07/05,UTTAR PRADESH,DEORIA,0.01,-,0.1,31.33243847,2018,Jul,5
2018/07/05,UTTAR PRADESH,BAHRAICH,3.45,-,29.17,26.53263634,2018,Jul,5
2018/07/05,UTTAR PRADESH,GORAKHPUR,2.28,-,16.16,27.63837537,2018,Jul,5
2018/07/05,UTTAR PRADESH,BIJNOR,1.57,-,11.21,24.21419123,2018,Jul,5
2018/07/05,UTTAR PRADESH,BANDA,0.18,-,1.52,31.66266626,2018,Jul,5
2018/07/05,UTTAR PRADESH,MUZAFFARNAGAR,0.13,-,1.23,22.45829226,2018,Jul,5
2018/07/05,UTTAR PRADESH,SANT RAVI DAS NAGAR(BHADOHI),0.15,-,1.21,26.13251426,2018,Jul,5
2018/07/05,UTTAR PRADESH,HAMIRPUR,0.03,-,0.32,32.56084403,2018,Jul,5
2018/07/05,UTTAR PRADESH,PRATAPGARH,0.02,-,0.16,28.65999209,2018,Jul,5
2018/07/05,UTTAR PRADESH,ETAWAH,0.29,-,2.34,28.26151347,2018,Jul,5
2018/07/05,UTTAR PRADESH,MORADABAD,0.39,-,3.37,23.19266988,2018,Jul,5
2018/07/05,UTTAR PRADESH,AGRA,0.61,-,5.14,27.63634254,2018,Jul,5
2018/07/05,UTTAR PRADESH,JAUNPUR,0.03,-,0.21,26.2976974,2018,Jul,5
2018/07/05,UTTAR PRADESH,KANPUR NAGAR,0.06,-,0.48,25.01729503,2018,Jul,5
2018/07/05,UTTAR PRADESH,JHANSI,0.46,-,2.9,33.9650408,2018,Jul,5
2018/07/05,UTTAR PRADESH,SIDDHARTH NAGAR,3.74,-,23.56,27.21602445,2018,Jul,5
2018/07/05,UTTAR PRADESH,MEERUT,0.15,-,1.21,19.55610912,2018,Jul,5
2018/07/05,UTTAR PRADESH,PILIBHIT,6.06,-,40.73,25.26026138,2018,Jul,5
2018/07/05,UTTAR PRADESH,SHAHJAHANPUR,3.23,-,24.49,24.89057804,2018,Jul,5
2018/07/05,UTTAR PRADESH,KANPUR DEHAT,0.15,-,0.98,27.25587889,2018,Jul,5
2018/07/05,UTTAR PRADESH,FIROZABAD,0.27,-,2.41,29.28636993,2018,Jul,5
2018/07/05,UTTAR PRADESH,AYODHYA,0.0,-,0.0,25.66532548,2018,Jul,5
2018/07/05,UTTAR PRADESH,KUSHINAGAR,1.61,-,14.06,31.11929162,2018,Jul,5
2018/07/05,UTTAR PRADESH,JALAUN,0.05,-,0.3,35.92559919,2018,Jul,5
2018/07/05,UTTAR PRADESH,GHAZIABAD,0.31,-,2.05,24.08843848,2018,Jul,5
2018/07/05,UTTAR PRADESH,ETAH,0.01,-,0.05,29.93833768,2018,Jul,5
2018/07/05,UTTAR PRADESH,BALLIA,0.12,-,0.86,29.01272307,2018,Jul,5
2018/07/05,UTTAR PRADESH,UNNAO,0.26,-,2.47,24.64182037,2018,Jul,5
2018/07/05,UTTAR PRADESH,MAU,0.0,-,0.0,26.73813228,2018,Jul,5
2018/07/05,UTTAR PRADESH,SITAPUR,0.97,-,7.26,25.37268401,2018,Jul,5
2018/07/05,UTTAR PRADESH,PRAYAGRAJ,0.27,-,2.51,27.51088508,2018,Jul,5
2018/07/05,UTTAR PRADESH,BAREILLY,1.99,-,13.16,24.86895978,2018,Jul,5
2018/07/05,UTTAR PRADESH,SHRAWASTI,3.79,-,31.45,28.23910648,2018,Jul,5
2018/07/05,UTTAR PRADESH,SULTANPUR,0.0,-,0.0,29.34865426,2018,Jul,5
2018/07/05,UTTAR PRADESH,GONDA,0.95,-,6.28,26.86015833,2018,Jul,5
2018/07/05,UTTAR PRADESH,GAUTAM BUDDHA NAGAR,0.39,-,2.51,26.04797735,2018,Jul,5
2018/07/05,UTTAR PRADESH,KANSIRAM NAGAR,0.52,-,4.74,26.9889055,2018,Jul,5
2018/07/05,UTTAR PRADESH,MAHARAJGANJ,3.32,-,23.66,28.89123527,2018,Jul,5
2018/07/05,UTTAR PRADESH,MAINPURI,0.06,-,0.39,29.57289632,2018,Jul,5
2018/07/05,UTTAR PRADESH,VARANASI,0.05,-,0.47,25.44807637,2018,Jul,5
2018/07/05,UTTAR PRADESH,AURAIYA,0.08,-,0.79,25.9928567,2018,Jul,5
2018/07/04,UTTAR PRADESH,FARRUKHABAD,0.85,-,8.03,25.59474907,2018,Jul,4
2018/07/04,UTTAR PRADESH,LUCKNOW,0.25,-,1.87,27.00733211,2018,Jul,4
2018/07/04,UTTAR PRADESH,KHERI,3.87,-,27.15,27.26177092,2018,Jul,4
2018/07/04,UTTAR PRADESH,CHANDAULI,0.11,-,1.06,29.88669802,2018,Jul,4
2018/07/04,UTTAR PRADESH,AMBEDKAR NAGAR,0.0,-,0.0,29.0909659,2018,Jul,4
2018/07/04,UTTAR PRADESH,BUDAUN,0.66,-,6.35,23.77900096,2018,Jul,4
2018/07/04,UTTAR PRADESH,BALRAMPUR,6.07,-,39.73,28.28797337,2018,Jul,4
2018/07/04,UTTAR PRADESH,BASTI,0.94,-,5.81,27.30722377,2018,Jul,4
2018/07/04,UTTAR PRADESH,RAMPUR,0.14,-,1.1,26.29831599,2018,Jul,4
2018/07/04,UTTAR PRADESH,MIRZAPUR,0.53,-,4.71,30.74523718,2018,Jul,4
2018/07/04,UTTAR PRADESH,JYOTIBA PHULE NAGAR,0.57,-,5.68,23.79162656,2018,Jul,4
2018/07/04,UTTAR PRADESH,LALITPUR,0.31,-,1.94,25.59255454,2018,Jul,4
2018/07/04,UTTAR PRADESH,MAHAMAYA NAGAR,0.0,-,0.02,29.38866533,2018,Jul,4
2018/07/04,UTTAR PRADESH,MATHURA,0.46,-,2.9,26.4128925,2018,Jul,4
2018/07/04,UTTAR PRADESH,MAHOBA,0.07,-,0.47,29.59724036,2018,Jul,4
2018/07/04,UTTAR PRADESH,CHITRAKOOT,0.22,-,1.93,27.70675764,2018,Jul,4
2018/07/04,UTTAR PRADESH,SAHARANPUR,1.61,-,12.36,29.58036503,2018,Jul,4
2018/07/04,UTTAR PRADESH,KANNAUJ,0.05,-,0.39,26.25835611,2018,Jul,4
2018/07/04,UTTAR PRADESH,SANT KABIR NAGAR,2.58,-,18.11,27.50117073,2018,Jul,4
2018/07/04,UTTAR PRADESH,SONBHADRA,0.41,-,3.01,36.45591825,2018,Jul,4
2018/07/04,UTTAR PRADESH,FATEHPUR,0.4,-,3.41,23.08067754,2018,Jul,4
2018/07/04,UTTAR PRADESH,BARA BANKI,0.0,-,0.0,27.27479764,2018,Jul,4
2018/07/04,UTTAR PRADESH,AZAMGARH,0.0,-,0.0,26.84141868,2018,Jul,4
2018/07/04,UTTAR PRADESH,BAGHPAT,0.02,-,0.22,19.64993762,2018,Jul,4
2018/07/04,UTTAR PRADESH,ALIGARH,0.06,-,0.44,26.05482299,2018,Jul,4
2018/07/04,UTTAR PRADESH,HARDOI,0.73,-,5.66,26.48359075,2018,Jul,4
2018/07/04,UTTAR PRADESH,RAE BARELI,0.41,-,3.52,27.4878606,2018,Jul,4
2018/07/04,UTTAR PRADESH,GHAZIPUR,0.38,-,3.28,25.26958399,2018,Jul,4
2018/07/04,UTTAR PRADESH,KAUSHAMBI,0.46,-,3.75,22.30650154,2018,Jul,4
2018/07/04,UTTAR PRADESH,BULANDSHAHR,0.06,-,0.5,25.14681803,2018,Jul,4
2018/07/04,UTTAR PRADESH,DEORIA,0.01,-,0.09,30.42193429,2018,Jul,4
2018/07/04,UTTAR PRADESH,BAHRAICH,3.79,-,31.67,28.04553228,2018,Jul,4
2018/07/04,UTTAR PRADESH,GORAKHPUR,2.43,-,17.11,28.45750013,2018,Jul,4
2018/07/04,UTTAR PRADESH,BIJNOR,1.86,-,13.33,26.31651571,2018,Jul,4
2018/07/04,UTTAR PRADESH,BANDA,0.08,-,0.67,29.87560002,2018,Jul,4
2018/07/04,UTTAR PRADESH,MUZAFFARNAGAR,0.2,-,1.96,24.40021179,2018,Jul,4
2018/07/04,UTTAR PRADESH,SANT RAVI DAS NAGAR(BHADOHI),0.28,-,2.23,28.77454462,2018,Jul,4
2018/07/04,UTTAR PRADESH,HAMIRPUR,0.0,-,0.0,28.94350744,2018,Jul,4
2018/07/04,UTTAR PRADESH,PRATAPGARH,0.05,-,0.38,30.8383108,2018,Jul,4
2018/07/04,UTTAR PRADESH,ETAWAH,0.26,-,2.14,28.30328524,2018,Jul,4
2018/07/04,UTTAR PRADESH,MORADABAD,0.53,-,4.49,24.92645588,2018,Jul,4
2018/07/04,UTTAR PRADESH,AGRA,0.58,-,4.93,27.97573029,2018,Jul,4
2018/07/04,UTTAR PRADESH,JAUNPUR,0.02,-,0.2,28.45857586,2018,Jul,4
2018/07/04,UTTAR PRADESH,KANPUR NAGAR,0.05,-,0.44,24.16679848,2018,Jul,4
2018/07/04,UTTAR PRADESH,JHANSI,0.15,-,0.91,30.92660789,2018,Jul,4
2018/07/04,UTTAR PRADESH,SIDDHARTH NAGAR,4.49,-,28.31,29.0736048,2018,Jul,4
2018/07/04,UTTAR PRADESH,MEERUT,0.17,-,1.35,20.87755022,2018,Jul,4
2018/07/04,UTTAR PRADESH,PILIBHIT,6.94,-,46.42,27.51995472,2018,Jul,4
2018/07/04,UTTAR PRADESH,SHAHJAHANPUR,3.6,-,26.93,26.70218532,2018,Jul,4
2018/07/04,UTTAR PRADESH,KANPUR DEHAT,0.0,-,0.01,25.27503119,2018,Jul,4
2018/07/04,UTTAR PRADESH,FIROZABAD,0.36,-,2.93,29.49994727,2018,Jul,4
2018/07/04,UTTAR PRADESH,AYODHYA,0.0,-,0.0,26.65710253,2018,Jul,4
2018/07/04,UTTAR PRADESH,KUSHINAGAR,1.69,-,14.67,32.70212528,2018,Jul,4
2018/07/04,UTTAR PRADESH,JALAUN,0.03,-,0.21,34.98096583,2018,Jul,4
2018/07/04,UTTAR PRADESH,GHAZIABAD,0.32,-,2.11,24.63816255,2018,Jul,4
2018/07/04,UTTAR PRADESH,ETAH,0.0,-,0.0,28.68263548,2018,Jul,4
2018/07/04,UTTAR PRADESH,BALLIA,0.01,-,0.06,25.49386967,2018,Jul,4
2018/07/04,UTTAR PRADESH,UNNAO,0.39,-,3.39,26.56050336,2018,Jul,4
2018/07/04,UTTAR PRADESH,MAU,0.0,-,0.0,25.58278483,2018,Jul,4
2018/07/04,UTTAR PRADESH,SITAPUR,1.04,-,7.74,27.47211784,2018,Jul,4
2018/07/04,UTTAR PRADESH,PRAYAGRAJ,0.4,-,3.67,29.74894714,2018,Jul,4
2018/07/04,UTTAR PRADESH,BAREILLY,2.21,-,14.51,26.99176305,2018,Jul,4
2018/07/04,UTTAR PRADESH,SHRAWASTI,4.16,-,34.26,30.05142759,2018,Jul,4
2018/07/04,UTTAR PRADESH,SULTANPUR,0.0,-,0.0,31.28477016,2018,Jul,4
2018/07/04,UTTAR PRADESH,GONDA,1.06,-,7.0,28.30302287,2018,Jul,4
2018/07/04,UTTAR PRADESH,GAUTAM BUDDHA NAGAR,0.4,-,2.54,26.31662797,2018,Jul,4
2018/07/04,UTTAR PRADESH,KANSIRAM NAGAR,0.5,-,4.49,26.66606922,2018,Jul,4
2018/07/04,UTTAR PRADESH,MAHARAJGANJ,3.75,-,26.51,30.25055481,2018,Jul,4
2018/07/04,UTTAR PRADESH,MAINPURI,0.0,-,0.01,27.01662743,2018,Jul,4
2018/07/04,UTTAR PRADESH,VARANASI,0.11,-,0.97,27.62247181,2018,Jul,4
2018/07/04,UTTAR PRADESH,AURAIYA,0.07,-,0.67,26.46415651,2018,Jul,4
2018/07/03,UTTAR PRADESH,FARRUKHABAD,0.96,-,8.88,27.84586009,2018,Jul,3
2018/07/03,UTTAR PRADESH,LUCKNOW,0.08,-,0.64,25.90197538,2018,Jul,3
2018/07/03,UTTAR PRADESH,KHERI,4.39,-,30.6,29.74565908,2018,Jul,3
2018/07/03,UTTAR PRADESH,CHANDAULI,0.27,-,2.14,31.00442021,2018,Jul,3
2018/07/03,UTTAR PRADESH,AMBEDKAR NAGAR,0.41,-,2.68,32.57138648,2018,Jul,3
2018/07/03,UTTAR PRADESH,BUDAUN,0.81,-,7.52,26.28943773,2018,Jul,3
2018/07/03,UTTAR PRADESH,BALRAMPUR,7.66,-,50.12,32.16833782,2018,Jul,3
2018/07/03,UTTAR PRADESH,BASTI,1.1,-,6.9,30.13152782,2018,Jul,3
2018/07/03,UTTAR PRADESH,RAMPUR,0.23,-,1.77,29.03040587,2018,Jul,3
2018/07/03,UTTAR PRADESH,MIRZAPUR,0.56,-,4.95,30.88560284,2018,Jul,3
2018/07/03,UTTAR PRADESH,JYOTIBA PHULE NAGAR,0.71,-,6.78,26.34153409,2018,Jul,3
2018/07/03,UTTAR PRADESH,LALITPUR,0.43,-,2.66,26.71755017,2018,Jul,3
2018/07/03,UTTAR PRADESH,MAHAMAYA NAGAR,0.02,-,0.12,30.76763451,2018,Jul,3
2018/07/03,UTTAR PRADESH,MATHURA,0.5,-,3.14,27.47726633,2018,Jul,3
2018/07/03,UTTAR PRADESH,MAHOBA,0.14,-,0.85,29.6637769,2018,Jul,3
2018/07/03,UTTAR PRADESH,CHITRAKOOT,0.34,-,3.03,29.05920038,2018,Jul,3
2018/07/03,UTTAR PRADESH,SAHARANPUR,3.0,-,21.57,34.04069045,2018,Jul,3
2018/07/03,UTTAR PRADESH,KANNAUJ,0.12,-,0.87,27.2494316,2018,Jul,3
2018/07/03,UTTAR PRADESH,SANT KABIR NAGAR,2.95,-,20.77,30.58482653,2018,Jul,3
2018/07/03,UTTAR PRADESH,SONBHADRA,0.61,-,4.28,38.32304099,2018,Jul,3
2018/07/03,UTTAR PRADESH,FATEHPUR,0.5,-,4.27,23.96441362,2018,Jul,3
2018/07/03,UTTAR PRADESH,BARA BANKI,0.0,-,0.03,28.79770105,2018,Jul,3
2018/07/03,UTTAR PRADESH,AZAMGARH,0.1,-,0.65,29.5558571,2018,Jul,3
2018/07/03,UTTAR PRADESH,BAGHPAT,0.0,-,0.02,19.99337359,2018,Jul,3
2018/07/03,UTTAR PRADESH,ALIGARH,0.06,-,0.51,27.72664347,2018,Jul,3
2018/07/03,UTTAR PRADESH,HARDOI,0.8,-,6.14,28.95998925,2018,Jul,3
2018/07/03,UTTAR PRADESH,RAE BARELI,0.36,-,3.28,26.10515234,2018,Jul,3
2018/07/03,UTTAR PRADESH,GHAZIPUR,0.66,-,5.12,26.5413425,2018,Jul,3
2018/07/03,UTTAR PRADESH,KAUSHAMBI,0.5,-,4.08,22.2473537,2018,Jul,3
2018/07/03,UTTAR PRADESH,BULANDSHAHR,0.06,-,0.54,27.66686377,2018,Jul,3
2018/07/03,UTTAR PRADESH,DEORIA,0.23,-,1.44,33.51310297,2018,Jul,3
2018/07/03,UTTAR PRADESH,BAHRAICH,4.68,-,38.15,31.51854266,2018,Jul,3
2018/07/03,UTTAR PRADESH,GORAKHPUR,2.95,-,20.83,31.89665809,2018,Jul,3
2018/07/03,UTTAR PRADESH,BIJNOR,2.14,-,15.36,28.36431636,2018,Jul,3
2018/07/03,UTTAR PRADESH,BANDA,0.37,-,3.68,32.08426797,2018,Jul,3
2018/07/03,UTTAR PRADESH,MUZAFFARNAGAR,0.24,-,2.14,24.77148544,2018,Jul,3
2018/07/03,UTTAR PRADESH,SANT RAVI DAS NAGAR(BHADOHI),0.33,-,2.56,29.53902254,2018,Jul,3
2018/07/03,UTTAR PRADESH,HAMIRPUR,0.0,-,0.0,28.24750451,2018,Jul,3
2018/07/03,UTTAR PRADESH,PRATAPGARH,0.18,-,1.29,33.04221607,2018,Jul,3
2018/07/03,UTTAR PRADESH,ETAWAH,0.24,-,2.01,27.44067282,2018,Jul,3
2018/07/03,UTTAR PRADESH,MORADABAD,0.72,-,5.97,27.54305045,2018,Jul,3
2018/07/03,UTTAR PRADESH,AGRA,0.56,-,4.79,28.35719769,2018,Jul,3
2018/07/03,UTTAR PRADESH,JAUNPUR,0.25,-,1.75,30.87193512,2018,Jul,3
2018/07/03,UTTAR PRADESH,KANPUR NAGAR,0.06,-,0.55,24.86308655,2018,Jul,3
2018/07/03,UTTAR PRADESH,JHANSI,0.2,-,1.22,31.54359796,2018,Jul,3
2018/07/03,UTTAR PRADESH,SIDDHARTH NAGAR,6.21,-,39.67,32.864012,2018,Jul,3
2018/07/03,UTTAR PRADESH,MEERUT,0.22,-,1.7,22.89430994,2018,Jul,3
2018/07/03,UTTAR PRADESH,PILIBHIT,8.22,-,54.64,30.10158112,2018,Jul,3
2018/07/03,UTTAR PRADESH,SHAHJAHANPUR,4.09,-,30.16,29.4813373,2018,Jul,3
2018/07/03,UTTAR PRADESH,KANPUR DEHAT,0.0,-,0.01,24.84452079,2018,Jul,3
2018/07/03,UTTAR PRADESH,FIROZABAD,0.17,-,1.53,27.97589902,2018,Jul,3
2018/07/03,UTTAR PRADESH,AYODHYA,0.0,-,0.0,29.00871882,2018,Jul,3
2018/07/03,UTTAR PRADESH,KUSHINAGAR,2.09,-,17.83,36.01963285,2018,Jul,3
2018/07/03,UTTAR PRADESH,JALAUN,0.03,-,0.17,34.8925943,2018,Jul,3
2018/07/03,UTTAR PRADESH,GHAZIABAD,0.33,-,2.22,27.12005355,2018,Jul,3
2018/07/03,UTTAR PRADESH,ETAH,0.0,-,0.01,30.70322553,2018,Jul,3
2018/07/03,UTTAR PRADESH,BALLIA,0.55,-,4.13,27.80371052,2018,Jul,3
2018/07/03,UTTAR PRADESH,UNNAO,0.29,-,2.76,25.86465038,2018,Jul,3
2018/07/03,UTTAR PRADESH,MAU,0.01,-,0.05,27.56743418,2018,Jul,3
2018/07/03,UTTAR PRADESH,SITAPUR,1.4,-,10.28,30.63978694,2018,Jul,3
2018/07/03,UTTAR PRADESH,PRAYAGRAJ,0.48,-,4.38,30.64282624,2018,Jul,3
2018/07/03,UTTAR PRADESH,BAREILLY,2.46,-,16.05,29.94128973,2018,Jul,3
2018/07/03,UTTAR PRADESH,SHRAWASTI,4.67,-,38.35,32.76880599,2018,Jul,3
2018/07/03,UTTAR PRADESH,SULTANPUR,0.01,-,0.09,33.56935848,2018,Jul,3
2018/07/03,UTTAR PRADESH,GONDA,1.16,-,7.62,31.1590658,2018,Jul,3
2018/07/03,UTTAR PRADESH,GAUTAM BUDDHA NAGAR,0.39,-,2.53,29.11018937,2018,Jul,3
2018/07/03,UTTAR PRADESH,KANSIRAM NAGAR,0.7,-,6.22,28.89101738,2018,Jul,3
2018/07/03,UTTAR PRADESH,MAHARAJGANJ,4.35,-,30.63,32.88200132,2018,Jul,3
2018/07/03,UTTAR PRADESH,MAINPURI,0.0,-,0.0,27.96796576,2018,Jul,3
2018/07/03,UTTAR PRADESH,VARANASI,0.12,-,1.05,28.17047447,2018,Jul,3
2018/07/03,UTTAR PRADESH,AURAIYA,0.06,-,0.6,24.95752692,2018,Jul,3
2018/07/02,UTTAR PRADESH,FARRUKHABAD,3.14,-,22.73,34.81795871,2018,Jul,2
2018/07/02,UTTAR PRADESH,LUCKNOW,0.28,-,2.01,27.98031424,2018,Jul,2
2018/07/02,UTTAR PRADESH,KHERI,6.74,-,46.14,36.47322686,2018,Jul,2
2018/07/02,UTTAR PRADESH,CHANDAULI,0.03,-,0.23,25.17330434,2018,Jul,2
2018/07/02,UTTAR PRADESH,AMBEDKAR NAGAR,0.23,-,1.62,30.66542919,2018,Jul,2
2018/07/02,UTTAR PRADESH,BUDAUN,1.7,-,13.46,30.69184284,2018,Jul,2
2018/07/02,UTTAR PRADESH,BALRAMPUR,7.7,-,50.55,35.34203512,2018,Jul,2
2018/07/02,UTTAR PRADESH,BASTI,2.18,-,13.7,34.1616547,2018,Jul,2
2018/07/02,UTTAR PRADESH,RAMPUR,2.18,-,14.26,34.09986298,2018,Jul,2
2018/07/02,UTTAR PRADESH,MIRZAPUR,0.42,-,3.72,28.60472873,2018,Jul,2
2018/07/02,UTTAR PRADESH,JYOTIBA PHULE NAGAR,1.77,-,13.79,31.22425801,2018,Jul,2
2018/07/02,UTTAR PRADESH,LALITPUR,0.51,-,3.18,27.17842904,2018,Jul,2
2018/07/02,UTTAR PRADESH,MAHAMAYA NAGAR,0.97,-,6.07,34.72565969,2018,Jul,2
2018/07/02,UTTAR PRADESH,MATHURA,0.93,-,6.1,31.26675751,2018,Jul,2
2018/07/02,UTTAR PRADESH,MAHOBA,0.05,-,0.32,28.27532524,2018,Jul,2
2018/07/02,UTTAR PRADESH,CHITRAKOOT,0.12,-,1.09,24.83830877,2018,Jul,2
2018/07/02,UTTAR PRADESH,SAHARANPUR,0.81,-,5.87,24.90027109,2018,Jul,2
2018/07/02,UTTAR PRADESH,KANNAUJ,1.13,-,7.75,31.77985644,2018,Jul,2
2018/07/02,UTTAR PRADESH,SANT KABIR NAGAR,4.1,-,29.57,34.99677796,2018,Jul,2
2018/07/02,UTTAR PRADESH,SONBHADRA,0.44,-,3.2,38.2718565,2018,Jul,2
2018/07/02,UTTAR PRADESH,FATEHPUR,0.29,-,2.49,21.07233666,2018,Jul,2
2018/07/02,UTTAR PRADESH,BARA BANKI,0.67,-,4.23,32.44851707,2018,Jul,2
2018/07/02,UTTAR PRADESH,AZAMGARH,0.06,-,0.39,26.76416003,2018,Jul,2
2018/07/02,UTTAR PRADESH,BAGHPAT,0.03,-,0.21,21.40076944,2018,Jul,2
2018/07/02,UTTAR PRADESH,ALIGARH,0.26,-,1.74,29.68490479,2018,Jul,2
2018/07/02,UTTAR PRADESH,HARDOI,2.67,-,18.52,34.59804607,2018,Jul,2
2018/07/02,UTTAR PRADESH,RAE BARELI,0.28,-,2.63,24.84915388,2018,Jul,2
2018/07/02,UTTAR PRADESH,GHAZIPUR,0.05,-,0.49,19.81577935,2018,Jul,2
2018/07/02,UTTAR PRADESH,KAUSHAMBI,0.32,-,2.62,20.60832829,2018,Jul,2
2018/07/02,UTTAR PRADESH,BULANDSHAHR,1.43,-,9.16,32.78351304,2018,Jul,2
2018/07/02,UTTAR PRADESH,DEORIA,0.38,-,2.36,34.37473822,2018,Jul,2
2018/07/02,UTTAR PRADESH,BAHRAICH,5.26,-,41.93,35.07950734,2018,Jul,2
2018/07/02,UTTAR PRADESH,GORAKHPUR,3.68,-,26.1,35.22139093,2018,Jul,2
2018/07/02,UTTAR PRADESH,BIJNOR,3.89,-,26.82,33.50911126,2018,Jul,2
2018/07/02,UTTAR PRADESH,BANDA,0.04,-,0.37,28.40687313,2018,Jul,2
2018/07/02,UTTAR PRADESH,MUZAFFARNAGAR,0.14,-,1.23,23.26296159,2018,Jul,2
2018/07/02,UTTAR PRADESH,SANT RAVI DAS NAGAR(BHADOHI),0.21,-,1.68,27.53146341,2018,Jul,2
2018/07/02,UTTAR PRADESH,HAMIRPUR,0.0,-,0.0,27.9128596,2018,Jul,2
2018/07/02,UTTAR PRADESH,PRATAPGARH,0.29,-,1.98,33.03348776,2018,Jul,2
2018/07/02,UTTAR PRADESH,ETAWAH,0.49,-,3.75,30.53359772,2018,Jul,2
2018/07/02,UTTAR PRADESH,MORADABAD,1.73,-,12.38,32.36740435,2018,Jul,2
2018/07/02,UTTAR PRADESH,AGRA,1.47,-,11.32,33.13173473,2018,Jul,2
2018/07/02,UTTAR PRADESH,JAUNPUR,0.13,-,0.89,29.53096073,2018,Jul,2
2018/07/02,UTTAR PRADESH,KANPUR NAGAR,0.18,-,1.28,24.37130869,2018,Jul,2
2018/07/02,UTTAR PRADESH,JHANSI,0.27,-,1.68,32.67779023,2018,Jul,2
2018/07/02,UTTAR PRADESH,SIDDHARTH NAGAR,7.67,-,50.04,36.46995949,2018,Jul,2
2018/07/02,UTTAR PRADESH,MEERUT,0.36,-,2.67,24.22825707,2018,Jul,2
2018/07/02,UTTAR PRADESH,PILIBHIT,10.65,-,70.04,36.09232478,2018,Jul,2
2018/07/02,UTTAR PRADESH,SHAHJAHANPUR,6.52,-,46.42,37.1183294,2018,Jul,2
2018/07/02,UTTAR PRADESH,KANPUR DEHAT,0.01,-,0.03,25.02179399,2018,Jul,2
2018/07/02,UTTAR PRADESH,FIROZABAD,1.46,-,10.4,33.26465505,2018,Jul,2
2018/07/02,UTTAR PRADESH,AYODHYA,0.2,-,1.42,31.60988304,2018,Jul,2
2018/07/02,UTTAR PRADESH,KUSHINAGAR,2.78,-,23.29,39.96342379,2018,Jul,2
2018/07/02,UTTAR PRADESH,JALAUN,0.04,-,0.22,35.76790347,2018,Jul,2
2018/07/02,UTTAR PRADESH,GHAZIABAD,1.81,-,11.57,32.29469301,2018,Jul,2
2018/07/02,UTTAR PRADESH,ETAH,1.77,-,10.98,36.47400799,2018,Jul,2
2018/07/02,UTTAR PRADESH,BALLIA,0.0,-,0.0,23.56121677,2018,Jul,2
2018/07/02,UTTAR PRADESH,UNNAO,0.58,-,4.62,27.13293061,2018,Jul,2
2018/07/02,UTTAR PRADESH,MAU,0.0,-,0.0,25.23557179,2018,Jul,2
2018/07/02,UTTAR PRADESH,SITAPUR,2.78,-,19.19,34.86269995,2018,Jul,2
2018/07/02,UTTAR PRADESH,PRAYAGRAJ,0.29,-,2.62,27.85440492,2018,Jul,2
2018/07/02,UTTAR PRADESH,BAREILLY,4.36,-,28.85,35.58596818,2018,Jul,2
2018/07/02,UTTAR PRADESH,SHRAWASTI,5.35,-,43.97,37.32980092,2018,Jul,2
2018/07/02,UTTAR PRADESH,SULTANPUR,0.18,-,1.18,34.44144074,2018,Jul,2
2018/07/02,UTTAR PRADESH,GONDA,2.17,-,14.74,35.92471268,2018,Jul,2
2018/07/02,UTTAR PRADESH,GAUTAM BUDDHA NAGAR,1.98,-,12.52,35.35071575,2018,Jul,2
2018/07/02,UTTAR PRADESH,KANSIRAM NAGAR,1.88,-,14.23,33.24187351,2018,Jul,2
2018/07/02,UTTAR PRADESH,MAHARAJGANJ,5.81,-,41.32,38.71973804,2018,Jul,2
2018/07/02,UTTAR PRADESH,MAINPURI,1.25,-,8.03,33.05162805,2018,Jul,2
2018/07/02,UTTAR PRADESH,VARANASI,0.01,-,0.1,24.20116554,2018,Jul,2
2018/07/02,UTTAR PRADESH,AURAIYA,0.05,-,0.53,26.68073991,2018,Jul,2
2018/07/01,UTTAR PRADESH,FARRUKHABAD,0.46,-,3.8,27.10041454,2018,Jul,1
2018/07/01,UTTAR PRADESH,LUCKNOW,0.07,-,0.47,24.61454724,2018,Jul,1
2018/07/01,UTTAR PRADESH,KHERI,2.06,-,14.39,33.0501,2018,Jul,1
2018/07/01,UTTAR PRADESH,CHANDAULI,0.01,-,0.07,24.16964924,2018,Jul,1
2018/07/01,UTTAR PRADESH,AMBEDKAR NAGAR,0.0,-,0.01,24.95996097,2018,Jul,1
2018/07/01,UTTAR PRADESH,BUDAUN,0.47,-,4.54,22.37613126,2018,Jul,1
2018/07/01,UTTAR PRADESH,BALRAMPUR,3.08,-,20.73,35.01861617,2018,Jul,1
2018/07/01,UTTAR PRADESH,BASTI,1.35,-,8.39,33.42223976,2018,Jul,1
2018/07/01,UTTAR PRADESH,RAMPUR,0.55,-,3.8,28.1932477,2018,Jul,1
2018/07/01,UTTAR PRADESH,MIRZAPUR,0.25,-,2.24,24.82091341,2018,Jul,1
2018/07/01,UTTAR PRADESH,JYOTIBA PHULE NAGAR,0.5,-,4.94,20.93413454,2018,Jul,1
2018/07/01,UTTAR PRADESH,LALITPUR,0.66,-,4.12,28.31203927,2018,Jul,1
2018/07/01,UTTAR PRADESH,MAHAMAYA NAGAR,0.0,-,0.0,27.37914842,2018,Jul,1
2018/07/01,UTTAR PRADESH,MATHURA,0.33,-,2.02,28.04092309,2018,Jul,1
2018/07/01,UTTAR PRADESH,MAHOBA,0.01,-,0.09,26.15758078,2018,Jul,1
2018/07/01,UTTAR PRADESH,CHITRAKOOT,0.05,-,0.41,23.60849054,2018,Jul,1
2018/07/01,UTTAR PRADESH,SAHARANPUR,0.45,-,3.38,24.08459203,2018,Jul,1
2018/07/01,UTTAR PRADESH,KANNAUJ,0.07,-,0.53,24.62804113,2018,Jul,1
2018/07/01,UTTAR PRADESH,SANT KABIR NAGAR,1.9,-,13.43,34.25193726,2018,Jul,1
2018/07/01,UTTAR PRADESH,SONBHADRA,0.11,-,0.83,33.96535535,2018,Jul,1
2018/07/01,UTTAR PRADESH,FATEHPUR,0.08,-,0.74,16.98100476,2018,Jul,1
2018/07/01,UTTAR PRADESH,BARA BANKI,0.07,-,0.41,27.38509517,2018,Jul,1
2018/07/01,UTTAR PRADESH,AZAMGARH,0.0,-,0.0,22.79670837,2018,Jul,1
2018/07/01,UTTAR PRADESH,BAGHPAT,0.0,-,0.02,17.40996416,2018,Jul,1
2018/07/01,UTTAR PRADESH,ALIGARH,0.03,-,0.31,26.98715594,2018,Jul,1
2018/07/01,UTTAR PRADESH,HARDOI,0.68,-,4.94,30.9357311,2018,Jul,1
2018/07/01,UTTAR PRADESH,RAE BARELI,0.12,-,1.22,20.24014074,2018,Jul,1
2018/07/01,UTTAR PRADESH,GHAZIPUR,0.05,-,0.44,19.50370427,2018,Jul,1
2018/07/01,UTTAR PRADESH,KAUSHAMBI,0.08,-,0.71,17.25191932,2018,Jul,1
2018/07/01,UTTAR PRADESH,BULANDSHAHR,0.03,-,0.33,26.47035285,2018,Jul,1
2018/07/01,UTTAR PRADESH,DEORIA,0.13,-,0.8,28.16106245,2018,Jul,1
2018/07/01,UTTAR PRADESH,BAHRAICH,2.67,-,21.03,34.60138952,2018,Jul,1
2018/07/01,UTTAR PRADESH,GORAKHPUR,1.68,-,12.04,33.46898698,2018,Jul,1
2018/07/01,UTTAR PRADESH,BIJNOR,1.07,-,8.4,29.28147604,2018,Jul,1
2018/07/01,UTTAR PRADESH,BANDA,0.0,-,0.02,26.00375317,2018,Jul,1
2018/07/01,UTTAR PRADESH,MUZAFFARNAGAR,0.1,-,0.87,22.2408047,2018,Jul,1
2018/07/01,UTTAR PRADESH,SANT RAVI DAS NAGAR(BHADOHI),0.17,-,1.41,25.62446096,2018,Jul,1
2018/07/01,UTTAR PRADESH,HAMIRPUR,0.0,-,0.0,26.22750855,2018,Jul,1
2018/07/01,UTTAR PRADESH,PRATAPGARH,0.01,-,0.05,28.68376743,2018,Jul,1
2018/07/01,UTTAR PRADESH,ETAWAH,0.16,-,1.27,26.75670812,2018,Jul,1
2018/07/01,UTTAR PRADESH,MORADABAD,0.8,-,6.2,23.38974909,2018,Jul,1
2018/07/01,UTTAR PRADESH,AGRA,0.38,-,3.52,27.57008346,2018,Jul,1
2018/07/01,UTTAR PRADESH,JAUNPUR,0.0,-,0.0,26.82001395,2018,Jul,1
2018/07/01,UTTAR PRADESH,KANPUR NAGAR,0.04,-,0.33,20.06021442,2018,Jul,1
2018/07/01,UTTAR PRADESH,JHANSI,0.28,-,1.75,32.45218421,2018,Jul,1
2018/07/01,UTTAR PRADESH,SIDDHARTH NAGAR,3.55,-,24.07,37.38776191,2018,Jul,1
2018/07/01,UTTAR PRADESH,MEERUT,0.18,-,1.38,18.59175846,2018,Jul,1
2018/07/01,UTTAR PRADESH,PILIBHIT,3.73,-,25.46,34.39178808,2018,Jul,1
2018/07/01,UTTAR PRADESH,SHAHJAHANPUR,1.77,-,12.77,33.35135127,2018,Jul,1
2018/07/01,UTTAR PRADESH,KANPUR DEHAT,0.0,-,0.0,21.26685766,2018,Jul,1
2018/07/01,UTTAR PRADESH,FIROZABAD,0.05,-,0.47,25.12285497,2018,Jul,1
2018/07/01,UTTAR PRADESH,AYODHYA,0.01,-,0.04,24.63472248,2018,Jul,1
2018/07/01,UTTAR PRADESH,KUSHINAGAR,1.0,-,8.05,38.45149959,2018,Jul,1
2018/07/01,UTTAR PRADESH,JALAUN,0.03,-,0.16,34.89962024,2018,Jul,1
2018/07/01,UTTAR PRADESH,GHAZIABAD,0.12,-,0.88,23.9731853,2018,Jul,1
2018/07/01,UTTAR PRADESH,ETAH,0.01,-,0.03,25.97768707,2018,Jul,1
2018/07/01,UTTAR PRADESH,BALLIA,0.0,-,0.0,21.61369124,2018,Jul,1
2018/07/01,UTTAR PRADESH,UNNAO,0.14,-,1.35,23.28760021,2018,Jul,1
2018/07/01,UTTAR PRADESH,MAU,0.0,-,0.0,21.15582409,2018,Jul,1
2018/07/01,UTTAR PRADESH,SITAPUR,0.81,-,5.86,30.8384402,2018,Jul,1
2018/07/01,UTTAR PRADESH,PRAYAGRAJ,0.22,-,1.99,26.45402932,2018,Jul,1
2018/07/01,UTTAR PRADESH,BAREILLY,1.16,-,7.54,32.35205238,2018,Jul,1
2018/07/01,UTTAR PRADESH,SHRAWASTI,3.2,-,27.63,38.32591706,2018,Jul,1
2018/07/01,UTTAR PRADESH,SULTANPUR,0.0,-,0.0,27.50884832,2018,Jul,1
2018/07/01,UTTAR PRADESH,GONDA,0.93,-,6.32,33.41927201,2018,Jul,1
2018/07/01,UTTAR PRADESH,GAUTAM BUDDHA NAGAR,0.06,-,0.37,28.40153979,2018,Jul,1
2018/07/01,UTTAR PRADESH,KANSIRAM NAGAR,0.32,-,2.94,23.15386698,2018,Jul,1
2018/07/01,UTTAR PRADESH,MAHARAJGANJ,1.77,-,13.19,38.02832937,2018,Jul,1
2018/07/01,UTTAR PRADESH,MAINPURI,0.0,-,0.0,23.56308507,2018,Jul,1
2018/07/01,UTTAR PRADESH,VARANASI,0.01,-,0.07,23.86373301,2018,Jul,1
2018/07/01,UTTAR PRADESH,AURAIYA,0.04,-,0.43,22.2575822,2018,Jul,1
2018/08/31,UTTAR PRADESH,FARRUKHABAD,14.42,-,94.89,42.344983,2018,Aug,31
2018/08/31,UTTAR PRADESH,LUCKNOW,13.86,-,93.62,42.58265232,2018,Aug,31
2018/08/31,UTTAR PRADESH,KHERI,13.35,-,88.73,41.34883015,2018,Aug,31
2018/08/31,UTTAR PRADESH,CHANDAULI,8.81,-,70.55,42.78669689,2018,Aug,31
2018/08/31,UTTAR PRADESH,AMBEDKAR NAGAR,12.28,-,84.38,43.30196749,2018,Aug,31
2018/08/31,UTTAR PRADESH,BUDAUN,13.27,-,94.63,42.39361511,2018,Aug,31
2018/08/31,UTTAR PRADESH,BALRAMPUR,14.56,-,95.31,41.55485039,2018,Aug,31
2018/08/31,UTTAR PRADESH,BASTI,15.52,-,97.77,42.4828468,2018,Aug,31
2018/08/31,UTTAR PRADESH,RAMPUR,14.99,-,96.06,41.94755706,2018,Aug,31
2018/08/31,UTTAR PRADESH,MIRZAPUR,6.82,-,57.97,42.50330676,2018,Aug,31
2018/08/31,UTTAR PRADESH,JYOTIBA PHULE NAGAR,13.1,-,94.21,42.05317625,2018,Aug,31
2018/08/31,UTTAR PRADESH,LALITPUR,8.71,-,62.69,42.16304449,2018,Aug,31
2018/08/31,UTTAR PRADESH,MAHAMAYA NAGAR,6.33,-,40.39,34.1568355,2018,Aug,31
2018/08/31,UTTAR PRADESH,MATHURA,7.03,-,45.64,33.19949681,2018,Aug,31
2018/08/31,UTTAR PRADESH,MAHOBA,4.3,-,39.08,43.21315912,2018,Aug,31
2018/08/31,UTTAR PRADESH,CHITRAKOOT,7.52,-,67.88,42.70913497,2018,Aug,31
2018/08/31,UTTAR PRADESH,SAHARANPUR,12.98,-,89.65,39.80676139,2018,Aug,31
2018/08/31,UTTAR PRADESH,KANNAUJ,14.1,-,96.13,42.62593334,2018,Aug,31
2018/08/31,UTTAR PRADESH,SANT KABIR NAGAR,14.03,-,97.89,42.44560295,2018,Aug,31
2018/08/31,UTTAR PRADESH,SONBHADRA,7.51,-,51.59,43.45028856,2018,Aug,31
2018/08/31,UTTAR PRADESH,FATEHPUR,13.61,-,93.13,42.22019277,2018,Aug,31
2018/08/31,UTTAR PRADESH,BARA BANKI,13.85,-,89.8,43.0785215,2018,Aug,31
2018/08/31,UTTAR PRADESH,AZAMGARH,13.98,-,92.46,41.72816359,2018,Aug,31
2018/08/31,UTTAR PRADESH,BAGHPAT,8.95,-,60.35,31.49068274,2018,Aug,31
2018/08/31,UTTAR PRADESH,ALIGARH,6.9,-,44.48,33.50527095,2018,Aug,31
2018/08/31,UTTAR PRADESH,HARDOI,13.93,-,93.18,42.60739652,2018,Aug,31
2018/08/31,UTTAR PRADESH,RAE BARELI,12.25,-,88.25,42.90212011,2018,Aug,31
2018/08/31,UTTAR PRADESH,GHAZIPUR,12.17,-,87.44,40.67732079,2018,Aug,31
2018/08/31,UTTAR PRADESH,KAUSHAMBI,13.86,-,94.95,42.11749482,2018,Aug,31
2018/08/31,UTTAR PRADESH,BULANDSHAHR,13.53,-,85.53,39.89644591,2018,Aug,31
2018/08/31,UTTAR PRADESH,DEORIA,13.64,-,90.44,42.45781722,2018,Aug,31
2018/08/31,UTTAR PRADESH,BAHRAICH,11.96,-,89.67,42.45464682,2018,Aug,31
2018/08/31,UTTAR PRADESH,GORAKHPUR,14.16,-,94.6,42.37830034,2018,Aug,31
2018/08/31,UTTAR PRADESH,BIJNOR,13.82,-,94.64,42.07222841,2018,Aug,31
2018/08/31,UTTAR PRADESH,BANDA,4.83,-,45.78,43.54179413,2018,Aug,31
2018/08/31,UTTAR PRADESH,MUZAFFARNAGAR,9.77,-,65.86,34.26066159,2018,Aug,31
2018/08/31,UTTAR PRADESH,SANT RAVI DAS NAGAR(BHADOHI),11.07,-,76.47,42.64665796,2018,Aug,31
2018/08/31,UTTAR PRADESH,HAMIRPUR,2.61,-,25.82,43.71993147,2018,Aug,31
2018/08/31,UTTAR PRADESH,PRATAPGARH,8.91,-,64.99,43.14332748,2018,Aug,31
2018/08/31,UTTAR PRADESH,ETAWAH,13.45,-,91.24,42.19367924,2018,Aug,31
2018/08/31,UTTAR PRADESH,MORADABAD,13.75,-,93.06,42.49895283,2018,Aug,31
2018/08/31,UTTAR PRADESH,AGRA,10.18,-,73.26,40.68421686,2018,Aug,31
2018/08/31,UTTAR PRADESH,JAUNPUR,11.79,-,80.23,41.8392592,2018,Aug,31
2018/08/31,UTTAR PRADESH,KANPUR NAGAR,12.75,-,81.83,42.53633336,2018,Aug,31
2018/08/31,UTTAR PRADESH,JHANSI,7.63,-,61.28,43.91129846,2018,Aug,31
2018/08/31,UTTAR PRADESH,SIDDHARTH NAGAR,13.49,-,91.97,42.92584626,2018,Aug,31
2018/08/31,UTTAR PRADESH,MEERUT,11.29,-,72.46,37.38022998,2018,Aug,31
2018/08/31,UTTAR PRADESH,PILIBHIT,14.98,-,97.18,41.95750444,2018,Aug,31
2018/08/31,UTTAR PRADESH,SHAHJAHANPUR,12.85,-,89.91,42.78039481,2018,Aug,31
2018/08/31,UTTAR PRADESH,KANPUR DEHAT,11.98,-,77.5,42.74733607,2018,Aug,31
2018/08/31,UTTAR PRADESH,FIROZABAD,12.14,-,83.37,41.48509257,2018,Aug,31
2018/08/31,UTTAR PRADESH,AYODHYA,12.09,-,86.33,43.11864033,2018,Aug,31
2018/08/31,UTTAR PRADESH,KUSHINAGAR,11.58,-,89.5,42.63719308,2018,Aug,31
2018/08/31,UTTAR PRADESH,JALAUN,2.54,-,23.49,45.36590325,2018,Aug,31
2018/08/31,UTTAR PRADESH,GHAZIABAD,12.37,-,79.0,39.25292372,2018,Aug,31
2018/08/31,UTTAR PRADESH,ETAH,10.59,-,66.62,41.20301669,2018,Aug,31
2018/08/31,UTTAR PRADESH,BALLIA,11.04,-,76.75,42.10644118,2018,Aug,31
2018/08/31,UTTAR PRADESH,UNNAO,14.34,-,96.8,42.51952671,2018,Aug,31
2018/08/31,UTTAR PRADESH,MAU,12.49,-,81.91,40.01388235,2018,Aug,31
2018/08/31,UTTAR PRADESH,SITAPUR,13.73,-,89.95,42.40071282,2018,Aug,31
2018/08/31,UTTAR PRADESH,PRAYAGRAJ,7.72,-,68.21,43.21641758,2018,Aug,31
2018/08/31,UTTAR PRADESH,BAREILLY,14.41,-,95.09,42.10981019,2018,Aug,31
2018/08/31,UTTAR PRADESH,SHRAWASTI,11.34,-,89.28,43.13006766,2018,Aug,31
2018/08/31,UTTAR PRADESH,SULTANPUR,9.7,-,70.11,44.0519835,2018,Aug,31
2018/08/31,UTTAR PRADESH,GONDA,14.06,-,95.03,42.7733617,2018,Aug,31
2018/08/31,UTTAR PRADESH,GAUTAM BUDDHA NAGAR,8.19,-,52.14,34.1286959,2018,Aug,31
2018/08/31,UTTAR PRADESH,KANSIRAM NAGAR,11.73,-,84.93,42.62855768,2018,Aug,31
2018/08/31,UTTAR PRADESH,MAHARAJGANJ,11.07,-,81.82,43.44524269,2018,Aug,31
2018/08/31,UTTAR PRADESH,MAINPURI,13.48,-,88.44,42.59767661,2018,Aug,31
2018/08/31,UTTAR PRADESH,VARANASI,9.25,-,68.67,42.89206275,2018,Aug,31
2018/08/31,UTTAR PRADESH,AURAIYA,12.31,-,83.72,42.37301254,2018,Aug,31
2018/08/30,UTTAR PRADESH,FARRUKHABAD,14.36,-,94.48,42.14221887,2018,Aug,30
2018/08/30,UTTAR PRADESH,LUCKNOW,13.69,-,92.47,42.15975358,2018,Aug,30
2018/08/30,UTTAR PRADESH,KHERI,13.27,-,88.28,41.08065268,2018,Aug,30
2018/08/30,UTTAR PRADESH,CHANDAULI,8.5,-,68.03,41.91377471,2018,Aug,30
2018/08/30,UTTAR PRADESH,AMBEDKAR NAGAR,12.27,-,84.34,43.28981424,2018,Aug,30
2018/08/30,UTTAR PRADESH,BUDAUN,13.26,-,94.58,42.30258969,2018,Aug,30
2018/08/30,UTTAR PRADESH,BALRAMPUR,14.43,-,94.47,41.28534997,2018,Aug,30
2018/08/30,UTTAR PRADESH,BASTI,15.58,-,98.12,42.62230484,2018,Aug,30
2018/08/30,UTTAR PRADESH,RAMPUR,15.2,-,97.37,42.39598071,2018,Aug,30
2018/08/30,UTTAR PRADESH,MIRZAPUR,6.7,-,56.92,42.00354805,2018,Aug,30
2018/08/30,UTTAR PRADESH,JYOTIBA PHULE NAGAR,13.04,-,93.81,41.8268283,2018,Aug,30
2018/08/30,UTTAR PRADESH,LALITPUR,8.59,-,61.61,41.31734321,2018,Aug,30
2018/08/30,UTTAR PRADESH,MAHAMAYA NAGAR,6.58,-,41.78,34.26293896,2018,Aug,30
2018/08/30,UTTAR PRADESH,MATHURA,7.33,-,47.47,33.15512839,2018,Aug,30
2018/08/30,UTTAR PRADESH,MAHOBA,4.17,-,37.78,42.59579088,2018,Aug,30
2018/08/30,UTTAR PRADESH,CHITRAKOOT,7.35,-,66.27,42.10942902,2018,Aug,30
2018/08/30,UTTAR PRADESH,SAHARANPUR,12.67,-,87.65,39.15573351,2018,Aug,30
2018/08/30,UTTAR PRADESH,KANNAUJ,14.0,-,95.48,42.3665216,2018,Aug,30
2018/08/30,UTTAR PRADESH,SANT KABIR NAGAR,14.13,-,98.74,42.6502348,2018,Aug,30
2018/08/30,UTTAR PRADESH,SONBHADRA,7.04,-,48.61,42.43295619,2018,Aug,30
2018/08/30,UTTAR PRADESH,FATEHPUR,13.26,-,90.87,41.01375639,2018,Aug,30
2018/08/30,UTTAR PRADESH,BARA BANKI,13.8,-,89.44,42.91848224,2018,Aug,30
2018/08/30,UTTAR PRADESH,AZAMGARH,13.39,-,88.42,40.59437113,2018,Aug,30
2018/08/30,UTTAR PRADESH,BAGHPAT,9.57,-,64.23,31.850947,2018,Aug,30
2018/08/30,UTTAR PRADESH,ALIGARH,7.49,-,48.13,34.29662636,2018,Aug,30
2018/08/30,UTTAR PRADESH,HARDOI,13.84,-,92.54,42.37172544,2018,Aug,30
2018/08/30,UTTAR PRADESH,RAE BARELI,12.04,-,86.88,42.10424174,2018,Aug,30
2018/08/30,UTTAR PRADESH,GHAZIPUR,11.58,-,83.34,39.01049375,2018,Aug,30
2018/08/30,UTTAR PRADESH,KAUSHAMBI,13.79,-,94.52,41.79130768,2018,Aug,30
2018/08/30,UTTAR PRADESH,BULANDSHAHR,13.74,-,86.86,40.35019145,2018,Aug,30
2018/08/30,UTTAR PRADESH,DEORIA,13.88,-,91.88,43.31629873,2018,Aug,30
2018/08/30,UTTAR PRADESH,BAHRAICH,11.89,-,89.23,42.15035294,2018,Aug,30
2018/08/30,UTTAR PRADESH,GORAKHPUR,14.26,-,95.37,42.6060236,2018,Aug,30
2018/08/30,UTTAR PRADESH,BIJNOR,13.68,-,93.43,41.56571581,2018,Aug,30
2018/08/30,UTTAR PRADESH,BANDA,4.74,-,44.8,43.0953715,2018,Aug,30
2018/08/30,UTTAR PRADESH,MUZAFFARNAGAR,9.29,-,62.76,32.89941104,2018,Aug,30
2018/08/30,UTTAR PRADESH,SANT RAVI DAS NAGAR(BHADOHI),10.36,-,71.62,40.81146084,2018,Aug,30
2018/08/30,UTTAR PRADESH,HAMIRPUR,2.44,-,24.06,43.00150372,2018,Aug,30
2018/08/30,UTTAR PRADESH,PRATAPGARH,8.69,-,63.38,42.69529788,2018,Aug,30
2018/08/30,UTTAR PRADESH,ETAWAH,13.16,-,89.13,41.5785423,2018,Aug,30
2018/08/30,UTTAR PRADESH,MORADABAD,13.74,-,92.98,42.46622438,2018,Aug,30
2018/08/30,UTTAR PRADESH,AGRA,9.78,-,70.24,39.94737039,2018,Aug,30
2018/08/30,UTTAR PRADESH,JAUNPUR,11.43,-,77.75,41.04352984,2018,Aug,30
2018/08/30,UTTAR PRADESH,KANPUR NAGAR,12.53,-,80.35,42.04498554,2018,Aug,30
2018/08/30,UTTAR PRADESH,JHANSI,7.52,-,60.32,43.14675396,2018,Aug,30
2018/08/30,UTTAR PRADESH,SIDDHARTH NAGAR,13.53,-,92.2,43.00745439,2018,Aug,30
2018/08/30,UTTAR PRADESH,MEERUT,10.88,-,69.87,36.64682543,2018,Aug,30
2018/08/30,UTTAR PRADESH,PILIBHIT,15.06,-,97.67,42.15674798,2018,Aug,30
2018/08/30,UTTAR PRADESH,SHAHJAHANPUR,12.84,-,89.79,42.72177435,2018,Aug,30
2018/08/30,UTTAR PRADESH,KANPUR DEHAT,11.83,-,76.5,42.3881904,2018,Aug,30
2018/08/30,UTTAR PRADESH,FIROZABAD,11.06,-,75.69,39.39781095,2018,Aug,30
2018/08/30,UTTAR PRADESH,AYODHYA,12.02,-,85.89,42.95366691,2018,Aug,30
2018/08/30,UTTAR PRADESH,KUSHINAGAR,11.95,-,92.39,43.94289706,2018,Aug,30
2018/08/30,UTTAR PRADESH,JALAUN,2.39,-,21.89,44.69080346,2018,Aug,30
2018/08/30,UTTAR PRADESH,GHAZIABAD,12.56,-,80.19,39.59951786,2018,Aug,30
2018/08/30,UTTAR PRADESH,ETAH,9.9,-,61.78,40.24779811,2018,Aug,30
2018/08/30,UTTAR PRADESH,BALLIA,10.98,-,76.4,41.99806508,2018,Aug,30
2018/08/30,UTTAR PRADESH,UNNAO,14.25,-,96.18,42.23364325,2018,Aug,30
2018/08/30,UTTAR PRADESH,MAU,12.06,-,78.97,39.17493316,2018,Aug,30
2018/08/30,UTTAR PRADESH,SITAPUR,13.67,-,89.56,42.25251826,2018,Aug,30
2018/08/30,UTTAR PRADESH,PRAYAGRAJ,7.53,-,66.63,42.49643523,2018,Aug,30
2018/08/30,UTTAR PRADESH,BAREILLY,14.57,-,96.11,42.46196579,2018,Aug,30
2018/08/30,UTTAR PRADESH,SHRAWASTI,11.29,-,88.95,43.0467728,2018,Aug,30
2018/08/30,UTTAR PRADESH,SULTANPUR,9.67,-,69.84,43.92175121,2018,Aug,30
2018/08/30,UTTAR PRADESH,GONDA,14.0,-,94.67,42.64777822,2018,Aug,30
2018/08/30,UTTAR PRADESH,GAUTAM BUDDHA NAGAR,9.0,-,57.47,35.60550528,2018,Aug,30
2018/08/30,UTTAR PRADESH,KANSIRAM NAGAR,11.52,-,83.15,42.31568157,2018,Aug,30
2018/08/30,UTTAR PRADESH,MAHARAJGANJ,10.96,-,81.11,43.24275986,2018,Aug,30
2018/08/30,UTTAR PRADESH,MAINPURI,13.39,-,87.79,42.3824974,2018,Aug,30
2018/08/30,UTTAR PRADESH,VARANASI,8.85,-,65.91,41.11582159,2018,Aug,30
2018/08/30,UTTAR PRADESH,AURAIYA,12.15,-,82.54,42.00086075,2018,Aug,30
2018/08/29,UTTAR PRADESH,FARRUKHABAD,14.19,-,93.38,41.73551633,2018,Aug,29
2018/08/29,UTTAR PRADESH,LUCKNOW,13.53,-,91.12,41.80090727,2018,Aug,29
2018/08/29,UTTAR PRADESH,KHERI,12.59,-,83.86,39.34958457,2018,Aug,29
2018/08/29,UTTAR PRADESH,CHANDAULI,7.91,-,63.11,39.90483471,2018,Aug,29
2018/08/29,UTTAR PRADESH,AMBEDKAR NAGAR,12.18,-,83.75,43.05979088,2018,Aug,29
2018/08/29,UTTAR PRADESH,BUDAUN,13.27,-,94.61,42.32706907,2018,Aug,29
2018/08/29,UTTAR PRADESH,BALRAMPUR,14.07,-,92.25,40.56308587,2018,Aug,29
2018/08/29,UTTAR PRADESH,BASTI,15.52,-,97.72,42.48099662,2018,Aug,29
2018/08/29,UTTAR PRADESH,RAMPUR,15.24,-,97.61,42.47495501,2018,Aug,29
2018/08/29,UTTAR PRADESH,MIRZAPUR,6.55,-,55.6,41.05036699,2018,Aug,29
2018/08/29,UTTAR PRADESH,JYOTIBA PHULE NAGAR,13.06,-,93.95,41.92591172,2018,Aug,29
2018/08/29,UTTAR PRADESH,LALITPUR,8.61,-,61.81,41.38732024,2018,Aug,29
2018/08/29,UTTAR PRADESH,MAHAMAYA NAGAR,7.77,-,49.06,37.15920916,2018,Aug,29
2018/08/29,UTTAR PRADESH,MATHURA,9.38,-,60.25,37.23493374,2018,Aug,29
2018/08/29,UTTAR PRADESH,MAHOBA,4.17,-,37.79,42.63163382,2018,Aug,29
2018/08/29,UTTAR PRADESH,CHITRAKOOT,7.29,-,65.81,41.82583126,2018,Aug,29
2018/08/29,UTTAR PRADESH,SAHARANPUR,12.98,-,89.76,39.87820106,2018,Aug,29
2018/08/29,UTTAR PRADESH,KANNAUJ,14.0,-,95.51,42.39184875,2018,Aug,29
2018/08/29,UTTAR PRADESH,SANT KABIR NAGAR,13.93,-,97.08,42.21559426,2018,Aug,29
2018/08/29,UTTAR PRADESH,SONBHADRA,6.77,-,46.84,41.67588249,2018,Aug,29
2018/08/29,UTTAR PRADESH,FATEHPUR,13.08,-,89.67,40.65335168,2018,Aug,29
2018/08/29,UTTAR PRADESH,BARA BANKI,13.73,-,89.0,42.74227328,2018,Aug,29
2018/08/29,UTTAR PRADESH,AZAMGARH,12.03,-,79.35,37.74938045,2018,Aug,29
2018/08/29,UTTAR PRADESH,BAGHPAT,11.79,-,78.07,35.88062517,2018,Aug,29
2018/08/29,UTTAR PRADESH,ALIGARH,8.96,-,57.26,37.22961055,2018,Aug,29
2018/08/29,UTTAR PRADESH,HARDOI,13.48,-,90.09,41.59555114,2018,Aug,29
2018/08/29,UTTAR PRADESH,RAE BARELI,12.08,-,87.16,42.29142505,2018,Aug,29
2018/08/29,UTTAR PRADESH,GHAZIPUR,10.68,-,77.05,35.65842329,2018,Aug,29
2018/08/29,UTTAR PRADESH,KAUSHAMBI,13.23,-,90.9,39.83632273,2018,Aug,29
2018/08/29,UTTAR PRADESH,BULANDSHAHR,14.04,-,88.69,40.84718567,2018,Aug,29
2018/08/29,UTTAR PRADESH,DEORIA,12.56,-,83.24,39.6805313,2018,Aug,29
2018/08/29,UTTAR PRADESH,BAHRAICH,11.27,-,84.64,39.98732356,2018,Aug,29
2018/08/29,UTTAR PRADESH,GORAKHPUR,13.83,-,92.49,41.53979136,2018,Aug,29
2018/08/29,UTTAR PRADESH,BIJNOR,13.7,-,93.68,41.55293348,2018,Aug,29
2018/08/29,UTTAR PRADESH,BANDA,4.72,-,44.7,43.08955578,2018,Aug,29
2018/08/29,UTTAR PRADESH,MUZAFFARNAGAR,10.79,-,72.4,35.74811643,2018,Aug,29
2018/08/29,UTTAR PRADESH,SANT RAVI DAS NAGAR(BHADOHI),9.48,-,65.76,38.27937421,2018,Aug,29
2018/08/29,UTTAR PRADESH,HAMIRPUR,2.33,-,22.99,42.25400644,2018,Aug,29
2018/08/29,UTTAR PRADESH,PRATAPGARH,7.99,-,58.56,40.67984138,2018,Aug,29
2018/08/29,UTTAR PRADESH,ETAWAH,13.11,-,88.71,41.46303708,2018,Aug,29
2018/08/29,UTTAR PRADESH,MORADABAD,13.73,-,92.98,42.4571116,2018,Aug,29
2018/08/29,UTTAR PRADESH,AGRA,9.62,-,69.07,39.88724393,2018,Aug,29
2018/08/29,UTTAR PRADESH,JAUNPUR,10.51,-,71.53,39.04562005,2018,Aug,29
2018/08/29,UTTAR PRADESH,KANPUR NAGAR,12.42,-,79.63,41.59870307,2018,Aug,29
2018/08/29,UTTAR PRADESH,JHANSI,7.43,-,59.39,41.98303956,2018,Aug,29
2018/08/29,UTTAR PRADESH,SIDDHARTH NAGAR,13.52,-,92.14,42.97426839,2018,Aug,29
2018/08/29,UTTAR PRADESH,MEERUT,11.66,-,74.77,38.09003893,2018,Aug,29
2018/08/29,UTTAR PRADESH,PILIBHIT,14.88,-,96.55,41.77409271,2018,Aug,29
2018/08/29,UTTAR PRADESH,SHAHJAHANPUR,12.8,-,89.55,42.61929366,2018,Aug,29
2018/08/29,UTTAR PRADESH,KANPUR DEHAT,11.81,-,76.39,42.3535686,2018,Aug,29
2018/08/29,UTTAR PRADESH,FIROZABAD,10.8,-,73.94,39.05217923,2018,Aug,29
2018/08/29,UTTAR PRADESH,AYODHYA,12.02,-,85.88,42.94621698,2018,Aug,29
2018/08/29,UTTAR PRADESH,KUSHINAGAR,11.84,-,91.61,43.6470237,2018,Aug,29
2018/08/29,UTTAR PRADESH,JALAUN,2.13,-,19.19,43.09448967,2018,Aug,29
2018/08/29,UTTAR PRADESH,GHAZIABAD,13.07,-,83.46,40.47604508,2018,Aug,29
2018/08/29,UTTAR PRADESH,ETAH,9.62,-,59.79,40.75166561,2018,Aug,29
2018/08/29,UTTAR PRADESH,BALLIA,9.33,-,64.42,38.6223506,2018,Aug,29
2018/08/29,UTTAR PRADESH,UNNAO,14.11,-,95.22,41.9211226,2018,Aug,29
2018/08/29,UTTAR PRADESH,MAU,10.45,-,68.32,35.15877635,2018,Aug,29
2018/08/29,UTTAR PRADESH,SITAPUR,12.69,-,83.14,40.14916317,2018,Aug,29
2018/08/29,UTTAR PRADESH,PRAYAGRAJ,7.21,-,64.02,40.87779929,2018,Aug,29
2018/08/29,UTTAR PRADESH,BAREILLY,14.58,-,96.13,42.46999236,2018,Aug,29
2018/08/29,UTTAR PRADESH,SHRAWASTI,10.66,-,84.74,40.99026683,2018,Aug,29
2018/08/29,UTTAR PRADESH,SULTANPUR,9.6,-,69.33,43.48515828,2018,Aug,29
2018/08/29,UTTAR PRADESH,GONDA,13.93,-,94.14,42.48113161,2018,Aug,29
2018/08/29,UTTAR PRADESH,GAUTAM BUDDHA NAGAR,10.36,-,66.36,37.55042202,2018,Aug,29
2018/08/29,UTTAR PRADESH,KANSIRAM NAGAR,11.3,-,81.31,42.3800672,2018,Aug,29
2018/08/29,UTTAR PRADESH,MAHARAJGANJ,10.71,-,79.35,42.78888503,2018,Aug,29
2018/08/29,UTTAR PRADESH,MAINPURI,13.27,-,86.99,42.14199759,2018,Aug,29
2018/08/29,UTTAR PRADESH,VARANASI,8.4,-,62.85,39.51716782,2018,Aug,29
2018/08/29,UTTAR PRADESH,AURAIYA,12.18,-,82.75,42.05849201,2018,Aug,29
2018/08/28,UTTAR PRADESH,FARRUKHABAD,13.76,-,90.8,40.87227756,2018,Aug,28
2018/08/28,UTTAR PRADESH,LUCKNOW,12.39,-,83.48,39.07113156,2018,Aug,28
2018/08/28,UTTAR PRADESH,KHERI,12.81,-,85.3,39.98920899,2018,Aug,28
2018/08/28,UTTAR PRADESH,CHANDAULI,8.29,-,66.3,41.20474631,2018,Aug,28
2018/08/28,UTTAR PRADESH,AMBEDKAR NAGAR,11.86,-,81.62,42.35697464,2018,Aug,28
2018/08/28,UTTAR PRADESH,BUDAUN,13.26,-,94.55,42.27850075,2018,Aug,28
2018/08/28,UTTAR PRADESH,BALRAMPUR,13.42,-,88.11,39.14435008,2018,Aug,28
2018/08/28,UTTAR PRADESH,BASTI,15.11,-,95.06,41.60371259,2018,Aug,28
2018/08/28,UTTAR PRADESH,RAMPUR,15.22,-,97.48,42.40009544,2018,Aug,28
2018/08/28,UTTAR PRADESH,MIRZAPUR,6.64,-,56.34,41.49728778,2018,Aug,28
2018/08/28,UTTAR PRADESH,JYOTIBA PHULE NAGAR,12.93,-,93.14,41.66204293,2018,Aug,28
2018/08/28,UTTAR PRADESH,LALITPUR,8.55,-,61.18,40.47958483,2018,Aug,28
2018/08/28,UTTAR PRADESH,MAHAMAYA NAGAR,5.25,-,33.0,33.95282627,2018,Aug,28
2018/08/28,UTTAR PRADESH,MATHURA,4.95,-,31.87,32.36985416,2018,Aug,28
2018/08/28,UTTAR PRADESH,MAHOBA,4.16,-,37.68,42.49302415,2018,Aug,28
2018/08/28,UTTAR PRADESH,CHITRAKOOT,7.28,-,65.85,41.89223677,2018,Aug,28
2018/08/28,UTTAR PRADESH,SAHARANPUR,12.67,-,87.72,39.15702215,2018,Aug,28
2018/08/28,UTTAR PRADESH,KANNAUJ,12.97,-,88.36,39.51117296,2018,Aug,28
2018/08/28,UTTAR PRADESH,SANT KABIR NAGAR,13.65,-,95.17,41.60541543,2018,Aug,28
2018/08/28,UTTAR PRADESH,SONBHADRA,7.12,-,49.07,42.92095743,2018,Aug,28
2018/08/28,UTTAR PRADESH,FATEHPUR,13.27,-,90.92,41.21819681,2018,Aug,28
2018/08/28,UTTAR PRADESH,BARA BANKI,12.86,-,83.51,40.67884964,2018,Aug,28
2018/08/28,UTTAR PRADESH,AZAMGARH,11.76,-,77.52,37.21476582,2018,Aug,28
2018/08/28,UTTAR PRADESH,BAGHPAT,12.18,-,80.59,36.623332,2018,Aug,28
2018/08/28,UTTAR PRADESH,ALIGARH,6.2,-,39.87,34.0653713,2018,Aug,28
2018/08/28,UTTAR PRADESH,HARDOI,12.62,-,84.19,39.71333326,2018,Aug,28
2018/08/28,UTTAR PRADESH,RAE BARELI,12.1,-,87.26,42.46046882,2018,Aug,28
2018/08/28,UTTAR PRADESH,GHAZIPUR,11.12,-,80.03,37.31945463,2018,Aug,28
2018/08/28,UTTAR PRADESH,KAUSHAMBI,13.4,-,92.0,40.52704193,2018,Aug,28
2018/08/28,UTTAR PRADESH,BULANDSHAHR,13.51,-,85.35,40.00488939,2018,Aug,28
2018/08/28,UTTAR PRADESH,DEORIA,12.83,-,84.96,40.64700872,2018,Aug,28
2018/08/28,UTTAR PRADESH,BAHRAICH,11.39,-,85.53,40.55353846,2018,Aug,28
2018/08/28,UTTAR PRADESH,GORAKHPUR,13.85,-,92.63,41.56674663,2018,Aug,28
2018/08/28,UTTAR PRADESH,BIJNOR,13.57,-,92.54,41.18692099,2018,Aug,28
2018/08/28,UTTAR PRADESH,BANDA,4.71,-,44.52,42.8176895,2018,Aug,28
2018/08/28,UTTAR PRADESH,MUZAFFARNAGAR,10.05,-,67.69,35.47261673,2018,Aug,28
2018/08/28,UTTAR PRADESH,SANT RAVI DAS NAGAR(BHADOHI),10.09,-,69.89,39.96566883,2018,Aug,28
2018/08/28,UTTAR PRADESH,HAMIRPUR,2.2,-,21.61,41.62388175,2018,Aug,28
2018/08/28,UTTAR PRADESH,PRATAPGARH,8.47,-,61.9,42.12012255,2018,Aug,28
2018/08/28,UTTAR PRADESH,ETAWAH,11.81,-,79.69,38.74960543,2018,Aug,28
2018/08/28,UTTAR PRADESH,MORADABAD,13.59,-,92.04,42.22874231,2018,Aug,28
2018/08/28,UTTAR PRADESH,AGRA,7.47,-,53.5,35.14090227,2018,Aug,28
2018/08/28,UTTAR PRADESH,JAUNPUR,10.85,-,73.84,39.78509556,2018,Aug,28
2018/08/28,UTTAR PRADESH,KANPUR NAGAR,11.95,-,76.65,40.63981326,2018,Aug,28
2018/08/28,UTTAR PRADESH,JHANSI,7.2,-,57.67,40.59467986,2018,Aug,28
2018/08/28,UTTAR PRADESH,SIDDHARTH NAGAR,13.06,-,88.93,41.84293671,2018,Aug,28
2018/08/28,UTTAR PRADESH,MEERUT,11.48,-,73.57,38.22842573,2018,Aug,28
2018/08/28,UTTAR PRADESH,PILIBHIT,14.48,-,94.03,40.80492929,2018,Aug,28
2018/08/28,UTTAR PRADESH,SHAHJAHANPUR,12.43,-,87.12,41.7525986,2018,Aug,28
2018/08/28,UTTAR PRADESH,KANPUR DEHAT,11.38,-,73.55,41.43942213,2018,Aug,28
2018/08/28,UTTAR PRADESH,FIROZABAD,9.51,-,65.08,36.47796472,2018,Aug,28
2018/08/28,UTTAR PRADESH,AYODHYA,11.81,-,84.51,42.43429872,2018,Aug,28
2018/08/28,UTTAR PRADESH,KUSHINAGAR,11.73,-,90.68,43.37829526,2018,Aug,28
2018/08/28,UTTAR PRADESH,JALAUN,2.05,-,18.33,42.30854493,2018,Aug,28
2018/08/28,UTTAR PRADESH,GHAZIABAD,12.34,-,78.77,39.84321863,2018,Aug,28
2018/08/28,UTTAR PRADESH,ETAH,8.2,-,50.73,37.23596655,2018,Aug,28
2018/08/28,UTTAR PRADESH,BALLIA,10.33,-,71.57,40.60932265,2018,Aug,28
2018/08/28,UTTAR PRADESH,UNNAO,13.6,-,91.85,40.68789415,2018,Aug,28
2018/08/28,UTTAR PRADESH,MAU,10.91,-,71.33,36.47577808,2018,Aug,28
2018/08/28,UTTAR PRADESH,SITAPUR,12.66,-,83.0,40.09876958,2018,Aug,28
2018/08/28,UTTAR PRADESH,PRAYAGRAJ,7.46,-,66.07,42.04674704,2018,Aug,28
2018/08/28,UTTAR PRADESH,BAREILLY,14.52,-,95.78,42.35284672,2018,Aug,28
2018/08/28,UTTAR PRADESH,SHRAWASTI,10.49,-,83.44,39.98833114,2018,Aug,28
2018/08/28,UTTAR PRADESH,SULTANPUR,9.65,-,69.71,43.80845418,2018,Aug,28
2018/08/28,UTTAR PRADESH,GONDA,13.43,-,90.67,41.21977704,2018,Aug,28
2018/08/28,UTTAR PRADESH,GAUTAM BUDDHA NAGAR,10.74,-,68.95,38.39136587,2018,Aug,28
2018/08/28,UTTAR PRADESH,KANSIRAM NAGAR,10.58,-,76.19,40.74000395,2018,Aug,28
2018/08/28,UTTAR PRADESH,MAHARAJGANJ,10.43,-,77.28,42.07402128,2018,Aug,28
2018/08/28,UTTAR PRADESH,MAINPURI,12.19,-,79.74,39.88058143,2018,Aug,28
2018/08/28,UTTAR PRADESH,VARANASI,8.73,-,65.08,40.93343324,2018,Aug,28
2018/08/28,UTTAR PRADESH,AURAIYA,11.11,-,75.33,39.83640954,2018,Aug,28
2018/08/27,UTTAR PRADESH,FARRUKHABAD,14.16,-,93.24,41.73492719,2018,Aug,27
2018/08/27,UTTAR PRADESH,LUCKNOW,12.86,-,86.62,40.2089216,2018,Aug,27
2018/08/27,UTTAR PRADESH,KHERI,13.08,-,87.07,40.63542831,2018,Aug,27
2018/08/27,UTTAR PRADESH,CHANDAULI,8.59,-,68.76,42.13565803,2018,Aug,27
2018/08/27,UTTAR PRADESH,AMBEDKAR NAGAR,12.01,-,82.62,42.69415912,2018,Aug,27
2018/08/27,UTTAR PRADESH,BUDAUN,13.27,-,94.63,42.38958501,2018,Aug,27
2018/08/27,UTTAR PRADESH,BALRAMPUR,13.48,-,88.53,39.18156982,2018,Aug,27
2018/08/27,UTTAR PRADESH,BASTI,15.3,-,96.31,41.97960538,2018,Aug,27
2018/08/27,UTTAR PRADESH,RAMPUR,15.26,-,97.72,42.51972694,2018,Aug,27
2018/08/27,UTTAR PRADESH,MIRZAPUR,6.73,-,57.17,42.14596857,2018,Aug,27
2018/08/27,UTTAR PRADESH,JYOTIBA PHULE NAGAR,12.76,-,92.0,41.342952,2018,Aug,27
2018/08/27,UTTAR PRADESH,LALITPUR,8.23,-,58.55,38.43700822,2018,Aug,27
2018/08/27,UTTAR PRADESH,MAHAMAYA NAGAR,4.67,-,29.44,31.30658968,2018,Aug,27
2018/08/27,UTTAR PRADESH,MATHURA,4.38,-,28.29,28.9799547,2018,Aug,27
2018/08/27,UTTAR PRADESH,MAHOBA,3.87,-,34.65,40.67233291,2018,Aug,27
2018/08/27,UTTAR PRADESH,CHITRAKOOT,7.22,-,65.4,41.90423287,2018,Aug,27
2018/08/27,UTTAR PRADESH,SAHARANPUR,11.39,-,79.09,35.48939624,2018,Aug,27
2018/08/27,UTTAR PRADESH,KANNAUJ,13.48,-,91.95,40.89124158,2018,Aug,27
2018/08/27,UTTAR PRADESH,SANT KABIR NAGAR,13.94,-,97.33,42.20583738,2018,Aug,27
2018/08/27,UTTAR PRADESH,SONBHADRA,6.94,-,48.0,42.73434143,2018,Aug,27
2018/08/27,UTTAR PRADESH,FATEHPUR,13.27,-,90.96,41.20369398,2018,Aug,27
2018/08/27,UTTAR PRADESH,BARA BANKI,13.35,-,86.59,41.79969872,2018,Aug,27
2018/08/27,UTTAR PRADESH,AZAMGARH,12.25,-,80.8,38.42430949,2018,Aug,27
2018/08/27,UTTAR PRADESH,BAGHPAT,7.16,-,48.82,29.77428473,2018,Aug,27
2018/08/27,UTTAR PRADESH,ALIGARH,5.54,-,35.72,31.60362815,2018,Aug,27
2018/08/27,UTTAR PRADESH,HARDOI,13.34,-,89.05,41.2442986,2018,Aug,27
2018/08/27,UTTAR PRADESH,RAE BARELI,12.12,-,87.42,42.48485038,2018,Aug,27
2018/08/27,UTTAR PRADESH,GHAZIPUR,11.44,-,82.25,38.36902014,2018,Aug,27
2018/08/27,UTTAR PRADESH,KAUSHAMBI,13.78,-,94.46,41.77234433,2018,Aug,27
2018/08/27,UTTAR PRADESH,BULANDSHAHR,11.25,-,71.23,35.76486997,2018,Aug,27
2018/08/27,UTTAR PRADESH,DEORIA,13.16,-,87.04,41.62681543,2018,Aug,27
2018/08/27,UTTAR PRADESH,BAHRAICH,11.69,-,87.69,41.48484427,2018,Aug,27
2018/08/27,UTTAR PRADESH,GORAKHPUR,14.02,-,93.68,41.95784036,2018,Aug,27
2018/08/27,UTTAR PRADESH,BIJNOR,13.53,-,92.31,41.1458297,2018,Aug,27
2018/08/27,UTTAR PRADESH,BANDA,4.69,-,44.39,42.67729879,2018,Aug,27
2018/08/27,UTTAR PRADESH,MUZAFFARNAGAR,7.19,-,49.35,30.63712203,2018,Aug,27
2018/08/27,UTTAR PRADESH,SANT RAVI DAS NAGAR(BHADOHI),10.63,-,73.49,41.49278007,2018,Aug,27
2018/08/27,UTTAR PRADESH,HAMIRPUR,2.04,-,19.89,40.75385958,2018,Aug,27
2018/08/27,UTTAR PRADESH,PRATAPGARH,8.69,-,63.46,42.750143,2018,Aug,27
2018/08/27,UTTAR PRADESH,ETAWAH,12.41,-,83.84,39.9988387,2018,Aug,27
2018/08/27,UTTAR PRADESH,MORADABAD,13.59,-,92.0,42.31695155,2018,Aug,27
2018/08/27,UTTAR PRADESH,AGRA,8.12,-,58.32,36.56422559,2018,Aug,27
2018/08/27,UTTAR PRADESH,JAUNPUR,11.42,-,77.69,41.03779711,2018,Aug,27
2018/08/27,UTTAR PRADESH,KANPUR NAGAR,11.97,-,76.73,40.73231797,2018,Aug,27
2018/08/27,UTTAR PRADESH,JHANSI,7.11,-,56.83,39.65955775,2018,Aug,27
2018/08/27,UTTAR PRADESH,SIDDHARTH NAGAR,13.33,-,90.89,42.48232261,2018,Aug,27
2018/08/27,UTTAR PRADESH,MEERUT,9.45,-,60.75,36.34467988,2018,Aug,27
2018/08/27,UTTAR PRADESH,PILIBHIT,14.52,-,94.22,40.97806097,2018,Aug,27
2018/08/27,UTTAR PRADESH,SHAHJAHANPUR,12.61,-,88.35,42.16894496,2018,Aug,27
2018/08/27,UTTAR PRADESH,KANPUR DEHAT,11.57,-,74.78,41.8024536,2018,Aug,27
2018/08/27,UTTAR PRADESH,FIROZABAD,9.72,-,66.53,36.75295023,2018,Aug,27
2018/08/27,UTTAR PRADESH,AYODHYA,11.89,-,85.06,42.66714202,2018,Aug,27
2018/08/27,UTTAR PRADESH,KUSHINAGAR,11.81,-,91.3,43.54828285,2018,Aug,27
2018/08/27,UTTAR PRADESH,JALAUN,2.06,-,18.48,42.41071936,2018,Aug,27
2018/08/27,UTTAR PRADESH,GHAZIABAD,10.66,-,68.19,36.80183335,2018,Aug,27
2018/08/27,UTTAR PRADESH,ETAH,8.4,-,51.99,37.50513584,2018,Aug,27
2018/08/27,UTTAR PRADESH,BALLIA,10.96,-,76.13,41.98707194,2018,Aug,27
2018/08/27,UTTAR PRADESH,UNNAO,13.75,-,92.85,40.92046508,2018,Aug,27
2018/08/27,UTTAR PRADESH,MAU,11.79,-,77.31,38.70525131,2018,Aug,27
2018/08/27,UTTAR PRADESH,SITAPUR,13.44,-,88.04,41.74510995,2018,Aug,27
2018/08/27,UTTAR PRADESH,PRAYAGRAJ,7.67,-,67.75,43.00421405,2018,Aug,27
2018/08/27,UTTAR PRADESH,BAREILLY,14.57,-,96.09,42.45514107,2018,Aug,27
2018/08/27,UTTAR PRADESH,SHRAWASTI,10.72,-,85.16,41.03812909,2018,Aug,27
2018/08/27,UTTAR PRADESH,SULTANPUR,9.66,-,69.8,43.89663814,2018,Aug,27
2018/08/27,UTTAR PRADESH,GONDA,13.79,-,93.21,42.05697224,2018,Aug,27
2018/08/27,UTTAR PRADESH,GAUTAM BUDDHA NAGAR,5.87,-,37.31,30.40284973,2018,Aug,27
2018/08/27,UTTAR PRADESH,KANSIRAM NAGAR,10.55,-,75.88,40.62717197,2018,Aug,27
2018/08/27,UTTAR PRADESH,MAHARAJGANJ,10.35,-,76.85,41.99099604,2018,Aug,27
2018/08/27,UTTAR PRADESH,MAINPURI,12.69,-,83.13,40.92293699,2018,Aug,27
2018/08/27,UTTAR PRADESH,VARANASI,8.95,-,66.43,41.94602829,2018,Aug,27
2018/08/27,UTTAR PRADESH,AURAIYA,11.69,-,79.23,41.00160527,2018,Aug,27
2018/08/26,UTTAR PRADESH,FARRUKHABAD,14.43,-,94.94,42.40884874,2018,Aug,26
2018/08/26,UTTAR PRADESH,LUCKNOW,13.6,-,91.65,41.94555061,2018,Aug,26
2018/08/26,UTTAR PRADESH,KHERI,13.38,-,88.98,41.41956326,2018,Aug,26
2018/08/26,UTTAR PRADESH,CHANDAULI,8.81,-,70.51,42.6514159,2018,Aug,26
2018/08/26,UTTAR PRADESH,AMBEDKAR NAGAR,12.26,-,84.25,43.25802824,2018,Aug,26
2018/08/26,UTTAR PRADESH,BUDAUN,13.3,-,94.82,42.46321539,2018,Aug,26
2018/08/26,UTTAR PRADESH,BALRAMPUR,14.2,-,93.08,40.86188964,2018,Aug,26
2018/08/26,UTTAR PRADESH,BASTI,15.6,-,98.22,42.66529116,2018,Aug,26
2018/08/26,UTTAR PRADESH,RAMPUR,15.3,-,98.0,42.6865395,2018,Aug,26
2018/08/26,UTTAR PRADESH,MIRZAPUR,6.77,-,57.48,42.32160486,2018,Aug,26
2018/08/26,UTTAR PRADESH,JYOTIBA PHULE NAGAR,12.4,-,89.67,39.90774254,2018,Aug,26
2018/08/26,UTTAR PRADESH,LALITPUR,8.44,-,60.26,39.93467049,2018,Aug,26
2018/08/26,UTTAR PRADESH,MAHAMAYA NAGAR,5.16,-,32.56,32.09997918,2018,Aug,26
2018/08/26,UTTAR PRADESH,MATHURA,4.69,-,30.19,29.66936968,2018,Aug,26
2018/08/26,UTTAR PRADESH,MAHOBA,4.06,-,36.67,41.98633446,2018,Aug,26
2018/08/26,UTTAR PRADESH,CHITRAKOOT,7.07,-,64.43,41.73949255,2018,Aug,26
2018/08/26,UTTAR PRADESH,SAHARANPUR,11.72,-,81.31,36.43085835,2018,Aug,26
2018/08/26,UTTAR PRADESH,KANNAUJ,14.07,-,95.93,42.54313257,2018,Aug,26
2018/08/26,UTTAR PRADESH,SANT KABIR NAGAR,14.16,-,99.03,42.73892588,2018,Aug,26
2018/08/26,UTTAR PRADESH,SONBHADRA,6.69,-,46.5,42.50632313,2018,Aug,26
2018/08/26,UTTAR PRADESH,FATEHPUR,13.37,-,91.56,41.49106518,2018,Aug,26
2018/08/26,UTTAR PRADESH,BARA BANKI,13.81,-,89.51,42.95158239,2018,Aug,26
2018/08/26,UTTAR PRADESH,AZAMGARH,11.93,-,78.76,38.03377768,2018,Aug,26
2018/08/26,UTTAR PRADESH,BAGHPAT,7.09,-,48.16,28.50772216,2018,Aug,26
2018/08/26,UTTAR PRADESH,ALIGARH,5.97,-,38.49,31.85681128,2018,Aug,26
2018/08/26,UTTAR PRADESH,HARDOI,13.92,-,93.04,42.56471793,2018,Aug,26
2018/08/26,UTTAR PRADESH,RAE BARELI,12.17,-,87.77,42.6715324,2018,Aug,26
2018/08/26,UTTAR PRADESH,GHAZIPUR,11.73,-,84.36,39.48789051,2018,Aug,26
2018/08/26,UTTAR PRADESH,KAUSHAMBI,13.79,-,94.53,41.82076394,2018,Aug,26
2018/08/26,UTTAR PRADESH,BULANDSHAHR,11.14,-,70.51,35.36703999,2018,Aug,26
2018/08/26,UTTAR PRADESH,DEORIA,13.14,-,86.93,41.61081562,2018,Aug,26
2018/08/26,UTTAR PRADESH,BAHRAICH,11.96,-,89.7,42.46452375,2018,Aug,26
2018/08/26,UTTAR PRADESH,GORAKHPUR,14.13,-,94.48,42.21619221,2018,Aug,26
2018/08/26,UTTAR PRADESH,BIJNOR,13.31,-,90.92,40.50349172,2018,Aug,26
2018/08/26,UTTAR PRADESH,BANDA,4.71,-,44.51,42.54521675,2018,Aug,26
2018/08/26,UTTAR PRADESH,MUZAFFARNAGAR,7.02,-,48.28,29.7480025,2018,Aug,26
2018/08/26,UTTAR PRADESH,SANT RAVI DAS NAGAR(BHADOHI),11.05,-,76.32,42.58560006,2018,Aug,26
2018/08/26,UTTAR PRADESH,HAMIRPUR,2.09,-,20.52,40.90005325,2018,Aug,26
2018/08/26,UTTAR PRADESH,PRATAPGARH,8.73,-,63.75,42.87553916,2018,Aug,26
2018/08/26,UTTAR PRADESH,ETAWAH,13.18,-,89.33,41.64140546,2018,Aug,26
2018/08/26,UTTAR PRADESH,MORADABAD,13.5,-,91.45,42.2246786,2018,Aug,26
2018/08/26,UTTAR PRADESH,AGRA,8.52,-,61.41,37.55612649,2018,Aug,26
2018/08/26,UTTAR PRADESH,JAUNPUR,11.59,-,78.87,41.49804324,2018,Aug,26
2018/08/26,UTTAR PRADESH,KANPUR NAGAR,12.3,-,78.86,41.41455507,2018,Aug,26
2018/08/26,UTTAR PRADESH,JHANSI,7.35,-,58.81,41.59850128,2018,Aug,26
2018/08/26,UTTAR PRADESH,SIDDHARTH NAGAR,13.53,-,92.21,43.0203402,2018,Aug,26
2018/08/26,UTTAR PRADESH,MEERUT,6.81,-,44.01,31.02155563,2018,Aug,26
2018/08/26,UTTAR PRADESH,PILIBHIT,14.87,-,96.47,41.90180146,2018,Aug,26
2018/08/26,UTTAR PRADESH,SHAHJAHANPUR,12.8,-,89.59,42.72787917,2018,Aug,26
2018/08/26,UTTAR PRADESH,KANPUR DEHAT,11.82,-,76.44,42.35659688,2018,Aug,26
2018/08/26,UTTAR PRADESH,FIROZABAD,10.33,-,70.85,38.17829919,2018,Aug,26
2018/08/26,UTTAR PRADESH,AYODHYA,12.03,-,85.94,42.97412683,2018,Aug,26
2018/08/26,UTTAR PRADESH,KUSHINAGAR,11.9,-,92.02,43.84933495,2018,Aug,26
2018/08/26,UTTAR PRADESH,JALAUN,2.13,-,19.19,43.29344077,2018,Aug,26
2018/08/26,UTTAR PRADESH,GHAZIABAD,10.1,-,64.47,35.39264921,2018,Aug,26
2018/08/26,UTTAR PRADESH,ETAH,8.7,-,53.83,38.51517862,2018,Aug,26
2018/08/26,UTTAR PRADESH,BALLIA,10.9,-,75.57,41.85920685,2018,Aug,26
2018/08/26,UTTAR PRADESH,UNNAO,14.09,-,95.12,41.78343596,2018,Aug,26
2018/08/26,UTTAR PRADESH,MAU,11.23,-,73.51,37.74925389,2018,Aug,26
2018/08/26,UTTAR PRADESH,SITAPUR,13.69,-,89.75,42.3217378,2018,Aug,26
2018/08/26,UTTAR PRADESH,PRAYAGRAJ,7.7,-,68.02,43.10654322,2018,Aug,26
2018/08/26,UTTAR PRADESH,BAREILLY,14.68,-,96.82,42.71530411,2018,Aug,26
2018/08/26,UTTAR PRADESH,SHRAWASTI,11.05,-,87.44,42.51409445,2018,Aug,26
2018/08/26,UTTAR PRADESH,SULTANPUR,9.68,-,69.91,43.95161409,2018,Aug,26
2018/08/26,UTTAR PRADESH,GONDA,14.02,-,94.79,42.7087949,2018,Aug,26
2018/08/26,UTTAR PRADESH,GAUTAM BUDDHA NAGAR,6.29,-,39.97,31.06400853,2018,Aug,26
2018/08/26,UTTAR PRADESH,KANSIRAM NAGAR,10.6,-,76.25,40.8453991,2018,Aug,26
2018/08/26,UTTAR PRADESH,MAHARAJGANJ,10.43,-,77.44,42.21921454,2018,Aug,26
2018/08/26,UTTAR PRADESH,MAINPURI,13.4,-,87.88,42.42782286,2018,Aug,26
2018/08/26,UTTAR PRADESH,VARANASI,9.0,-,66.53,42.83196169,2018,Aug,26
2018/08/26,UTTAR PRADESH,AURAIYA,12.21,-,82.99,42.13369041,2018,Aug,26
2018/08/25,UTTAR PRADESH,FARRUKHABAD,14.45,-,95.04,42.44529138,2018,Aug,25
2018/08/25,UTTAR PRADESH,LUCKNOW,13.75,-,92.77,42.33344253,2018,Aug,25
2018/08/25,UTTAR PRADESH,KHERI,13.47,-,89.57,41.62753835,2018,Aug,25
2018/08/25,UTTAR PRADESH,CHANDAULI,8.86,-,70.98,42.75296519,2018,Aug,25
2018/08/25,UTTAR PRADESH,AMBEDKAR NAGAR,12.25,-,84.21,43.25069171,2018,Aug,25
2018/08/25,UTTAR PRADESH,BUDAUN,13.28,-,94.69,42.394777,2018,Aug,25
2018/08/25,UTTAR PRADESH,BALRAMPUR,14.32,-,93.82,41.06229809,2018,Aug,25
2018/08/25,UTTAR PRADESH,BASTI,15.61,-,98.28,42.68443658,2018,Aug,25
2018/08/25,UTTAR PRADESH,RAMPUR,15.25,-,97.68,42.54484055,2018,Aug,25
2018/08/25,UTTAR PRADESH,MIRZAPUR,6.89,-,58.56,42.72360973,2018,Aug,25
2018/08/25,UTTAR PRADESH,JYOTIBA PHULE NAGAR,12.52,-,90.4,40.65773743,2018,Aug,25
2018/08/25,UTTAR PRADESH,LALITPUR,8.66,-,62.13,41.5624296,2018,Aug,25
2018/08/25,UTTAR PRADESH,MAHAMAYA NAGAR,6.05,-,38.25,33.44455333,2018,Aug,25
2018/08/25,UTTAR PRADESH,MATHURA,5.32,-,34.18,30.86414286,2018,Aug,25
2018/08/25,UTTAR PRADESH,MAHOBA,4.32,-,39.37,43.4229648,2018,Aug,25
2018/08/25,UTTAR PRADESH,CHITRAKOOT,7.19,-,65.88,42.34112184,2018,Aug,25
2018/08/25,UTTAR PRADESH,SAHARANPUR,12.46,-,86.23,38.76128412,2018,Aug,25
2018/08/25,UTTAR PRADESH,KANNAUJ,14.11,-,96.23,42.66644801,2018,Aug,25
2018/08/25,UTTAR PRADESH,SANT KABIR NAGAR,14.17,-,99.07,42.75686511,2018,Aug,25
2018/08/25,UTTAR PRADESH,SONBHADRA,6.77,-,47.11,42.97342234,2018,Aug,25
2018/08/25,UTTAR PRADESH,FATEHPUR,13.59,-,92.99,42.15974596,2018,Aug,25
2018/08/25,UTTAR PRADESH,BARA BANKI,13.83,-,89.64,43.0131577,2018,Aug,25
2018/08/25,UTTAR PRADESH,AZAMGARH,12.13,-,80.15,38.6984492,2018,Aug,25
2018/08/25,UTTAR PRADESH,BAGHPAT,7.88,-,53.32,30.17245069,2018,Aug,25
2018/08/25,UTTAR PRADESH,ALIGARH,6.85,-,44.09,33.16320244,2018,Aug,25
2018/08/25,UTTAR PRADESH,HARDOI,13.95,-,93.27,42.64975496,2018,Aug,25
2018/08/25,UTTAR PRADESH,RAE BARELI,12.22,-,88.05,42.85535213,2018,Aug,25
2018/08/25,UTTAR PRADESH,GHAZIPUR,11.97,-,86.17,39.87779763,2018,Aug,25
2018/08/25,UTTAR PRADESH,KAUSHAMBI,13.86,-,94.95,42.14082114,2018,Aug,25
2018/08/25,UTTAR PRADESH,BULANDSHAHR,11.83,-,74.85,36.83104577,2018,Aug,25
2018/08/25,UTTAR PRADESH,DEORIA,13.05,-,86.41,41.566177,2018,Aug,25
2018/08/25,UTTAR PRADESH,BAHRAICH,12.0,-,90.02,42.59345673,2018,Aug,25
2018/08/25,UTTAR PRADESH,GORAKHPUR,14.2,-,94.92,42.46283252,2018,Aug,25
2018/08/25,UTTAR PRADESH,BIJNOR,13.64,-,93.32,41.35983729,2018,Aug,25
2018/08/25,UTTAR PRADESH,BANDA,4.86,-,46.12,43.44203988,2018,Aug,25
2018/08/25,UTTAR PRADESH,MUZAFFARNAGAR,7.95,-,54.2,31.7311764,2018,Aug,25
2018/08/25,UTTAR PRADESH,SANT RAVI DAS NAGAR(BHADOHI),11.11,-,76.76,42.79610697,2018,Aug,25
2018/08/25,UTTAR PRADESH,HAMIRPUR,2.41,-,23.8,42.71719257,2018,Aug,25
2018/08/25,UTTAR PRADESH,PRATAPGARH,8.79,-,64.14,43.0913577,2018,Aug,25
2018/08/25,UTTAR PRADESH,ETAWAH,12.95,-,87.67,41.24428984,2018,Aug,25
2018/08/25,UTTAR PRADESH,MORADABAD,13.39,-,90.69,41.97290002,2018,Aug,25
2018/08/25,UTTAR PRADESH,AGRA,8.48,-,60.99,37.39951189,2018,Aug,25
2018/08/25,UTTAR PRADESH,JAUNPUR,11.59,-,78.89,41.67027126,2018,Aug,25
2018/08/25,UTTAR PRADESH,KANPUR NAGAR,12.66,-,81.22,42.42725002,2018,Aug,25
2018/08/25,UTTAR PRADESH,JHANSI,7.56,-,60.64,43.61317831,2018,Aug,25
2018/08/25,UTTAR PRADESH,SIDDHARTH NAGAR,13.52,-,92.17,42.99829928,2018,Aug,25
2018/08/25,UTTAR PRADESH,MEERUT,7.51,-,48.35,32.88426469,2018,Aug,25
2018/08/25,UTTAR PRADESH,PILIBHIT,14.76,-,95.78,41.67914196,2018,Aug,25
2018/08/25,UTTAR PRADESH,SHAHJAHANPUR,12.8,-,89.57,42.73940794,2018,Aug,25
2018/08/25,UTTAR PRADESH,KANPUR DEHAT,11.96,-,77.38,42.72702449,2018,Aug,25
2018/08/25,UTTAR PRADESH,FIROZABAD,10.19,-,69.79,38.08368649,2018,Aug,25
2018/08/25,UTTAR PRADESH,AYODHYA,12.04,-,86.04,43.01415802,2018,Aug,25
2018/08/25,UTTAR PRADESH,KUSHINAGAR,11.97,-,92.57,44.04162461,2018,Aug,25
2018/08/25,UTTAR PRADESH,JALAUN,2.13,-,19.08,44.47806581,2018,Aug,25
2018/08/25,UTTAR PRADESH,GHAZIABAD,10.97,-,70.04,37.3447491,2018,Aug,25
2018/08/25,UTTAR PRADESH,ETAH,8.74,-,54.03,39.34498945,2018,Aug,25
2018/08/25,UTTAR PRADESH,BALLIA,10.84,-,75.1,41.74166589,2018,Aug,25
2018/08/25,UTTAR PRADESH,UNNAO,14.31,-,96.61,42.44809994,2018,Aug,25
2018/08/25,UTTAR PRADESH,MAU,11.74,-,77.15,39.00452465,2018,Aug,25
2018/08/25,UTTAR PRADESH,SITAPUR,13.74,-,90.03,42.43422939,2018,Aug,25
2018/08/25,UTTAR PRADESH,PRAYAGRAJ,7.76,-,68.54,43.38823199,2018,Aug,25
2018/08/25,UTTAR PRADESH,BAREILLY,14.66,-,96.69,42.66707319,2018,Aug,25
2018/08/25,UTTAR PRADESH,SHRAWASTI,11.21,-,88.48,42.8752209,2018,Aug,25
2018/08/25,UTTAR PRADESH,SULTANPUR,9.7,-,70.07,44.04473656,2018,Aug,25
2018/08/25,UTTAR PRADESH,GONDA,14.04,-,94.88,42.72581936,2018,Aug,25
2018/08/25,UTTAR PRADESH,GAUTAM BUDDHA NAGAR,7.22,-,45.98,33.04638653,2018,Aug,25
2018/08/25,UTTAR PRADESH,KANSIRAM NAGAR,10.7,-,76.83,41.51589233,2018,Aug,25
2018/08/25,UTTAR PRADESH,MAHARAJGANJ,10.51,-,77.98,42.38938619,2018,Aug,25
2018/08/25,UTTAR PRADESH,MAINPURI,13.27,-,87.0,42.21424197,2018,Aug,25
2018/08/25,UTTAR PRADESH,VARANASI,8.91,-,65.52,42.95093533,2018,Aug,25
2018/08/25,UTTAR PRADESH,AURAIYA,12.27,-,83.41,42.30000467,2018,Aug,25
2018/08/24,UTTAR PRADESH,FARRUKHABAD,14.4,-,94.7,42.27974953,2018,Aug,24
2018/08/24,UTTAR PRADESH,LUCKNOW,13.76,-,92.87,42.34983413,2018,Aug,24
2018/08/24,UTTAR PRADESH,KHERI,13.36,-,88.89,41.32131745,2018,Aug,24
2018/08/24,UTTAR PRADESH,CHANDAULI,8.84,-,70.79,42.32431759,2018,Aug,24
2018/08/24,UTTAR PRADESH,AMBEDKAR NAGAR,12.2,-,83.76,43.1346342,2018,Aug,24
2018/08/24,UTTAR PRADESH,BUDAUN,13.25,-,94.53,42.35275251,2018,Aug,24
2018/08/24,UTTAR PRADESH,BALRAMPUR,14.43,-,94.47,41.23772303,2018,Aug,24
2018/08/24,UTTAR PRADESH,BASTI,15.58,-,98.13,42.62887568,2018,Aug,24
2018/08/24,UTTAR PRADESH,RAMPUR,15.25,-,97.68,42.50462763,2018,Aug,24
2018/08/24,UTTAR PRADESH,MIRZAPUR,6.83,-,58.08,42.22955288,2018,Aug,24
2018/08/24,UTTAR PRADESH,JYOTIBA PHULE NAGAR,12.72,-,91.75,41.52764396,2018,Aug,24
2018/08/24,UTTAR PRADESH,LALITPUR,8.64,-,62.04,41.61680477,2018,Aug,24
2018/08/24,UTTAR PRADESH,MAHAMAYA NAGAR,8.25,-,52.55,37.07350765,2018,Aug,24
2018/08/24,UTTAR PRADESH,MATHURA,6.69,-,42.88,33.54040217,2018,Aug,24
2018/08/24,UTTAR PRADESH,MAHOBA,4.27,-,38.83,43.13041599,2018,Aug,24
2018/08/24,UTTAR PRADESH,CHITRAKOOT,6.92,-,63.64,42.03327359,2018,Aug,24
2018/08/24,UTTAR PRADESH,SAHARANPUR,12.82,-,88.59,39.49602114,2018,Aug,24
2018/08/24,UTTAR PRADESH,KANNAUJ,14.07,-,95.9,42.57213563,2018,Aug,24
2018/08/24,UTTAR PRADESH,SANT KABIR NAGAR,14.12,-,98.63,42.62753062,2018,Aug,24
2018/08/24,UTTAR PRADESH,SONBHADRA,6.56,-,45.64,42.85524826,2018,Aug,24
2018/08/24,UTTAR PRADESH,FATEHPUR,13.57,-,92.83,42.07871248,2018,Aug,24
2018/08/24,UTTAR PRADESH,BARA BANKI,13.81,-,89.53,42.96851332,2018,Aug,24
2018/08/24,UTTAR PRADESH,AZAMGARH,11.61,-,76.62,38.61639158,2018,Aug,24
2018/08/24,UTTAR PRADESH,BAGHPAT,9.19,-,61.55,31.23944128,2018,Aug,24
2018/08/24,UTTAR PRADESH,ALIGARH,9.3,-,59.88,37.21933413,2018,Aug,24
2018/08/24,UTTAR PRADESH,HARDOI,13.88,-,92.83,42.48674594,2018,Aug,24
2018/08/24,UTTAR PRADESH,RAE BARELI,12.21,-,88.01,42.82192978,2018,Aug,24
2018/08/24,UTTAR PRADESH,GHAZIPUR,11.65,-,84.14,38.58669743,2018,Aug,24
2018/08/24,UTTAR PRADESH,KAUSHAMBI,13.82,-,94.7,41.97834101,2018,Aug,24
2018/08/24,UTTAR PRADESH,BULANDSHAHR,13.12,-,82.89,39.37352561,2018,Aug,24
2018/08/24,UTTAR PRADESH,DEORIA,12.71,-,84.04,41.36521701,2018,Aug,24
2018/08/24,UTTAR PRADESH,BAHRAICH,11.98,-,89.87,42.46284164,2018,Aug,24
2018/08/24,UTTAR PRADESH,GORAKHPUR,13.95,-,93.17,42.11677066,2018,Aug,24
2018/08/24,UTTAR PRADESH,BIJNOR,13.73,-,94.1,41.57912627,2018,Aug,24
2018/08/24,UTTAR PRADESH,BANDA,4.78,-,45.28,43.3837853,2018,Aug,24
2018/08/24,UTTAR PRADESH,MUZAFFARNAGAR,9.95,-,66.93,34.7685447,2018,Aug,24
2018/08/24,UTTAR PRADESH,SANT RAVI DAS NAGAR(BHADOHI),11.08,-,76.57,42.71141987,2018,Aug,24
2018/08/24,UTTAR PRADESH,HAMIRPUR,2.4,-,23.77,42.96963477,2018,Aug,24
2018/08/24,UTTAR PRADESH,PRATAPGARH,8.81,-,64.2,43.12990744,2018,Aug,24
2018/08/24,UTTAR PRADESH,ETAWAH,12.6,-,85.19,40.64917519,2018,Aug,24
2018/08/24,UTTAR PRADESH,MORADABAD,13.49,-,91.34,42.24456513,2018,Aug,24
2018/08/24,UTTAR PRADESH,AGRA,9.01,-,64.83,38.59063319,2018,Aug,24
2018/08/24,UTTAR PRADESH,JAUNPUR,11.13,-,75.85,41.29731784,2018,Aug,24
2018/08/24,UTTAR PRADESH,KANPUR NAGAR,12.62,-,80.93,42.32650005,2018,Aug,24
2018/08/24,UTTAR PRADESH,JHANSI,7.56,-,60.67,43.66797727,2018,Aug,24
2018/08/24,UTTAR PRADESH,SIDDHARTH NAGAR,13.18,-,89.82,42.17221871,2018,Aug,24
2018/08/24,UTTAR PRADESH,MEERUT,9.81,-,62.97,36.40288178,2018,Aug,24
2018/08/24,UTTAR PRADESH,PILIBHIT,14.87,-,96.43,41.78813944,2018,Aug,24
2018/08/24,UTTAR PRADESH,SHAHJAHANPUR,12.74,-,89.2,42.56309966,2018,Aug,24
2018/08/24,UTTAR PRADESH,KANPUR DEHAT,11.93,-,77.15,42.64920564,2018,Aug,24
2018/08/24,UTTAR PRADESH,FIROZABAD,10.08,-,69.26,38.33948853,2018,Aug,24
2018/08/24,UTTAR PRADESH,AYODHYA,12.04,-,85.99,42.99867501,2018,Aug,24
2018/08/24,UTTAR PRADESH,KUSHINAGAR,11.86,-,91.63,43.62649409,2018,Aug,24
2018/08/24,UTTAR PRADESH,JALAUN,2.08,-,18.65,44.19146989,2018,Aug,24
2018/08/24,UTTAR PRADESH,GHAZIABAD,12.07,-,77.07,39.43814273,2018,Aug,24
2018/08/24,UTTAR PRADESH,ETAH,9.03,-,56.09,40.47835296,2018,Aug,24
2018/08/24,UTTAR PRADESH,BALLIA,9.97,-,69.06,40.2129042,2018,Aug,24
2018/08/24,UTTAR PRADESH,UNNAO,14.32,-,96.64,42.43818566,2018,Aug,24
2018/08/24,UTTAR PRADESH,MAU,11.67,-,76.9,39.33815296,2018,Aug,24
2018/08/24,UTTAR PRADESH,SITAPUR,13.68,-,89.67,42.28508465,2018,Aug,24
2018/08/24,UTTAR PRADESH,PRAYAGRAJ,7.73,-,68.25,43.27496189,2018,Aug,24
2018/08/24,UTTAR PRADESH,BAREILLY,14.6,-,96.29,42.52812302,2018,Aug,24
2018/08/24,UTTAR PRADESH,SHRAWASTI,11.32,-,89.15,43.04827751,2018,Aug,24
2018/08/24,UTTAR PRADESH,SULTANPUR,9.68,-,69.99,43.99868343,2018,Aug,24
2018/08/24,UTTAR PRADESH,GONDA,14.0,-,94.67,42.63724192,2018,Aug,24
2018/08/24,UTTAR PRADESH,GAUTAM BUDDHA NAGAR,8.73,-,55.68,36.01900761,2018,Aug,24
2018/08/24,UTTAR PRADESH,KANSIRAM NAGAR,11.03,-,79.32,42.21148623,2018,Aug,24
2018/08/24,UTTAR PRADESH,MAHARAJGANJ,10.36,-,76.59,42.06173239,2018,Aug,24
2018/08/24,UTTAR PRADESH,MAINPURI,13.04,-,85.38,41.96645471,2018,Aug,24
2018/08/24,UTTAR PRADESH,VARANASI,8.45,-,62.14,41.91084112,2018,Aug,24
2018/08/24,UTTAR PRADESH,AURAIYA,12.21,-,82.87,42.17262215,2018,Aug,24
2018/08/23,UTTAR PRADESH,FARRUKHABAD,14.28,-,94.0,42.02768365,2018,Aug,23
2018/08/23,UTTAR PRADESH,LUCKNOW,13.56,-,91.39,41.81399527,2018,Aug,23
2018/08/23,UTTAR PRADESH,KHERI,11.4,-,76.38,37.69725074,2018,Aug,23
2018/08/23,UTTAR PRADESH,CHANDAULI,7.24,-,56.95,37.13210541,2018,Aug,23
2018/08/23,UTTAR PRADESH,AMBEDKAR NAGAR,11.81,-,81.06,42.36652213,2018,Aug,23
2018/08/23,UTTAR PRADESH,BUDAUN,12.61,-,90.23,41.07988055,2018,Aug,23
2018/08/23,UTTAR PRADESH,BALRAMPUR,11.88,-,78.17,36.21281747,2018,Aug,23
2018/08/23,UTTAR PRADESH,BASTI,14.39,-,90.6,40.08823825,2018,Aug,23
2018/08/23,UTTAR PRADESH,RAMPUR,13.71,-,87.81,39.1446099,2018,Aug,23
2018/08/23,UTTAR PRADESH,MIRZAPUR,5.89,-,49.76,38.79413546,2018,Aug,23
2018/08/23,UTTAR PRADESH,JYOTIBA PHULE NAGAR,10.78,-,79.28,38.41392495,2018,Aug,23
2018/08/23,UTTAR PRADESH,LALITPUR,8.67,-,62.28,41.84334756,2018,Aug,23
2018/08/23,UTTAR PRADESH,MAHAMAYA NAGAR,8.93,-,56.67,38.34726918,2018,Aug,23
2018/08/23,UTTAR PRADESH,MATHURA,8.47,-,54.28,36.80093504,2018,Aug,23
2018/08/23,UTTAR PRADESH,MAHOBA,4.11,-,37.16,42.5310607,2018,Aug,23
2018/08/23,UTTAR PRADESH,CHITRAKOOT,6.19,-,57.81,40.94348426,2018,Aug,23
2018/08/23,UTTAR PRADESH,SAHARANPUR,12.66,-,87.57,39.19733545,2018,Aug,23
2018/08/23,UTTAR PRADESH,KANNAUJ,13.94,-,94.98,42.33253141,2018,Aug,23
2018/08/23,UTTAR PRADESH,SANT KABIR NAGAR,12.64,-,86.91,39.55787553,2018,Aug,23
2018/08/23,UTTAR PRADESH,SONBHADRA,5.35,-,37.54,39.40248716,2018,Aug,23
2018/08/23,UTTAR PRADESH,FATEHPUR,13.38,-,91.64,41.5520381,2018,Aug,23
2018/08/23,UTTAR PRADESH,BARA BANKI,13.11,-,85.01,41.30443373,2018,Aug,23
2018/08/23,UTTAR PRADESH,AZAMGARH,6.3,-,41.42,31.28768178,2018,Aug,23
2018/08/23,UTTAR PRADESH,BAGHPAT,11.69,-,77.32,35.87401949,2018,Aug,23
2018/08/23,UTTAR PRADESH,ALIGARH,8.13,-,51.84,36.87716869,2018,Aug,23
2018/08/23,UTTAR PRADESH,HARDOI,13.25,-,88.75,41.07235847,2018,Aug,23
2018/08/23,UTTAR PRADESH,RAE BARELI,12.04,-,86.81,42.26046483,2018,Aug,23
2018/08/23,UTTAR PRADESH,GHAZIPUR,6.74,-,50.04,27.97545401,2018,Aug,23
2018/08/23,UTTAR PRADESH,KAUSHAMBI,13.66,-,93.65,41.495976,2018,Aug,23
2018/08/23,UTTAR PRADESH,BULANDSHAHR,11.91,-,75.11,38.25414283,2018,Aug,23
2018/08/23,UTTAR PRADESH,DEORIA,9.28,-,61.53,32.89788127,2018,Aug,23
2018/08/23,UTTAR PRADESH,BAHRAICH,10.76,-,81.1,39.27522641,2018,Aug,23
2018/08/23,UTTAR PRADESH,GORAKHPUR,9.94,-,65.37,34.85665788,2018,Aug,23
2018/08/23,UTTAR PRADESH,BIJNOR,10.92,-,74.78,34.4762534,2018,Aug,23
2018/08/23,UTTAR PRADESH,BANDA,4.67,-,44.12,42.83250174,2018,Aug,23
2018/08/23,UTTAR PRADESH,MUZAFFARNAGAR,8.97,-,60.66,34.1884292,2018,Aug,23
2018/08/23,UTTAR PRADESH,SANT RAVI DAS NAGAR(BHADOHI),10.73,-,74.2,41.58948508,2018,Aug,23
2018/08/23,UTTAR PRADESH,HAMIRPUR,2.28,-,22.49,42.76334427,2018,Aug,23
2018/08/23,UTTAR PRADESH,PRATAPGARH,8.39,-,61.16,42.58794003,2018,Aug,23
2018/08/23,UTTAR PRADESH,ETAWAH,12.8,-,86.91,41.16987175,2018,Aug,23
2018/08/23,UTTAR PRADESH,MORADABAD,12.67,-,86.01,40.59432431,2018,Aug,23
2018/08/23,UTTAR PRADESH,AGRA,9.86,-,70.94,40.39911106,2018,Aug,23
2018/08/23,UTTAR PRADESH,JAUNPUR,8.54,-,58.56,37.23042779,2018,Aug,23
2018/08/23,UTTAR PRADESH,KANPUR NAGAR,12.35,-,79.15,41.60849917,2018,Aug,23
2018/08/23,UTTAR PRADESH,JHANSI,7.55,-,60.58,43.63084697,2018,Aug,23
2018/08/23,UTTAR PRADESH,SIDDHARTH NAGAR,11.77,-,79.99,38.87707938,2018,Aug,23
2018/08/23,UTTAR PRADESH,MEERUT,9.37,-,60.04,36.51432014,2018,Aug,23
2018/08/23,UTTAR PRADESH,PILIBHIT,13.43,-,87.43,39.24208825,2018,Aug,23
2018/08/23,UTTAR PRADESH,SHAHJAHANPUR,11.62,-,81.84,40.23120533,2018,Aug,23
2018/08/23,UTTAR PRADESH,KANPUR DEHAT,11.8,-,76.35,42.37036822,2018,Aug,23
2018/08/23,UTTAR PRADESH,FIROZABAD,9.96,-,69.02,39.07933463,2018,Aug,23
2018/08/23,UTTAR PRADESH,AYODHYA,11.2,-,79.95,40.78782886,2018,Aug,23
2018/08/23,UTTAR PRADESH,KUSHINAGAR,9.9,-,76.27,37.61498957,2018,Aug,23
2018/08/23,UTTAR PRADESH,JALAUN,2.15,-,19.32,45.07848594,2018,Aug,23
2018/08/23,UTTAR PRADESH,GHAZIABAD,11.66,-,74.42,38.91664752,2018,Aug,23
2018/08/23,UTTAR PRADESH,ETAH,8.03,-,49.7,39.96600744,2018,Aug,23
2018/08/23,UTTAR PRADESH,BALLIA,4.09,-,27.67,28.22254676,2018,Aug,23
2018/08/23,UTTAR PRADESH,UNNAO,14.19,-,95.8,42.06977291,2018,Aug,23
2018/08/23,UTTAR PRADESH,MAU,4.3,-,28.61,28.38838494,2018,Aug,23
2018/08/23,UTTAR PRADESH,SITAPUR,13.45,-,88.15,41.78617646,2018,Aug,23
2018/08/23,UTTAR PRADESH,PRAYAGRAJ,7.3,-,64.39,41.69600952,2018,Aug,23
2018/08/23,UTTAR PRADESH,BAREILLY,12.87,-,84.48,38.93097432,2018,Aug,23
2018/08/23,UTTAR PRADESH,SHRAWASTI,10.01,-,79.68,38.60969255,2018,Aug,23
2018/08/23,UTTAR PRADESH,SULTANPUR,9.6,-,69.36,43.79528198,2018,Aug,23
2018/08/23,UTTAR PRADESH,GONDA,13.11,-,88.64,40.74344019,2018,Aug,23
2018/08/23,UTTAR PRADESH,GAUTAM BUDDHA NAGAR,8.17,-,52.08,36.63276564,2018,Aug,23
2018/08/23,UTTAR PRADESH,KANSIRAM NAGAR,9.71,-,70.38,40.7207901,2018,Aug,23
2018/08/23,UTTAR PRADESH,MAHARAJGANJ,7.92,-,58.35,36.87820956,2018,Aug,23
2018/08/23,UTTAR PRADESH,MAINPURI,13.02,-,85.22,42.04420014,2018,Aug,23
2018/08/23,UTTAR PRADESH,VARANASI,4.81,-,35.72,34.84224237,2018,Aug,23
2018/08/23,UTTAR PRADESH,AURAIYA,12.19,-,82.89,42.10908051,2018,Aug,23
2018/08/22,UTTAR PRADESH,FARRUKHABAD,12.97,-,85.66,38.94272078,2018,Aug,22
2018/08/22,UTTAR PRADESH,LUCKNOW,10.26,-,69.54,33.55967174,2018,Aug,22
2018/08/22,UTTAR PRADESH,KHERI,9.21,-,61.88,32.13484206,2018,Aug,22
2018/08/22,UTTAR PRADESH,CHANDAULI,7.52,-,59.17,37.88488346,2018,Aug,22
2018/08/22,UTTAR PRADESH,AMBEDKAR NAGAR,10.94,-,75.12,40.29233358,2018,Aug,22
2018/08/22,UTTAR PRADESH,BUDAUN,10.27,-,75.01,35.17861433,2018,Aug,22
2018/08/22,UTTAR PRADESH,BALRAMPUR,10.96,-,72.31,33.74406198,2018,Aug,22
2018/08/22,UTTAR PRADESH,BASTI,13.59,-,85.49,38.42521474,2018,Aug,22
2018/08/22,UTTAR PRADESH,RAMPUR,10.94,-,70.32,33.14100036,2018,Aug,22
2018/08/22,UTTAR PRADESH,MIRZAPUR,6.17,-,52.2,39.74509119,2018,Aug,22
2018/08/22,UTTAR PRADESH,JYOTIBA PHULE NAGAR,9.05,-,67.86,33.62269426,2018,Aug,22
2018/08/22,UTTAR PRADESH,LALITPUR,8.62,-,61.89,41.46834042,2018,Aug,22
2018/08/22,UTTAR PRADESH,MAHAMAYA NAGAR,4.26,-,26.49,32.98334286,2018,Aug,22
2018/08/22,UTTAR PRADESH,MATHURA,3.76,-,24.07,31.55581372,2018,Aug,22
2018/08/22,UTTAR PRADESH,MAHOBA,3.95,-,35.51,41.84039381,2018,Aug,22
2018/08/22,UTTAR PRADESH,CHITRAKOOT,5.8,-,53.85,39.51471792,2018,Aug,22
2018/08/22,UTTAR PRADESH,SAHARANPUR,11.62,-,80.73,37.57065108,2018,Aug,22
2018/08/22,UTTAR PRADESH,KANNAUJ,12.87,-,87.48,39.86331312,2018,Aug,22
2018/08/22,UTTAR PRADESH,SANT KABIR NAGAR,12.11,-,83.34,38.46926804,2018,Aug,22
2018/08/22,UTTAR PRADESH,SONBHADRA,5.64,-,39.47,40.47316392,2018,Aug,22
2018/08/22,UTTAR PRADESH,FATEHPUR,11.41,-,79.08,35.95326107,2018,Aug,22
2018/08/22,UTTAR PRADESH,BARA BANKI,11.22,-,72.94,36.55307154,2018,Aug,22
2018/08/22,UTTAR PRADESH,AZAMGARH,5.94,-,39.08,30.96002561,2018,Aug,22
2018/08/22,UTTAR PRADESH,BAGHPAT,6.53,-,44.53,28.8211054,2018,Aug,22
2018/08/22,UTTAR PRADESH,ALIGARH,4.43,-,28.48,31.67040469,2018,Aug,22
2018/08/22,UTTAR PRADESH,HARDOI,10.4,-,69.47,34.99616946,2018,Aug,22
2018/08/22,UTTAR PRADESH,RAE BARELI,10.27,-,74.72,37.21446104,2018,Aug,22
2018/08/22,UTTAR PRADESH,GHAZIPUR,6.79,-,50.36,28.27725541,2018,Aug,22
2018/08/22,UTTAR PRADESH,KAUSHAMBI,13.04,-,89.62,39.58322338,2018,Aug,22
2018/08/22,UTTAR PRADESH,BULANDSHAHR,8.17,-,51.66,31.84674741,2018,Aug,22
2018/08/22,UTTAR PRADESH,DEORIA,9.2,-,60.95,33.13546394,2018,Aug,22
2018/08/22,UTTAR PRADESH,BAHRAICH,9.14,-,69.96,34.13711227,2018,Aug,22
2018/08/22,UTTAR PRADESH,GORAKHPUR,9.3,-,61.21,33.63653939,2018,Aug,22
2018/08/22,UTTAR PRADESH,BIJNOR,10.48,-,72.23,33.26635111,2018,Aug,22
2018/08/22,UTTAR PRADESH,BANDA,4.22,-,39.48,40.85394033,2018,Aug,22
2018/08/22,UTTAR PRADESH,MUZAFFARNAGAR,6.5,-,44.93,31.43462043,2018,Aug,22
2018/08/22,UTTAR PRADESH,SANT RAVI DAS NAGAR(BHADOHI),10.69,-,73.93,41.51718763,2018,Aug,22
2018/08/22,UTTAR PRADESH,HAMIRPUR,1.78,-,17.44,40.22595041,2018,Aug,22
2018/08/22,UTTAR PRADESH,PRATAPGARH,7.53,-,55.14,40.1205398,2018,Aug,22
2018/08/22,UTTAR PRADESH,ETAWAH,11.15,-,75.74,38.58416228,2018,Aug,22
2018/08/22,UTTAR PRADESH,MORADABAD,10.5,-,71.76,35.26916347,2018,Aug,22
2018/08/22,UTTAR PRADESH,AGRA,6.24,-,44.65,35.21992049,2018,Aug,22
2018/08/22,UTTAR PRADESH,JAUNPUR,7.95,-,54.5,36.29726186,2018,Aug,22
2018/08/22,UTTAR PRADESH,KANPUR NAGAR,10.04,-,64.44,36.25416102,2018,Aug,22
2018/08/22,UTTAR PRADESH,JHANSI,7.35,-,58.62,42.61823369,2018,Aug,22
2018/08/22,UTTAR PRADESH,SIDDHARTH NAGAR,11.83,-,80.3,39.03750414,2018,Aug,22
2018/08/22,UTTAR PRADESH,MEERUT,5.08,-,33.12,29.33399375,2018,Aug,22
2018/08/22,UTTAR PRADESH,PILIBHIT,11.26,-,73.83,33.35056642,2018,Aug,22
2018/08/22,UTTAR PRADESH,SHAHJAHANPUR,9.09,-,64.46,33.52491302,2018,Aug,22
2018/08/22,UTTAR PRADESH,KANPUR DEHAT,10.25,-,66.14,39.02477336,2018,Aug,22
2018/08/22,UTTAR PRADESH,FIROZABAD,6.66,-,46.47,34.36052692,2018,Aug,22
2018/08/22,UTTAR PRADESH,AYODHYA,9.83,-,70.23,37.46429237,2018,Aug,22
2018/08/22,UTTAR PRADESH,KUSHINAGAR,9.91,-,76.35,37.85905102,2018,Aug,22
2018/08/22,UTTAR PRADESH,JALAUN,1.5,-,12.73,41.74699944,2018,Aug,22
2018/08/22,UTTAR PRADESH,GHAZIABAD,8.55,-,54.62,32.60936828,2018,Aug,22
2018/08/22,UTTAR PRADESH,ETAH,5.25,-,32.12,35.2828788,2018,Aug,22
2018/08/22,UTTAR PRADESH,BALLIA,4.12,-,27.96,28.62779791,2018,Aug,22
2018/08/22,UTTAR PRADESH,UNNAO,11.93,-,81.04,36.21623299,2018,Aug,22
2018/08/22,UTTAR PRADESH,MAU,4.29,-,28.5,28.96073904,2018,Aug,22
2018/08/22,UTTAR PRADESH,SITAPUR,10.63,-,69.54,35.79119345,2018,Aug,22
2018/08/22,UTTAR PRADESH,PRAYAGRAJ,7.36,-,65.08,41.64288652,2018,Aug,22
2018/08/22,UTTAR PRADESH,BAREILLY,9.4,-,61.43,31.13715672,2018,Aug,22
2018/08/22,UTTAR PRADESH,SHRAWASTI,8.95,-,71.94,34.25578137,2018,Aug,22
2018/08/22,UTTAR PRADESH,SULTANPUR,8.76,-,63.55,40.62176243,2018,Aug,22
2018/08/22,UTTAR PRADESH,GONDA,11.51,-,77.58,36.70477322,2018,Aug,22
2018/08/22,UTTAR PRADESH,GAUTAM BUDDHA NAGAR,5.14,-,32.64,30.8258694,2018,Aug,22
2018/08/22,UTTAR PRADESH,KANSIRAM NAGAR,7.71,-,57.0,36.26081339,2018,Aug,22
2018/08/22,UTTAR PRADESH,MAHARAJGANJ,7.93,-,58.43,36.89335205,2018,Aug,22
2018/08/22,UTTAR PRADESH,MAINPURI,11.21,-,73.03,38.65788867,2018,Aug,22
2018/08/22,UTTAR PRADESH,VARANASI,4.84,-,35.87,35.14402086,2018,Aug,22
2018/08/22,UTTAR PRADESH,AURAIYA,11.07,-,74.98,39.6601655,2018,Aug,22
2018/08/21,UTTAR PRADESH,FARRUKHABAD,12.91,-,85.26,38.67811105,2018,Aug,21
2018/08/21,UTTAR PRADESH,LUCKNOW,10.58,-,71.58,34.37280499,2018,Aug,21
2018/08/21,UTTAR PRADESH,KHERI,9.18,-,61.66,31.97673642,2018,Aug,21
2018/08/21,UTTAR PRADESH,CHANDAULI,7.86,-,61.88,39.09798937,2018,Aug,21
2018/08/21,UTTAR PRADESH,AMBEDKAR NAGAR,10.24,-,70.46,38.77047804,2018,Aug,21
2018/08/21,UTTAR PRADESH,BUDAUN,10.34,-,75.42,35.31611107,2018,Aug,21
2018/08/21,UTTAR PRADESH,BALRAMPUR,11.28,-,74.4,34.56498671,2018,Aug,21
2018/08/21,UTTAR PRADESH,BASTI,13.02,-,81.62,37.25724527,2018,Aug,21
2018/08/21,UTTAR PRADESH,RAMPUR,10.11,-,65.2,30.98819655,2018,Aug,21
2018/08/21,UTTAR PRADESH,MIRZAPUR,6.42,-,54.45,40.76802319,2018,Aug,21
2018/08/21,UTTAR PRADESH,JYOTIBA PHULE NAGAR,9.11,-,68.26,33.72696202,2018,Aug,21
2018/08/21,UTTAR PRADESH,LALITPUR,8.58,-,61.49,41.06704772,2018,Aug,21
2018/08/21,UTTAR PRADESH,MAHAMAYA NAGAR,4.72,-,29.42,31.99839461,2018,Aug,21
2018/08/21,UTTAR PRADESH,MATHURA,4.05,-,25.8,30.66503697,2018,Aug,21
2018/08/21,UTTAR PRADESH,MAHOBA,3.68,-,32.7,40.29401521,2018,Aug,21
2018/08/21,UTTAR PRADESH,CHITRAKOOT,6.18,-,57.61,40.60211898,2018,Aug,21
2018/08/21,UTTAR PRADESH,SAHARANPUR,9.61,-,67.37,32.00037654,2018,Aug,21
2018/08/21,UTTAR PRADESH,KANNAUJ,12.51,-,84.77,39.00530094,2018,Aug,21
2018/08/21,UTTAR PRADESH,SANT KABIR NAGAR,10.54,-,72.34,34.78670525,2018,Aug,21
2018/08/21,UTTAR PRADESH,SONBHADRA,5.96,-,41.47,41.56536057,2018,Aug,21
2018/08/21,UTTAR PRADESH,FATEHPUR,11.31,-,78.5,35.53923824,2018,Aug,21
2018/08/21,UTTAR PRADESH,BARA BANKI,11.66,-,75.71,37.59259042,2018,Aug,21
2018/08/21,UTTAR PRADESH,AZAMGARH,5.71,-,37.53,29.77740277,2018,Aug,21
2018/08/21,UTTAR PRADESH,BAGHPAT,7.23,-,48.91,28.60147778,2018,Aug,21
2018/08/21,UTTAR PRADESH,ALIGARH,4.79,-,30.8,31.7094923,2018,Aug,21
2018/08/21,UTTAR PRADESH,HARDOI,10.19,-,67.95,34.57713866,2018,Aug,21
2018/08/21,UTTAR PRADESH,RAE BARELI,10.06,-,73.31,36.63745128,2018,Aug,21
2018/08/21,UTTAR PRADESH,GHAZIPUR,7.05,-,52.19,29.66890521,2018,Aug,21
2018/08/21,UTTAR PRADESH,KAUSHAMBI,13.34,-,91.56,40.44524272,2018,Aug,21
2018/08/21,UTTAR PRADESH,BULANDSHAHR,8.63,-,54.58,32.78934967,2018,Aug,21
2018/08/21,UTTAR PRADESH,DEORIA,9.14,-,60.71,31.13738227,2018,Aug,21
2018/08/21,UTTAR PRADESH,BAHRAICH,9.55,-,72.78,35.2571823,2018,Aug,21
2018/08/21,UTTAR PRADESH,GORAKHPUR,8.62,-,56.74,30.83590042,2018,Aug,21
2018/08/21,UTTAR PRADESH,BIJNOR,9.73,-,67.08,31.05946864,2018,Aug,21
2018/08/21,UTTAR PRADESH,BANDA,4.28,-,40.13,40.50607646,2018,Aug,21
2018/08/21,UTTAR PRADESH,MUZAFFARNAGAR,5.62,-,39.18,28.33016036,2018,Aug,21
2018/08/21,UTTAR PRADESH,SANT RAVI DAS NAGAR(BHADOHI),10.84,-,74.89,42.0245576,2018,Aug,21
2018/08/21,UTTAR PRADESH,HAMIRPUR,1.71,-,16.6,39.37284108,2018,Aug,21
2018/08/21,UTTAR PRADESH,PRATAPGARH,7.55,-,55.3,40.2327413,2018,Aug,21
2018/08/21,UTTAR PRADESH,ETAWAH,9.97,-,67.41,36.13902008,2018,Aug,21
2018/08/21,UTTAR PRADESH,MORADABAD,10.15,-,69.59,33.76889022,2018,Aug,21
2018/08/21,UTTAR PRADESH,AGRA,5.46,-,38.83,33.1329743,2018,Aug,21
2018/08/21,UTTAR PRADESH,JAUNPUR,8.15,-,55.96,36.54736311,2018,Aug,21
2018/08/21,UTTAR PRADESH,KANPUR NAGAR,9.76,-,62.69,35.56194026,2018,Aug,21
2018/08/21,UTTAR PRADESH,JHANSI,7.21,-,57.49,41.12606443,2018,Aug,21
2018/08/21,UTTAR PRADESH,SIDDHARTH NAGAR,11.74,-,79.64,38.84455592,2018,Aug,21
2018/08/21,UTTAR PRADESH,MEERUT,5.63,-,36.51,29.96327165,2018,Aug,21
2018/08/21,UTTAR PRADESH,PILIBHIT,10.39,-,68.37,30.92925659,2018,Aug,21
2018/08/21,UTTAR PRADESH,SHAHJAHANPUR,9.08,-,64.41,33.3341263,2018,Aug,21
2018/08/21,UTTAR PRADESH,KANPUR DEHAT,10.08,-,65.05,38.67927452,2018,Aug,21
2018/08/21,UTTAR PRADESH,FIROZABAD,6.1,-,42.54,32.80149708,2018,Aug,21
2018/08/21,UTTAR PRADESH,AYODHYA,9.51,-,67.73,36.88992692,2018,Aug,21
2018/08/21,UTTAR PRADESH,KUSHINAGAR,9.47,-,72.85,35.96204045,2018,Aug,21
2018/08/21,UTTAR PRADESH,JALAUN,1.5,-,12.73,41.27194577,2018,Aug,21
2018/08/21,UTTAR PRADESH,GHAZIABAD,9.13,-,58.3,33.96160709,2018,Aug,21
2018/08/21,UTTAR PRADESH,ETAH,5.13,-,31.36,34.42356929,2018,Aug,21
2018/08/21,UTTAR PRADESH,BALLIA,4.41,-,30.11,29.17739234,2018,Aug,21
2018/08/21,UTTAR PRADESH,UNNAO,11.78,-,80.09,35.87134138,2018,Aug,21
2018/08/21,UTTAR PRADESH,MAU,4.23,-,28.22,27.70265521,2018,Aug,21
2018/08/21,UTTAR PRADESH,SITAPUR,10.42,-,68.24,35.42988582,2018,Aug,21
2018/08/21,UTTAR PRADESH,PRAYAGRAJ,7.58,-,66.97,42.58811014,2018,Aug,21
2018/08/21,UTTAR PRADESH,BAREILLY,8.97,-,58.61,29.69792277,2018,Aug,21
2018/08/21,UTTAR PRADESH,SHRAWASTI,9.3,-,74.55,35.50854721,2018,Aug,21
2018/08/21,UTTAR PRADESH,SULTANPUR,8.47,-,61.59,39.69546525,2018,Aug,21
2018/08/21,UTTAR PRADESH,GONDA,11.73,-,79.18,37.25614812,2018,Aug,21
2018/08/21,UTTAR PRADESH,GAUTAM BUDDHA NAGAR,5.68,-,36.14,31.93740733,2018,Aug,21
2018/08/21,UTTAR PRADESH,KANSIRAM NAGAR,7.8,-,57.62,35.96982297,2018,Aug,21
2018/08/21,UTTAR PRADESH,MAHARAJGANJ,7.8,-,57.4,36.53715345,2018,Aug,21
2018/08/21,UTTAR PRADESH,MAINPURI,10.84,-,70.5,37.89280631,2018,Aug,21
2018/08/21,UTTAR PRADESH,VARANASI,4.98,-,36.86,35.99040242,2018,Aug,21
2018/08/21,UTTAR PRADESH,AURAIYA,10.78,-,72.84,39.02516137,2018,Aug,21
2018/08/20,UTTAR PRADESH,FARRUKHABAD,13.91,-,91.56,41.16914687,2018,Aug,20
2018/08/20,UTTAR PRADESH,LUCKNOW,11.03,-,74.59,35.50764747,2018,Aug,20
2018/08/20,UTTAR PRADESH,KHERI,9.54,-,64.02,32.8702262,2018,Aug,20
2018/08/20,UTTAR PRADESH,CHANDAULI,8.02,-,63.28,39.80917557,2018,Aug,20
2018/08/20,UTTAR PRADESH,AMBEDKAR NAGAR,10.75,-,73.94,40.07585452,2018,Aug,20
2018/08/20,UTTAR PRADESH,BUDAUN,11.06,-,80.13,37.63384758,2018,Aug,20
2018/08/20,UTTAR PRADESH,BALRAMPUR,11.43,-,75.31,34.96431252,2018,Aug,20
2018/08/20,UTTAR PRADESH,BASTI,13.12,-,82.29,37.46689487,2018,Aug,20
2018/08/20,UTTAR PRADESH,RAMPUR,10.93,-,70.42,33.01200804,2018,Aug,20
2018/08/20,UTTAR PRADESH,MIRZAPUR,6.46,-,54.83,40.93119635,2018,Aug,20
2018/08/20,UTTAR PRADESH,JYOTIBA PHULE NAGAR,9.66,-,71.87,36.22809754,2018,Aug,20
2018/08/20,UTTAR PRADESH,LALITPUR,8.57,-,61.42,41.23521955,2018,Aug,20
2018/08/20,UTTAR PRADESH,MAHAMAYA NAGAR,7.23,-,45.31,36.80428891,2018,Aug,20
2018/08/20,UTTAR PRADESH,MATHURA,6.35,-,40.86,35.47754684,2018,Aug,20
2018/08/20,UTTAR PRADESH,MAHOBA,4.1,-,37.05,42.4522648,2018,Aug,20
2018/08/20,UTTAR PRADESH,CHITRAKOOT,6.45,-,60.03,41.47047145,2018,Aug,20
2018/08/20,UTTAR PRADESH,SAHARANPUR,10.3,-,71.98,34.09916458,2018,Aug,20
2018/08/20,UTTAR PRADESH,KANNAUJ,13.39,-,91.01,41.46634276,2018,Aug,20
2018/08/20,UTTAR PRADESH,SANT KABIR NAGAR,10.66,-,73.15,35.13794325,2018,Aug,20
2018/08/20,UTTAR PRADESH,SONBHADRA,6.22,-,43.08,42.51691283,2018,Aug,20
2018/08/20,UTTAR PRADESH,FATEHPUR,12.01,-,82.96,37.69988895,2018,Aug,20
2018/08/20,UTTAR PRADESH,BARA BANKI,11.41,-,74.18,37.21788339,2018,Aug,20
2018/08/20,UTTAR PRADESH,AZAMGARH,6.61,-,43.46,32.76164667,2018,Aug,20
2018/08/20,UTTAR PRADESH,BAGHPAT,8.91,-,59.7,31.78309621,2018,Aug,20
2018/08/20,UTTAR PRADESH,ALIGARH,6.02,-,38.44,35.68161689,2018,Aug,20
2018/08/20,UTTAR PRADESH,HARDOI,11.08,-,73.95,36.56846773,2018,Aug,20
2018/08/20,UTTAR PRADESH,RAE BARELI,10.72,-,77.73,38.56811286,2018,Aug,20
2018/08/20,UTTAR PRADESH,GHAZIPUR,7.53,-,55.66,31.82381606,2018,Aug,20
2018/08/20,UTTAR PRADESH,KAUSHAMBI,13.66,-,93.66,41.54565277,2018,Aug,20
2018/08/20,UTTAR PRADESH,BULANDSHAHR,9.96,-,62.89,36.06762568,2018,Aug,20
2018/08/20,UTTAR PRADESH,DEORIA,9.35,-,62.08,32.4814797,2018,Aug,20
2018/08/20,UTTAR PRADESH,BAHRAICH,9.82,-,74.83,36.25738989,2018,Aug,20
2018/08/20,UTTAR PRADESH,GORAKHPUR,8.75,-,57.56,31.47683976,2018,Aug,20
2018/08/20,UTTAR PRADESH,BIJNOR,10.11,-,69.57,32.08932549,2018,Aug,20
2018/08/20,UTTAR PRADESH,BANDA,4.63,-,43.88,42.24885229,2018,Aug,20
2018/08/20,UTTAR PRADESH,MUZAFFARNAGAR,6.31,-,43.7,30.01490479,2018,Aug,20
2018/08/20,UTTAR PRADESH,SANT RAVI DAS NAGAR(BHADOHI),10.82,-,74.81,42.12336031,2018,Aug,20
2018/08/20,UTTAR PRADESH,HAMIRPUR,2.11,-,20.75,42.07495455,2018,Aug,20
2018/08/20,UTTAR PRADESH,PRATAPGARH,8.14,-,59.37,42.07520079,2018,Aug,20
2018/08/20,UTTAR PRADESH,ETAWAH,11.6,-,78.75,39.53013097,2018,Aug,20
2018/08/20,UTTAR PRADESH,MORADABAD,10.92,-,74.61,35.94384509,2018,Aug,20
2018/08/20,UTTAR PRADESH,AGRA,7.51,-,53.81,37.3978525,2018,Aug,20
2018/08/20,UTTAR PRADESH,JAUNPUR,8.88,-,60.81,38.43190839,2018,Aug,20
2018/08/20,UTTAR PRADESH,KANPUR NAGAR,10.72,-,68.81,37.81009245,2018,Aug,20
2018/08/20,UTTAR PRADESH,JHANSI,7.44,-,59.56,43.33810486,2018,Aug,20
2018/08/20,UTTAR PRADESH,SIDDHARTH NAGAR,11.59,-,78.6,38.48881406,2018,Aug,20
2018/08/20,UTTAR PRADESH,MEERUT,6.96,-,44.84,32.59988091,2018,Aug,20
2018/08/20,UTTAR PRADESH,PILIBHIT,10.67,-,70.09,31.79279418,2018,Aug,20
2018/08/20,UTTAR PRADESH,SHAHJAHANPUR,9.66,-,68.52,35.30870542,2018,Aug,20
2018/08/20,UTTAR PRADESH,KANPUR DEHAT,11.14,-,72.01,41.1583239,2018,Aug,20
2018/08/20,UTTAR PRADESH,FIROZABAD,7.98,-,55.52,36.79679068,2018,Aug,20
2018/08/20,UTTAR PRADESH,AYODHYA,9.77,-,69.51,37.50684734,2018,Aug,20
2018/08/20,UTTAR PRADESH,KUSHINAGAR,9.77,-,75.18,36.76074993,2018,Aug,20
2018/08/20,UTTAR PRADESH,JALAUN,1.59,-,13.64,44.45859611,2018,Aug,20
2018/08/20,UTTAR PRADESH,GHAZIABAD,10.51,-,67.06,36.96884012,2018,Aug,20
2018/08/20,UTTAR PRADESH,ETAH,6.43,-,39.37,38.29706594,2018,Aug,20
2018/08/20,UTTAR PRADESH,BALLIA,4.53,-,30.94,30.13818566,2018,Aug,20
2018/08/20,UTTAR PRADESH,UNNAO,12.57,-,85.22,37.79102207,2018,Aug,20
2018/08/20,UTTAR PRADESH,MAU,4.54,-,30.28,29.71697387,2018,Aug,20
2018/08/20,UTTAR PRADESH,SITAPUR,11.21,-,73.43,37.06447175,2018,Aug,20
2018/08/20,UTTAR PRADESH,PRAYAGRAJ,7.66,-,67.67,43.03563141,2018,Aug,20
2018/08/20,UTTAR PRADESH,BAREILLY,9.54,-,62.46,31.78402273,2018,Aug,20
2018/08/20,UTTAR PRADESH,SHRAWASTI,9.55,-,76.4,36.82747035,2018,Aug,20
2018/08/20,UTTAR PRADESH,SULTANPUR,8.91,-,64.5,41.37387352,2018,Aug,20
2018/08/20,UTTAR PRADESH,GONDA,11.9,-,80.39,37.76319239,2018,Aug,20
2018/08/20,UTTAR PRADESH,GAUTAM BUDDHA NAGAR,6.88,-,43.78,35.55908649,2018,Aug,20
2018/08/20,UTTAR PRADESH,KANSIRAM NAGAR,8.47,-,62.08,39.05320875,2018,Aug,20
2018/08/20,UTTAR PRADESH,MAHARAJGANJ,7.52,-,55.36,35.57043064,2018,Aug,20
2018/08/20,UTTAR PRADESH,MAINPURI,12.24,-,79.83,40.80408709,2018,Aug,20
2018/08/20,UTTAR PRADESH,VARANASI,5.18,-,38.12,37.71340717,2018,Aug,20
2018/08/20,UTTAR PRADESH,AURAIYA,11.98,-,81.23,41.68355004,2018,Aug,20
2018/08/19,UTTAR PRADESH,FARRUKHABAD,11.83,-,78.4,36.46250115,2018,Aug,19
2018/08/19,UTTAR PRADESH,LUCKNOW,10.64,-,71.94,34.62358171,2018,Aug,19
2018/08/19,UTTAR PRADESH,KHERI,9.8,-,65.7,33.34247378,2018,Aug,19
2018/08/19,UTTAR PRADESH,CHANDAULI,7.64,-,60.31,38.69538956,2018,Aug,19
2018/08/19,UTTAR PRADESH,AMBEDKAR NAGAR,10.39,-,71.51,39.22065224,2018,Aug,19
2018/08/19,UTTAR PRADESH,BUDAUN,9.87,-,72.36,33.55268023,2018,Aug,19
2018/08/19,UTTAR PRADESH,BALRAMPUR,10.88,-,71.74,33.56264956,2018,Aug,19
2018/08/19,UTTAR PRADESH,BASTI,12.29,-,77.13,35.65681297,2018,Aug,19
2018/08/19,UTTAR PRADESH,RAMPUR,9.85,-,63.45,30.32484716,2018,Aug,19
2018/08/19,UTTAR PRADESH,MIRZAPUR,6.21,-,52.7,39.99766903,2018,Aug,19
2018/08/19,UTTAR PRADESH,JYOTIBA PHULE NAGAR,9.08,-,68.03,34.91432791,2018,Aug,19
2018/08/19,UTTAR PRADESH,LALITPUR,8.5,-,60.88,40.90832477,2018,Aug,19
2018/08/19,UTTAR PRADESH,MAHAMAYA NAGAR,4.27,-,26.48,34.63583023,2018,Aug,19
2018/08/19,UTTAR PRADESH,MATHURA,3.96,-,25.24,34.84280228,2018,Aug,19
2018/08/19,UTTAR PRADESH,MAHOBA,3.65,-,32.57,40.43463474,2018,Aug,19
2018/08/19,UTTAR PRADESH,CHITRAKOOT,6.2,-,57.72,40.86991645,2018,Aug,19
2018/08/19,UTTAR PRADESH,SAHARANPUR,10.56,-,73.85,34.98607076,2018,Aug,19
2018/08/19,UTTAR PRADESH,KANNAUJ,10.46,-,70.35,34.27690834,2018,Aug,19
2018/08/19,UTTAR PRADESH,SANT KABIR NAGAR,10.01,-,68.7,33.79374297,2018,Aug,19
2018/08/19,UTTAR PRADESH,SONBHADRA,4.78,-,34.11,39.51053994,2018,Aug,19
2018/08/19,UTTAR PRADESH,FATEHPUR,11.55,-,79.95,36.25855934,2018,Aug,19
2018/08/19,UTTAR PRADESH,BARA BANKI,10.63,-,69.25,35.37351696,2018,Aug,19
2018/08/19,UTTAR PRADESH,AZAMGARH,5.73,-,37.74,32.79359173,2018,Aug,19
2018/08/19,UTTAR PRADESH,BAGHPAT,10.16,-,67.28,35.83880363,2018,Aug,19
2018/08/19,UTTAR PRADESH,ALIGARH,3.73,-,24.07,34.16321998,2018,Aug,19
2018/08/19,UTTAR PRADESH,HARDOI,9.65,-,64.43,33.39934627,2018,Aug,19
2018/08/19,UTTAR PRADESH,RAE BARELI,9.89,-,72.1,36.26863861,2018,Aug,19
2018/08/19,UTTAR PRADESH,GHAZIPUR,6.73,-,49.98,30.02076786,2018,Aug,19
2018/08/19,UTTAR PRADESH,KAUSHAMBI,12.86,-,88.47,39.1669684,2018,Aug,19
2018/08/19,UTTAR PRADESH,BULANDSHAHR,8.37,-,52.9,34.57433493,2018,Aug,19
2018/08/19,UTTAR PRADESH,DEORIA,9.24,-,61.35,31.48179344,2018,Aug,19
2018/08/19,UTTAR PRADESH,BAHRAICH,9.22,-,70.51,34.25275754,2018,Aug,19
2018/08/19,UTTAR PRADESH,GORAKHPUR,8.67,-,57.01,31.13139933,2018,Aug,19
2018/08/19,UTTAR PRADESH,BIJNOR,9.97,-,68.68,31.71154012,2018,Aug,19
2018/08/19,UTTAR PRADESH,BANDA,4.57,-,43.24,42.03126545,2018,Aug,19
2018/08/19,UTTAR PRADESH,MUZAFFARNAGAR,7.64,-,52.29,33.09298837,2018,Aug,19
2018/08/19,UTTAR PRADESH,SANT RAVI DAS NAGAR(BHADOHI),10.37,-,71.82,41.11875368,2018,Aug,19
2018/08/19,UTTAR PRADESH,HAMIRPUR,1.7,-,16.62,40.12050453,2018,Aug,19
2018/08/19,UTTAR PRADESH,PRATAPGARH,7.0,-,51.39,38.79443334,2018,Aug,19
2018/08/19,UTTAR PRADESH,ETAWAH,9.3,-,62.99,35.67192938,2018,Aug,19
2018/08/19,UTTAR PRADESH,MORADABAD,9.56,-,65.69,32.19926106,2018,Aug,19
2018/08/19,UTTAR PRADESH,AGRA,6.22,-,44.76,36.05821879,2018,Aug,19
2018/08/19,UTTAR PRADESH,JAUNPUR,7.81,-,53.42,37.504917,2018,Aug,19
2018/08/19,UTTAR PRADESH,KANPUR NAGAR,9.97,-,63.96,36.07631486,2018,Aug,19
2018/08/19,UTTAR PRADESH,JHANSI,7.0,-,55.41,41.99846263,2018,Aug,19
2018/08/19,UTTAR PRADESH,SIDDHARTH NAGAR,10.8,-,73.1,36.60996952,2018,Aug,19
2018/08/19,UTTAR PRADESH,MEERUT,9.4,-,60.21,36.73469615,2018,Aug,19
2018/08/19,UTTAR PRADESH,PILIBHIT,10.81,-,70.97,32.14767543,2018,Aug,19
2018/08/19,UTTAR PRADESH,SHAHJAHANPUR,9.49,-,67.21,34.96659787,2018,Aug,19
2018/08/19,UTTAR PRADESH,KANPUR DEHAT,9.29,-,59.95,36.8881529,2018,Aug,19
2018/08/19,UTTAR PRADESH,FIROZABAD,7.04,-,49.66,35.77684163,2018,Aug,19
2018/08/19,UTTAR PRADESH,AYODHYA,9.19,-,65.52,36.10725418,2018,Aug,19
2018/08/19,UTTAR PRADESH,KUSHINAGAR,9.53,-,73.27,36.16491249,2018,Aug,19
2018/08/19,UTTAR PRADESH,JALAUN,1.22,-,9.78,41.92749452,2018,Aug,19
2018/08/19,UTTAR PRADESH,GHAZIABAD,10.93,-,69.7,38.50576652,2018,Aug,19
2018/08/19,UTTAR PRADESH,ETAH,4.35,-,26.34,34.88958106,2018,Aug,19
2018/08/19,UTTAR PRADESH,BALLIA,4.22,-,28.66,28.74479647,2018,Aug,19
2018/08/19,UTTAR PRADESH,UNNAO,11.99,-,81.48,36.61324356,2018,Aug,19
2018/08/19,UTTAR PRADESH,MAU,4.15,-,27.61,28.3803914,2018,Aug,19
2018/08/19,UTTAR PRADESH,SITAPUR,10.17,-,66.66,34.86126152,2018,Aug,19
2018/08/19,UTTAR PRADESH,PRAYAGRAJ,7.49,-,66.21,42.17240262,2018,Aug,19
2018/08/19,UTTAR PRADESH,BAREILLY,9.1,-,59.45,30.66678629,2018,Aug,19
2018/08/19,UTTAR PRADESH,SHRAWASTI,9.03,-,72.63,34.40089992,2018,Aug,19
2018/08/19,UTTAR PRADESH,SULTANPUR,8.44,-,61.04,39.96763199,2018,Aug,19
2018/08/19,UTTAR PRADESH,GONDA,11.05,-,74.62,35.7125322,2018,Aug,19
2018/08/19,UTTAR PRADESH,GAUTAM BUDDHA NAGAR,5.8,-,36.96,35.96977637,2018,Aug,19
2018/08/19,UTTAR PRADESH,KANSIRAM NAGAR,6.86,-,51.27,35.00152236,2018,Aug,19
2018/08/19,UTTAR PRADESH,MAHARAJGANJ,7.44,-,54.72,35.21014709,2018,Aug,19
2018/08/19,UTTAR PRADESH,MAINPURI,10.2,-,65.79,37.21347933,2018,Aug,19
2018/08/19,UTTAR PRADESH,VARANASI,4.53,-,33.41,37.39141879,2018,Aug,19
2018/08/19,UTTAR PRADESH,AURAIYA,9.99,-,67.51,37.54918035,2018,Aug,19
2018/08/18,UTTAR PRADESH,FARRUKHABAD,10.73,-,71.32,33.28795703,2018,Aug,18
2018/08/18,UTTAR PRADESH,LUCKNOW,10.96,-,74.1,35.39023291,2018,Aug,18
2018/08/18,UTTAR PRADESH,KHERI,10.59,-,70.81,35.20773801,2018,Aug,18
2018/08/18,UTTAR PRADESH,CHANDAULI,6.29,-,49.03,34.15327144,2018,Aug,18
2018/08/18,UTTAR PRADESH,AMBEDKAR NAGAR,8.03,-,55.37,31.80730703,2018,Aug,18
2018/08/18,UTTAR PRADESH,BUDAUN,9.42,-,69.34,31.22583592,2018,Aug,18
2018/08/18,UTTAR PRADESH,BALRAMPUR,10.76,-,70.86,33.18442456,2018,Aug,18
2018/08/18,UTTAR PRADESH,BASTI,11.26,-,70.76,33.49334094,2018,Aug,18
2018/08/18,UTTAR PRADESH,RAMPUR,10.21,-,65.66,31.36233407,2018,Aug,18
2018/08/18,UTTAR PRADESH,MIRZAPUR,5.16,-,43.59,35.94966341,2018,Aug,18
2018/08/18,UTTAR PRADESH,JYOTIBA PHULE NAGAR,8.16,-,61.95,28.80875841,2018,Aug,18
2018/08/18,UTTAR PRADESH,LALITPUR,8.57,-,61.4,41.1053736,2018,Aug,18
2018/08/18,UTTAR PRADESH,MAHAMAYA NAGAR,3.5,-,21.68,29.82419379,2018,Aug,18
2018/08/18,UTTAR PRADESH,MATHURA,1.56,-,9.96,26.68649444,2018,Aug,18
2018/08/18,UTTAR PRADESH,MAHOBA,3.17,-,27.59,37.40162151,2018,Aug,18
2018/08/18,UTTAR PRADESH,CHITRAKOOT,4.94,-,45.77,37.37533564,2018,Aug,18
2018/08/18,UTTAR PRADESH,SAHARANPUR,10.57,-,73.9,35.13713904,2018,Aug,18
2018/08/18,UTTAR PRADESH,KANNAUJ,9.97,-,66.98,32.77689669,2018,Aug,18
2018/08/18,UTTAR PRADESH,SANT KABIR NAGAR,9.56,-,65.49,32.43171603,2018,Aug,18
2018/08/18,UTTAR PRADESH,SONBHADRA,4.44,-,31.52,37.56291749,2018,Aug,18
2018/08/18,UTTAR PRADESH,FATEHPUR,10.65,-,74.15,33.4276905,2018,Aug,18
2018/08/18,UTTAR PRADESH,BARA BANKI,10.73,-,69.91,35.54949396,2018,Aug,18
2018/08/18,UTTAR PRADESH,AZAMGARH,4.22,-,27.69,25.10750633,2018,Aug,18
2018/08/18,UTTAR PRADESH,BAGHPAT,3.15,-,22.17,26.73607789,2018,Aug,18
2018/08/18,UTTAR PRADESH,ALIGARH,2.57,-,16.86,27.84482552,2018,Aug,18
2018/08/18,UTTAR PRADESH,HARDOI,9.64,-,64.48,33.33136895,2018,Aug,18
2018/08/18,UTTAR PRADESH,RAE BARELI,8.78,-,64.65,32.8129998,2018,Aug,18
2018/08/18,UTTAR PRADESH,GHAZIPUR,5.98,-,44.63,25.18833567,2018,Aug,18
2018/08/18,UTTAR PRADESH,KAUSHAMBI,12.08,-,83.44,36.44949248,2018,Aug,18
2018/08/18,UTTAR PRADESH,BULANDSHAHR,6.12,-,38.81,27.91541385,2018,Aug,18
2018/08/18,UTTAR PRADESH,DEORIA,9.23,-,61.42,29.82767627,2018,Aug,18
2018/08/18,UTTAR PRADESH,BAHRAICH,9.47,-,72.29,35.16317678,2018,Aug,18
2018/08/18,UTTAR PRADESH,GORAKHPUR,8.61,-,56.7,30.03975172,2018,Aug,18
2018/08/18,UTTAR PRADESH,BIJNOR,10.16,-,70.08,31.82327218,2018,Aug,18
2018/08/18,UTTAR PRADESH,BANDA,4.16,-,38.95,40.44188034,2018,Aug,18
2018/08/18,UTTAR PRADESH,MUZAFFARNAGAR,5.47,-,38.3,28.99377068,2018,Aug,18
2018/08/18,UTTAR PRADESH,SANT RAVI DAS NAGAR(BHADOHI),8.75,-,60.94,36.42320545,2018,Aug,18
2018/08/18,UTTAR PRADESH,HAMIRPUR,1.49,-,14.47,38.90826085,2018,Aug,18
2018/08/18,UTTAR PRADESH,PRATAPGARH,5.76,-,42.62,34.55231222,2018,Aug,18
2018/08/18,UTTAR PRADESH,ETAWAH,8.2,-,55.62,32.42045754,2018,Aug,18
2018/08/18,UTTAR PRADESH,MORADABAD,9.14,-,62.97,30.74606646,2018,Aug,18
2018/08/18,UTTAR PRADESH,AGRA,4.26,-,30.32,31.25171149,2018,Aug,18
2018/08/18,UTTAR PRADESH,JAUNPUR,5.07,-,34.94,30.44010201,2018,Aug,18
2018/08/18,UTTAR PRADESH,KANPUR NAGAR,9.03,-,58.0,33.91380144,2018,Aug,18
2018/08/18,UTTAR PRADESH,JHANSI,6.53,-,51.28,38.79605003,2018,Aug,18
2018/08/18,UTTAR PRADESH,SIDDHARTH NAGAR,10.17,-,68.72,35.16557158,2018,Aug,18
2018/08/18,UTTAR PRADESH,MEERUT,3.65,-,24.14,26.50898874,2018,Aug,18
2018/08/18,UTTAR PRADESH,PILIBHIT,11.29,-,73.94,33.20049803,2018,Aug,18
2018/08/18,UTTAR PRADESH,SHAHJAHANPUR,8.7,-,61.43,32.22978631,2018,Aug,18
2018/08/18,UTTAR PRADESH,KANPUR DEHAT,8.14,-,52.6,34.02008993,2018,Aug,18
2018/08/18,UTTAR PRADESH,FIROZABAD,4.99,-,35.19,30.89943688,2018,Aug,18
2018/08/18,UTTAR PRADESH,AYODHYA,8.22,-,58.41,33.40584501,2018,Aug,18
2018/08/18,UTTAR PRADESH,KUSHINAGAR,9.33,-,71.76,35.3169136,2018,Aug,18
2018/08/18,UTTAR PRADESH,JALAUN,1.04,-,8.06,39.70442516,2018,Aug,18
2018/08/18,UTTAR PRADESH,GHAZIABAD,5.83,-,37.3,26.25899477,2018,Aug,18
2018/08/18,UTTAR PRADESH,ETAH,3.56,-,21.57,30.4878131,2018,Aug,18
2018/08/18,UTTAR PRADESH,BALLIA,3.97,-,26.8,26.9345099,2018,Aug,18
2018/08/18,UTTAR PRADESH,UNNAO,11.1,-,75.66,34.31191072,2018,Aug,18
2018/08/18,UTTAR PRADESH,MAU,4.09,-,27.23,25.03898387,2018,Aug,18
2018/08/18,UTTAR PRADESH,SITAPUR,10.92,-,71.55,36.40368249,2018,Aug,18
2018/08/18,UTTAR PRADESH,PRAYAGRAJ,6.45,-,57.17,38.06761392,2018,Aug,18
2018/08/18,UTTAR PRADESH,BAREILLY,9.41,-,61.33,31.58864801,2018,Aug,18
2018/08/18,UTTAR PRADESH,SHRAWASTI,9.21,-,74.17,34.85147405,2018,Aug,18
2018/08/18,UTTAR PRADESH,SULTANPUR,6.72,-,49.51,33.62416815,2018,Aug,18
2018/08/18,UTTAR PRADESH,GONDA,10.8,-,72.91,35.13245266,2018,Aug,18
2018/08/18,UTTAR PRADESH,GAUTAM BUDDHA NAGAR,3.34,-,21.3,26.04098237,2018,Aug,18
2018/08/18,UTTAR PRADESH,KANSIRAM NAGAR,6.58,-,49.31,31.17509467,2018,Aug,18
2018/08/18,UTTAR PRADESH,MAHARAJGANJ,7.27,-,53.41,34.35615291,2018,Aug,18
2018/08/18,UTTAR PRADESH,MAINPURI,8.04,-,51.72,32.32985782,2018,Aug,18
2018/08/18,UTTAR PRADESH,VARANASI,3.23,-,24.45,32.17127509,2018,Aug,18
2018/08/18,UTTAR PRADESH,AURAIYA,8.44,-,57.19,33.9017914,2018,Aug,18
2018/08/17,UTTAR PRADESH,FARRUKHABAD,11.84,-,78.44,36.00592243,2018,Aug,17
2018/08/17,UTTAR PRADESH,LUCKNOW,12.11,-,81.74,38.1854773,2018,Aug,17
2018/08/17,UTTAR PRADESH,KHERI,11.04,-,73.69,36.31868741,2018,Aug,17
2018/08/17,UTTAR PRADESH,CHANDAULI,6.58,-,51.41,35.18103683,2018,Aug,17
2018/08/17,UTTAR PRADESH,AMBEDKAR NAGAR,8.86,-,61.03,34.52823362,2018,Aug,17
2018/08/17,UTTAR PRADESH,BUDAUN,10.04,-,73.47,33.3371581,2018,Aug,17
2018/08/17,UTTAR PRADESH,BALRAMPUR,11.61,-,76.43,34.98426464,2018,Aug,17
2018/08/17,UTTAR PRADESH,BASTI,12.57,-,79.03,36.24169739,2018,Aug,17
2018/08/17,UTTAR PRADESH,RAMPUR,11.16,-,71.71,33.42673038,2018,Aug,17
2018/08/17,UTTAR PRADESH,MIRZAPUR,5.47,-,46.22,37.06817571,2018,Aug,17
2018/08/17,UTTAR PRADESH,JYOTIBA PHULE NAGAR,8.47,-,64.0,30.26264312,2018,Aug,17
2018/08/17,UTTAR PRADESH,LALITPUR,8.55,-,61.22,40.96258711,2018,Aug,17
2018/08/17,UTTAR PRADESH,MAHAMAYA NAGAR,4.25,-,26.33,31.48957576,2018,Aug,17
2018/08/17,UTTAR PRADESH,MATHURA,1.91,-,12.16,28.24537697,2018,Aug,17
2018/08/17,UTTAR PRADESH,MAHOBA,3.23,-,28.27,37.72698293,2018,Aug,17
2018/08/17,UTTAR PRADESH,CHITRAKOOT,5.19,-,48.08,38.06869973,2018,Aug,17
2018/08/17,UTTAR PRADESH,SAHARANPUR,11.12,-,77.61,36.80344286,2018,Aug,17
2018/08/17,UTTAR PRADESH,KANNAUJ,10.89,-,73.29,35.11879268,2018,Aug,17
2018/08/17,UTTAR PRADESH,SANT KABIR NAGAR,10.68,-,73.2,34.96509903,2018,Aug,17
2018/08/17,UTTAR PRADESH,SONBHADRA,4.64,-,32.91,38.06335147,2018,Aug,17
2018/08/17,UTTAR PRADESH,FATEHPUR,11.52,-,79.75,35.78669589,2018,Aug,17
2018/08/17,UTTAR PRADESH,BARA BANKI,11.92,-,77.45,38.45277299,2018,Aug,17
2018/08/17,UTTAR PRADESH,AZAMGARH,4.51,-,29.59,26.45395884,2018,Aug,17
2018/08/17,UTTAR PRADESH,BAGHPAT,3.04,-,21.44,27.68284669,2018,Aug,17
2018/08/17,UTTAR PRADESH,ALIGARH,2.92,-,19.03,29.09608644,2018,Aug,17
2018/08/17,UTTAR PRADESH,HARDOI,10.79,-,72.33,35.84820779,2018,Aug,17
2018/08/17,UTTAR PRADESH,RAE BARELI,9.69,-,70.85,35.37794706,2018,Aug,17
2018/08/17,UTTAR PRADESH,GHAZIPUR,6.28,-,46.77,26.56235213,2018,Aug,17
2018/08/17,UTTAR PRADESH,KAUSHAMBI,12.73,-,87.63,38.320432,2018,Aug,17
2018/08/17,UTTAR PRADESH,BULANDSHAHR,6.55,-,41.49,29.16292779,2018,Aug,17
2018/08/17,UTTAR PRADESH,DEORIA,9.66,-,64.22,31.79426958,2018,Aug,17
2018/08/17,UTTAR PRADESH,BAHRAICH,10.13,-,76.95,37.01485827,2018,Aug,17
2018/08/17,UTTAR PRADESH,GORAKHPUR,9.43,-,62.5,32.35009173,2018,Aug,17
2018/08/17,UTTAR PRADESH,BIJNOR,10.61,-,73.09,33.08475366,2018,Aug,17
2018/08/17,UTTAR PRADESH,BANDA,3.96,-,36.84,39.31163636,2018,Aug,17
2018/08/17,UTTAR PRADESH,MUZAFFARNAGAR,5.95,-,41.43,31.00778417,2018,Aug,17
2018/08/17,UTTAR PRADESH,SANT RAVI DAS NAGAR(BHADOHI),9.36,-,65.03,38.17414071,2018,Aug,17
2018/08/17,UTTAR PRADESH,HAMIRPUR,1.25,-,11.88,37.21072279,2018,Aug,17
2018/08/17,UTTAR PRADESH,PRATAPGARH,6.44,-,47.47,36.61474912,2018,Aug,17
2018/08/17,UTTAR PRADESH,ETAWAH,9.17,-,62.24,34.97548838,2018,Aug,17
2018/08/17,UTTAR PRADESH,MORADABAD,9.75,-,66.95,32.60010843,2018,Aug,17
2018/08/17,UTTAR PRADESH,AGRA,5.43,-,39.01,34.43502858,2018,Aug,17
2018/08/17,UTTAR PRADESH,JAUNPUR,5.59,-,38.51,32.2102221,2018,Aug,17
2018/08/17,UTTAR PRADESH,KANPUR NAGAR,10.07,-,64.66,36.2422386,2018,Aug,17
2018/08/17,UTTAR PRADESH,JHANSI,6.61,-,52.02,38.60914695,2018,Aug,17
2018/08/17,UTTAR PRADESH,SIDDHARTH NAGAR,11.18,-,75.71,37.50072539,2018,Aug,17
2018/08/17,UTTAR PRADESH,MEERUT,3.91,-,25.78,27.46528255,2018,Aug,17
2018/08/17,UTTAR PRADESH,PILIBHIT,11.84,-,77.39,34.63988408,2018,Aug,17
2018/08/17,UTTAR PRADESH,SHAHJAHANPUR,8.98,-,63.34,33.08688402,2018,Aug,17
2018/08/17,UTTAR PRADESH,KANPUR DEHAT,9.14,-,59.05,36.38739106,2018,Aug,17
2018/08/17,UTTAR PRADESH,FIROZABAD,6.15,-,43.49,33.88622494,2018,Aug,17
2018/08/17,UTTAR PRADESH,AYODHYA,9.23,-,65.56,36.16882531,2018,Aug,17
2018/08/17,UTTAR PRADESH,KUSHINAGAR,10.03,-,77.34,37.58909973,2018,Aug,17
2018/08/17,UTTAR PRADESH,JALAUN,1.08,-,8.42,38.80453118,2018,Aug,17
2018/08/17,UTTAR PRADESH,GHAZIABAD,5.95,-,38.05,27.04513353,2018,Aug,17
2018/08/17,UTTAR PRADESH,ETAH,4.02,-,24.37,32.22444398,2018,Aug,17
2018/08/17,UTTAR PRADESH,BALLIA,4.42,-,30.04,28.51585745,2018,Aug,17
2018/08/17,UTTAR PRADESH,UNNAO,12.17,-,82.69,36.87245553,2018,Aug,17
2018/08/17,UTTAR PRADESH,MAU,4.33,-,28.82,26.33409478,2018,Aug,17
2018/08/17,UTTAR PRADESH,SITAPUR,12.1,-,79.3,38.89196658,2018,Aug,17
2018/08/17,UTTAR PRADESH,PRAYAGRAJ,6.85,-,60.63,39.7317057,2018,Aug,17
2018/08/17,UTTAR PRADESH,BAREILLY,10.23,-,66.77,33.44097141,2018,Aug,17
2018/08/17,UTTAR PRADESH,SHRAWASTI,9.6,-,77.14,36.73455528,2018,Aug,17
2018/08/17,UTTAR PRADESH,SULTANPUR,7.41,-,54.34,36.1432911,2018,Aug,17
2018/08/17,UTTAR PRADESH,GONDA,11.95,-,80.77,37.78028324,2018,Aug,17
2018/08/17,UTTAR PRADESH,GAUTAM BUDDHA NAGAR,3.38,-,21.57,26.6533247,2018,Aug,17
2018/08/17,UTTAR PRADESH,KANSIRAM NAGAR,7.08,-,52.78,33.25943735,2018,Aug,17
2018/08/17,UTTAR PRADESH,MAHARAJGANJ,7.91,-,58.28,36.16349739,2018,Aug,17
2018/08/17,UTTAR PRADESH,MAINPURI,9.16,-,59.07,34.81583285,2018,Aug,17
2018/08/17,UTTAR PRADESH,VARANASI,3.54,-,26.57,33.89306781,2018,Aug,17
2018/08/17,UTTAR PRADESH,AURAIYA,9.49,-,64.22,36.28732377,2018,Aug,17
2018/08/16,UTTAR PRADESH,FARRUKHABAD,12.41,-,82.18,37.68984314,2018,Aug,16
2018/08/16,UTTAR PRADESH,LUCKNOW,13.09,-,88.34,40.4970229,2018,Aug,16
2018/08/16,UTTAR PRADESH,KHERI,11.73,-,78.19,37.89689488,2018,Aug,16
2018/08/16,UTTAR PRADESH,CHANDAULI,7.26,-,56.88,37.48110915,2018,Aug,16
2018/08/16,UTTAR PRADESH,AMBEDKAR NAGAR,9.8,-,67.32,37.36939629,2018,Aug,16
2018/08/16,UTTAR PRADESH,BUDAUN,10.93,-,79.27,36.06168999,2018,Aug,16
2018/08/16,UTTAR PRADESH,BALRAMPUR,12.85,-,84.4,37.79328616,2018,Aug,16
2018/08/16,UTTAR PRADESH,BASTI,14.01,-,88.1,39.2607922,2018,Aug,16
2018/08/16,UTTAR PRADESH,RAMPUR,11.91,-,76.49,34.99953633,2018,Aug,16
2018/08/16,UTTAR PRADESH,MIRZAPUR,6.23,-,52.8,40.03840476,2018,Aug,16
2018/08/16,UTTAR PRADESH,JYOTIBA PHULE NAGAR,8.81,-,66.22,31.97615163,2018,Aug,16
2018/08/16,UTTAR PRADESH,LALITPUR,8.54,-,61.11,40.74674942,2018,Aug,16
2018/08/16,UTTAR PRADESH,MAHAMAYA NAGAR,5.7,-,35.51,33.79093842,2018,Aug,16
2018/08/16,UTTAR PRADESH,MATHURA,2.31,-,14.81,30.14619627,2018,Aug,16
2018/08/16,UTTAR PRADESH,MAHOBA,3.74,-,33.44,40.80879477,2018,Aug,16
2018/08/16,UTTAR PRADESH,CHITRAKOOT,6.22,-,58.0,41.13308724,2018,Aug,16
2018/08/16,UTTAR PRADESH,SAHARANPUR,9.37,-,65.69,31.17014428,2018,Aug,16
2018/08/16,UTTAR PRADESH,KANNAUJ,11.34,-,76.4,36.30226793,2018,Aug,16
2018/08/16,UTTAR PRADESH,SANT KABIR NAGAR,11.99,-,82.38,37.88522806,2018,Aug,16
2018/08/16,UTTAR PRADESH,SONBHADRA,5.28,-,37.22,40.86652704,2018,Aug,16
2018/08/16,UTTAR PRADESH,FATEHPUR,12.56,-,86.36,38.84547889,2018,Aug,16
2018/08/16,UTTAR PRADESH,BARA BANKI,13.0,-,84.29,41.04563604,2018,Aug,16
2018/08/16,UTTAR PRADESH,AZAMGARH,4.88,-,32.01,28.24666509,2018,Aug,16
2018/08/16,UTTAR PRADESH,BAGHPAT,2.94,-,20.69,25.98038854,2018,Aug,16
2018/08/16,UTTAR PRADESH,ALIGARH,3.31,-,21.51,30.88242485,2018,Aug,16
2018/08/16,UTTAR PRADESH,HARDOI,11.94,-,80.08,38.26759352,2018,Aug,16
2018/08/16,UTTAR PRADESH,RAE BARELI,10.62,-,77.16,38.1247245,2018,Aug,16
2018/08/16,UTTAR PRADESH,GHAZIPUR,6.68,-,49.62,28.64295056,2018,Aug,16
2018/08/16,UTTAR PRADESH,KAUSHAMBI,13.63,-,93.44,41.31192836,2018,Aug,16
2018/08/16,UTTAR PRADESH,BULANDSHAHR,7.06,-,44.7,31.20507628,2018,Aug,16
2018/08/16,UTTAR PRADESH,DEORIA,10.12,-,67.14,34.15392639,2018,Aug,16
2018/08/16,UTTAR PRADESH,BAHRAICH,10.86,-,82.04,39.28954854,2018,Aug,16
2018/08/16,UTTAR PRADESH,GORAKHPUR,10.43,-,69.51,34.94216198,2018,Aug,16
2018/08/16,UTTAR PRADESH,BIJNOR,10.9,-,75.01,33.7410081,2018,Aug,16
2018/08/16,UTTAR PRADESH,BANDA,4.63,-,43.73,42.31253623,2018,Aug,16
2018/08/16,UTTAR PRADESH,MUZAFFARNAGAR,5.26,-,36.71,28.5764732,2018,Aug,16
2018/08/16,UTTAR PRADESH,SANT RAVI DAS NAGAR(BHADOHI),10.29,-,71.34,41.01875525,2018,Aug,16
2018/08/16,UTTAR PRADESH,HAMIRPUR,1.66,-,16.12,39.87976264,2018,Aug,16
2018/08/16,UTTAR PRADESH,PRATAPGARH,7.36,-,53.93,39.40747011,2018,Aug,16
2018/08/16,UTTAR PRADESH,ETAWAH,8.8,-,59.51,34.19396845,2018,Aug,16
2018/08/16,UTTAR PRADESH,MORADABAD,10.47,-,71.56,34.58786748,2018,Aug,16
2018/08/16,UTTAR PRADESH,AGRA,4.45,-,31.63,32.06959476,2018,Aug,16
2018/08/16,UTTAR PRADESH,JAUNPUR,6.32,-,43.59,34.48240965,2018,Aug,16
2018/08/16,UTTAR PRADESH,KANPUR NAGAR,10.88,-,69.81,38.16238715,2018,Aug,16
2018/08/16,UTTAR PRADESH,JHANSI,6.96,-,55.04,41.41403108,2018,Aug,16
2018/08/16,UTTAR PRADESH,SIDDHARTH NAGAR,12.41,-,84.29,40.37115055,2018,Aug,16
2018/08/16,UTTAR PRADESH,MEERUT,4.17,-,27.4,28.26543907,2018,Aug,16
2018/08/16,UTTAR PRADESH,PILIBHIT,12.28,-,80.1,35.63248395,2018,Aug,16
2018/08/16,UTTAR PRADESH,SHAHJAHANPUR,9.9,-,69.67,35.46266976,2018,Aug,16
2018/08/16,UTTAR PRADESH,KANPUR DEHAT,9.76,-,63.01,37.99291617,2018,Aug,16
2018/08/16,UTTAR PRADESH,FIROZABAD,5.41,-,37.77,32.268073,2018,Aug,16
2018/08/16,UTTAR PRADESH,AYODHYA,10.28,-,73.1,38.84051955,2018,Aug,16
2018/08/16,UTTAR PRADESH,KUSHINAGAR,10.87,-,84.0,40.33959447,2018,Aug,16
2018/08/16,UTTAR PRADESH,JALAUN,1.2,-,9.63,40.85236478,2018,Aug,16
2018/08/16,UTTAR PRADESH,GHAZIABAD,6.15,-,39.34,28.51257273,2018,Aug,16
2018/08/16,UTTAR PRADESH,ETAH,4.61,-,27.94,33.95798043,2018,Aug,16
2018/08/16,UTTAR PRADESH,BALLIA,5.01,-,34.36,30.92457148,2018,Aug,16
2018/08/16,UTTAR PRADESH,UNNAO,12.9,-,87.44,38.59892752,2018,Aug,16
2018/08/16,UTTAR PRADESH,MAU,4.63,-,30.71,28.54609647,2018,Aug,16
2018/08/16,UTTAR PRADESH,SITAPUR,13.19,-,86.44,41.21978573,2018,Aug,16
2018/08/16,UTTAR PRADESH,PRAYAGRAJ,7.59,-,67.02,42.7646994,2018,Aug,16
2018/08/16,UTTAR PRADESH,BAREILLY,11.24,-,73.66,35.58075183,2018,Aug,16
2018/08/16,UTTAR PRADESH,SHRAWASTI,10.14,-,81.03,39.22574498,2018,Aug,16
2018/08/16,UTTAR PRADESH,SULTANPUR,8.16,-,59.5,38.91614659,2018,Aug,16
2018/08/16,UTTAR PRADESH,GONDA,13.19,-,89.24,40.71286285,2018,Aug,16
2018/08/16,UTTAR PRADESH,GAUTAM BUDDHA NAGAR,3.43,-,21.89,28.18711498,2018,Aug,16
2018/08/16,UTTAR PRADESH,KANSIRAM NAGAR,7.7,-,56.89,35.61914241,2018,Aug,16
2018/08/16,UTTAR PRADESH,MAHARAJGANJ,8.77,-,64.84,38.65423796,2018,Aug,16
2018/08/16,UTTAR PRADESH,MAINPURI,9.7,-,62.76,36.01236348,2018,Aug,16
2018/08/16,UTTAR PRADESH,VARANASI,4.33,-,32.07,37.56906639,2018,Aug,16
2018/08/16,UTTAR PRADESH,AURAIYA,9.99,-,67.36,37.4223184,2018,Aug,16
2018/08/15,UTTAR PRADESH,FARRUKHABAD,13.41,-,88.43,40.02751062,2018,Aug,15
2018/08/15,UTTAR PRADESH,LUCKNOW,13.13,-,88.46,40.76858313,2018,Aug,15
2018/08/15,UTTAR PRADESH,KHERI,12.03,-,80.09,38.77304534,2018,Aug,15
2018/08/15,UTTAR PRADESH,CHANDAULI,7.77,-,61.26,39.35770251,2018,Aug,15
2018/08/15,UTTAR PRADESH,AMBEDKAR NAGAR,10.77,-,73.94,40.02789114,2018,Aug,15
2018/08/15,UTTAR PRADESH,BUDAUN,11.79,-,84.86,38.80667672,2018,Aug,15
2018/08/15,UTTAR PRADESH,BALRAMPUR,13.74,-,89.97,39.63676207,2018,Aug,15
2018/08/15,UTTAR PRADESH,BASTI,14.61,-,92.02,40.54868794,2018,Aug,15
2018/08/15,UTTAR PRADESH,RAMPUR,13.12,-,84.24,37.65817037,2018,Aug,15
2018/08/15,UTTAR PRADESH,MIRZAPUR,6.15,-,52.31,40.22572238,2018,Aug,15
2018/08/15,UTTAR PRADESH,JYOTIBA PHULE NAGAR,9.26,-,69.13,34.04114562,2018,Aug,15
2018/08/15,UTTAR PRADESH,LALITPUR,8.6,-,61.65,41.42506121,2018,Aug,15
2018/08/15,UTTAR PRADESH,MAHAMAYA NAGAR,7.68,-,48.55,38.4053843,2018,Aug,15
2018/08/15,UTTAR PRADESH,MATHURA,3.12,-,20.48,33.34534751,2018,Aug,15
2018/08/15,UTTAR PRADESH,MAHOBA,4.01,-,36.2,42.46538749,2018,Aug,15
2018/08/15,UTTAR PRADESH,CHITRAKOOT,6.26,-,58.27,41.29436989,2018,Aug,15
2018/08/15,UTTAR PRADESH,SAHARANPUR,10.08,-,70.41,33.14652685,2018,Aug,15
2018/08/15,UTTAR PRADESH,KANNAUJ,12.44,-,84.19,39.17565588,2018,Aug,15
2018/08/15,UTTAR PRADESH,SANT KABIR NAGAR,12.61,-,86.6,39.42911356,2018,Aug,15
2018/08/15,UTTAR PRADESH,SONBHADRA,5.59,-,39.05,41.72801305,2018,Aug,15
2018/08/15,UTTAR PRADESH,FATEHPUR,13.05,-,89.56,40.53643508,2018,Aug,15
2018/08/15,UTTAR PRADESH,BARA BANKI,13.0,-,84.3,41.02224367,2018,Aug,15
2018/08/15,UTTAR PRADESH,AZAMGARH,5.34,-,34.96,30.78115116,2018,Aug,15
2018/08/15,UTTAR PRADESH,BAGHPAT,2.98,-,21.04,25.82139523,2018,Aug,15
2018/08/15,UTTAR PRADESH,ALIGARH,3.66,-,23.74,33.66288271,2018,Aug,15
2018/08/15,UTTAR PRADESH,HARDOI,12.14,-,81.33,38.72066923,2018,Aug,15
2018/08/15,UTTAR PRADESH,RAE BARELI,11.55,-,83.47,40.87212204,2018,Aug,15
2018/08/15,UTTAR PRADESH,GHAZIPUR,7.14,-,52.97,31.29766048,2018,Aug,15
2018/08/15,UTTAR PRADESH,KAUSHAMBI,13.6,-,93.28,41.2158961,2018,Aug,15
2018/08/15,UTTAR PRADESH,BULANDSHAHR,7.91,-,50.0,34.28654197,2018,Aug,15
2018/08/15,UTTAR PRADESH,DEORIA,10.64,-,70.54,36.82379192,2018,Aug,15
2018/08/15,UTTAR PRADESH,BAHRAICH,11.02,-,83.14,40.03263896,2018,Aug,15
2018/08/15,UTTAR PRADESH,GORAKHPUR,11.19,-,74.54,37.07367312,2018,Aug,15
2018/08/15,UTTAR PRADESH,BIJNOR,11.72,-,80.44,36.09852365,2018,Aug,15
2018/08/15,UTTAR PRADESH,BANDA,4.64,-,43.92,42.79773866,2018,Aug,15
2018/08/15,UTTAR PRADESH,MUZAFFARNAGAR,5.63,-,39.19,29.10468175,2018,Aug,15
2018/08/15,UTTAR PRADESH,SANT RAVI DAS NAGAR(BHADOHI),8.7,-,60.65,38.45505083,2018,Aug,15
2018/08/15,UTTAR PRADESH,HAMIRPUR,2.0,-,19.68,42.26701434,2018,Aug,15
2018/08/15,UTTAR PRADESH,PRATAPGARH,7.94,-,57.87,41.37021025,2018,Aug,15
2018/08/15,UTTAR PRADESH,ETAWAH,10.48,-,71.28,38.01247526,2018,Aug,15
2018/08/15,UTTAR PRADESH,MORADABAD,11.39,-,77.57,37.34461949,2018,Aug,15
2018/08/15,UTTAR PRADESH,AGRA,7.91,-,56.86,38.29827197,2018,Aug,15
2018/08/15,UTTAR PRADESH,JAUNPUR,6.57,-,45.29,36.0621876,2018,Aug,15
2018/08/15,UTTAR PRADESH,KANPUR NAGAR,11.95,-,76.62,40.71451002,2018,Aug,15
2018/08/15,UTTAR PRADESH,JHANSI,7.01,-,55.47,43.28363507,2018,Aug,15
2018/08/15,UTTAR PRADESH,SIDDHARTH NAGAR,12.51,-,85.1,40.57625978,2018,Aug,15
2018/08/15,UTTAR PRADESH,MEERUT,4.59,-,30.04,29.70628535,2018,Aug,15
2018/08/15,UTTAR PRADESH,PILIBHIT,12.83,-,83.6,37.11207711,2018,Aug,15
2018/08/15,UTTAR PRADESH,SHAHJAHANPUR,10.46,-,73.47,36.92072847,2018,Aug,15
2018/08/15,UTTAR PRADESH,KANPUR DEHAT,10.92,-,70.59,40.76988953,2018,Aug,15
2018/08/15,UTTAR PRADESH,FIROZABAD,8.45,-,58.84,37.77224656,2018,Aug,15
2018/08/15,UTTAR PRADESH,AYODHYA,10.96,-,78.04,40.43213776,2018,Aug,15
2018/08/15,UTTAR PRADESH,KUSHINAGAR,11.6,-,89.74,42.78258156,2018,Aug,15
2018/08/15,UTTAR PRADESH,JALAUN,1.27,-,10.31,44.43941934,2018,Aug,15
2018/08/15,UTTAR PRADESH,GHAZIABAD,6.31,-,40.3,29.63582173,2018,Aug,15
2018/08/15,UTTAR PRADESH,ETAH,7.4,-,45.96,39.1490108,2018,Aug,15
2018/08/15,UTTAR PRADESH,BALLIA,5.68,-,39.38,33.6612317,2018,Aug,15
2018/08/15,UTTAR PRADESH,UNNAO,13.63,-,92.14,40.55200606,2018,Aug,15
2018/08/15,UTTAR PRADESH,MAU,5.24,-,34.78,31.55503001,2018,Aug,15
2018/08/15,UTTAR PRADESH,SITAPUR,12.75,-,83.51,40.2973915,2018,Aug,15
2018/08/15,UTTAR PRADESH,PRAYAGRAJ,7.49,-,66.22,42.48642121,2018,Aug,15
2018/08/15,UTTAR PRADESH,BAREILLY,12.49,-,82.19,38.16165264,2018,Aug,15
2018/08/15,UTTAR PRADESH,SHRAWASTI,10.8,-,85.48,40.72102719,2018,Aug,15
2018/08/15,UTTAR PRADESH,SULTANPUR,8.89,-,64.39,41.58435886,2018,Aug,15
2018/08/15,UTTAR PRADESH,GONDA,13.19,-,89.09,40.77251018,2018,Aug,15
2018/08/15,UTTAR PRADESH,GAUTAM BUDDHA NAGAR,3.47,-,22.1,28.70833832,2018,Aug,15
2018/08/15,UTTAR PRADESH,KANSIRAM NAGAR,8.95,-,65.7,39.64759213,2018,Aug,15
2018/08/15,UTTAR PRADESH,MAHARAJGANJ,9.16,-,67.75,39.7482834,2018,Aug,15
2018/08/15,UTTAR PRADESH,MAINPURI,11.22,-,72.96,39.40160087,2018,Aug,15
2018/08/15,UTTAR PRADESH,VARANASI,3.26,-,24.65,36.1629917,2018,Aug,15
2018/08/15,UTTAR PRADESH,AURAIYA,11.27,-,76.33,40.25417728,2018,Aug,15
2018/08/14,UTTAR PRADESH,FARRUKHABAD,10.92,-,72.79,34.41824059,2018,Aug,14
2018/08/14,UTTAR PRADESH,LUCKNOW,12.51,-,84.19,39.28130669,2018,Aug,14
2018/08/14,UTTAR PRADESH,KHERI,12.03,-,80.11,38.72390484,2018,Aug,14
2018/08/14,UTTAR PRADESH,CHANDAULI,6.93,-,53.95,37.32858679,2018,Aug,14
2018/08/14,UTTAR PRADESH,AMBEDKAR NAGAR,10.91,-,75.03,40.331428,2018,Aug,14
2018/08/14,UTTAR PRADESH,BUDAUN,11.41,-,82.43,37.0917303,2018,Aug,14
2018/08/14,UTTAR PRADESH,BALRAMPUR,13.11,-,86.22,38.56661087,2018,Aug,14
2018/08/14,UTTAR PRADESH,BASTI,15.25,-,96.05,41.87347698,2018,Aug,14
2018/08/14,UTTAR PRADESH,RAMPUR,13.8,-,88.48,39.18045929,2018,Aug,14
2018/08/14,UTTAR PRADESH,MIRZAPUR,5.76,-,48.95,38.60777922,2018,Aug,14
2018/08/14,UTTAR PRADESH,JYOTIBA PHULE NAGAR,9.57,-,71.06,35.00363849,2018,Aug,14
2018/08/14,UTTAR PRADESH,LALITPUR,8.0,-,56.5,37.45226421,2018,Aug,14
2018/08/14,UTTAR PRADESH,MAHAMAYA NAGAR,1.4,-,8.6,29.63449651,2018,Aug,14
2018/08/14,UTTAR PRADESH,MATHURA,0.94,-,5.99,25.06452861,2018,Aug,14
2018/08/14,UTTAR PRADESH,MAHOBA,3.8,-,34.03,41.02386152,2018,Aug,14
2018/08/14,UTTAR PRADESH,CHITRAKOOT,5.91,-,55.53,40.79556311,2018,Aug,14
2018/08/14,UTTAR PRADESH,SAHARANPUR,10.89,-,75.79,35.24635239,2018,Aug,14
2018/08/14,UTTAR PRADESH,KANNAUJ,9.9,-,66.34,32.82123042,2018,Aug,14
2018/08/14,UTTAR PRADESH,SANT KABIR NAGAR,13.08,-,89.73,40.33073306,2018,Aug,14
2018/08/14,UTTAR PRADESH,SONBHADRA,5.06,-,35.48,40.69866088,2018,Aug,14
2018/08/14,UTTAR PRADESH,FATEHPUR,12.3,-,84.79,38.47102055,2018,Aug,14
2018/08/14,UTTAR PRADESH,BARA BANKI,13.06,-,84.69,41.13352159,2018,Aug,14
2018/08/14,UTTAR PRADESH,AZAMGARH,5.28,-,34.55,30.12913691,2018,Aug,14
2018/08/14,UTTAR PRADESH,BAGHPAT,3.18,-,22.28,24.83905967,2018,Aug,14
2018/08/14,UTTAR PRADESH,ALIGARH,2.17,-,14.34,27.45883205,2018,Aug,14
2018/08/14,UTTAR PRADESH,HARDOI,11.21,-,75.17,36.6861621,2018,Aug,14
2018/08/14,UTTAR PRADESH,RAE BARELI,11.43,-,82.68,40.35644527,2018,Aug,14
2018/08/14,UTTAR PRADESH,GHAZIPUR,6.64,-,49.44,29.86248444,2018,Aug,14
2018/08/14,UTTAR PRADESH,KAUSHAMBI,13.56,-,92.96,41.13634654,2018,Aug,14
2018/08/14,UTTAR PRADESH,BULANDSHAHR,6.07,-,38.59,29.30900283,2018,Aug,14
2018/08/14,UTTAR PRADESH,DEORIA,10.5,-,69.5,36.35139962,2018,Aug,14
2018/08/14,UTTAR PRADESH,BAHRAICH,11.03,-,83.26,40.04760312,2018,Aug,14
2018/08/14,UTTAR PRADESH,GORAKHPUR,11.47,-,76.55,37.2866029,2018,Aug,14
2018/08/14,UTTAR PRADESH,BIJNOR,12.3,-,84.27,37.69871346,2018,Aug,14
2018/08/14,UTTAR PRADESH,BANDA,4.49,-,42.41,41.68644558,2018,Aug,14
2018/08/14,UTTAR PRADESH,MUZAFFARNAGAR,6.36,-,43.75,30.7118145,2018,Aug,14
2018/08/14,UTTAR PRADESH,SANT RAVI DAS NAGAR(BHADOHI),7.82,-,54.82,36.06642011,2018,Aug,14
2018/08/14,UTTAR PRADESH,HAMIRPUR,1.6,-,15.57,39.40801644,2018,Aug,14
2018/08/14,UTTAR PRADESH,PRATAPGARH,7.58,-,55.19,40.75821695,2018,Aug,14
2018/08/14,UTTAR PRADESH,ETAWAH,7.02,-,47.95,30.83572548,2018,Aug,14
2018/08/14,UTTAR PRADESH,MORADABAD,11.76,-,79.94,38.41760834,2018,Aug,14
2018/08/14,UTTAR PRADESH,AGRA,2.51,-,18.62,27.64470707,2018,Aug,14
2018/08/14,UTTAR PRADESH,JAUNPUR,4.76,-,32.89,32.38979586,2018,Aug,14
2018/08/14,UTTAR PRADESH,KANPUR NAGAR,10.63,-,68.13,37.44204481,2018,Aug,14
2018/08/14,UTTAR PRADESH,JHANSI,6.3,-,48.99,38.68662833,2018,Aug,14
2018/08/14,UTTAR PRADESH,SIDDHARTH NAGAR,12.95,-,88.23,41.5759372,2018,Aug,14
2018/08/14,UTTAR PRADESH,MEERUT,5.21,-,33.91,31.37280543,2018,Aug,14
2018/08/14,UTTAR PRADESH,PILIBHIT,13.24,-,86.1,38.06549377,2018,Aug,14
2018/08/14,UTTAR PRADESH,SHAHJAHANPUR,10.41,-,73.03,36.6441173,2018,Aug,14
2018/08/14,UTTAR PRADESH,KANPUR DEHAT,8.07,-,52.2,33.72811911,2018,Aug,14
2018/08/14,UTTAR PRADESH,FIROZABAD,3.42,-,24.49,29.277131,2018,Aug,14
2018/08/14,UTTAR PRADESH,AYODHYA,11.35,-,80.92,41.45059607,2018,Aug,14
2018/08/14,UTTAR PRADESH,KUSHINAGAR,11.69,-,90.51,43.36347794,2018,Aug,14
2018/08/14,UTTAR PRADESH,JALAUN,0.91,-,6.94,38.81175126,2018,Aug,14
2018/08/14,UTTAR PRADESH,GHAZIABAD,6.32,-,40.38,28.79782988,2018,Aug,14
2018/08/14,UTTAR PRADESH,ETAH,3.07,-,18.49,32.16302446,2018,Aug,14
2018/08/14,UTTAR PRADESH,BALLIA,5.21,-,36.05,32.46946063,2018,Aug,14
2018/08/14,UTTAR PRADESH,UNNAO,13.05,-,88.4,39.20890887,2018,Aug,14
2018/08/14,UTTAR PRADESH,MAU,4.8,-,31.7,29.92066735,2018,Aug,14
2018/08/14,UTTAR PRADESH,SITAPUR,12.57,-,82.27,39.91173407,2018,Aug,14
2018/08/14,UTTAR PRADESH,PRAYAGRAJ,7.35,-,64.96,42.25543489,2018,Aug,14
2018/08/14,UTTAR PRADESH,BAREILLY,12.93,-,84.81,39.05020921,2018,Aug,14
2018/08/14,UTTAR PRADESH,SHRAWASTI,10.36,-,82.78,40.38339416,2018,Aug,14
2018/08/14,UTTAR PRADESH,SULTANPUR,9.08,-,65.69,42.21722605,2018,Aug,14
2018/08/14,UTTAR PRADESH,GONDA,13.34,-,90.24,41.10885816,2018,Aug,14
2018/08/14,UTTAR PRADESH,GAUTAM BUDDHA NAGAR,3.33,-,21.25,25.31338204,2018,Aug,14
2018/08/14,UTTAR PRADESH,KANSIRAM NAGAR,6.37,-,48.18,33.79928027,2018,Aug,14
2018/08/14,UTTAR PRADESH,MAHARAJGANJ,9.0,-,66.73,39.4128555,2018,Aug,14
2018/08/14,UTTAR PRADESH,MAINPURI,8.22,-,52.83,34.18966409,2018,Aug,14
2018/08/14,UTTAR PRADESH,VARANASI,2.42,-,18.73,31.49704131,2018,Aug,14
2018/08/14,UTTAR PRADESH,AURAIYA,7.25,-,49.15,31.03391519,2018,Aug,14
2018/08/13,UTTAR PRADESH,FARRUKHABAD,11.8,-,78.35,36.80053641,2018,Aug,13
2018/08/13,UTTAR PRADESH,LUCKNOW,13.65,-,91.93,42.05788691,2018,Aug,13
2018/08/13,UTTAR PRADESH,KHERI,12.87,-,85.61,40.61465384,2018,Aug,13
2018/08/13,UTTAR PRADESH,CHANDAULI,6.99,-,54.48,37.68948354,2018,Aug,13
2018/08/13,UTTAR PRADESH,AMBEDKAR NAGAR,11.03,-,75.91,40.75396561,2018,Aug,13
2018/08/13,UTTAR PRADESH,BUDAUN,12.4,-,88.89,40.2002287,2018,Aug,13
2018/08/13,UTTAR PRADESH,BALRAMPUR,14.14,-,92.71,40.76176555,2018,Aug,13
2018/08/13,UTTAR PRADESH,BASTI,15.6,-,98.2,42.70680189,2018,Aug,13
2018/08/13,UTTAR PRADESH,RAMPUR,15.03,-,96.32,41.94598486,2018,Aug,13
2018/08/13,UTTAR PRADESH,MIRZAPUR,5.95,-,50.56,39.44828991,2018,Aug,13
2018/08/13,UTTAR PRADESH,JYOTIBA PHULE NAGAR,9.6,-,71.32,35.96307197,2018,Aug,13
2018/08/13,UTTAR PRADESH,LALITPUR,8.04,-,56.9,37.55997737,2018,Aug,13
2018/08/13,UTTAR PRADESH,MAHAMAYA NAGAR,1.54,-,9.51,29.50078332,2018,Aug,13
2018/08/13,UTTAR PRADESH,MATHURA,1.14,-,7.22,25.21852657,2018,Aug,13
2018/08/13,UTTAR PRADESH,MAHOBA,3.58,-,31.78,40.23182353,2018,Aug,13
2018/08/13,UTTAR PRADESH,CHITRAKOOT,5.89,-,55.3,40.87004191,2018,Aug,13
2018/08/13,UTTAR PRADESH,SAHARANPUR,11.83,-,81.94,37.38846043,2018,Aug,13
2018/08/13,UTTAR PRADESH,KANNAUJ,10.94,-,73.4,35.4554721,2018,Aug,13
2018/08/13,UTTAR PRADESH,SANT KABIR NAGAR,13.33,-,91.68,41.04551317,2018,Aug,13
2018/08/13,UTTAR PRADESH,SONBHADRA,5.55,-,38.51,42.01108966,2018,Aug,13
2018/08/13,UTTAR PRADESH,FATEHPUR,12.85,-,88.26,40.25456194,2018,Aug,13
2018/08/13,UTTAR PRADESH,BARA BANKI,13.81,-,89.48,42.99127309,2018,Aug,13
2018/08/13,UTTAR PRADESH,AZAMGARH,5.52,-,36.12,31.35166379,2018,Aug,13
2018/08/13,UTTAR PRADESH,BAGHPAT,3.47,-,24.39,26.38746061,2018,Aug,13
2018/08/13,UTTAR PRADESH,ALIGARH,2.42,-,15.96,27.81402698,2018,Aug,13
2018/08/13,UTTAR PRADESH,HARDOI,12.5,-,83.84,39.40850854,2018,Aug,13
2018/08/13,UTTAR PRADESH,RAE BARELI,12.15,-,87.56,42.53732549,2018,Aug,13
2018/08/13,UTTAR PRADESH,GHAZIPUR,6.85,-,50.87,30.90048925,2018,Aug,13
2018/08/13,UTTAR PRADESH,KAUSHAMBI,13.68,-,93.78,41.584768,2018,Aug,13
2018/08/13,UTTAR PRADESH,BULANDSHAHR,6.6,-,41.86,31.33969935,2018,Aug,13
2018/08/13,UTTAR PRADESH,DEORIA,10.68,-,70.58,37.74127763,2018,Aug,13
2018/08/13,UTTAR PRADESH,BAHRAICH,11.51,-,86.56,41.86887929,2018,Aug,13
2018/08/13,UTTAR PRADESH,GORAKHPUR,11.86,-,79.36,38.36207496,2018,Aug,13
2018/08/13,UTTAR PRADESH,BIJNOR,13.02,-,89.31,39.64849769,2018,Aug,13
2018/08/13,UTTAR PRADESH,BANDA,4.5,-,42.45,41.74773935,2018,Aug,13
2018/08/13,UTTAR PRADESH,MUZAFFARNAGAR,6.51,-,44.89,31.25359049,2018,Aug,13
2018/08/13,UTTAR PRADESH,SANT RAVI DAS NAGAR(BHADOHI),7.96,-,55.6,36.98276964,2018,Aug,13
2018/08/13,UTTAR PRADESH,HAMIRPUR,1.47,-,14.2,39.14124185,2018,Aug,13
2018/08/13,UTTAR PRADESH,PRATAPGARH,7.99,-,58.06,41.95332798,2018,Aug,13
2018/08/13,UTTAR PRADESH,ETAWAH,7.25,-,49.56,31.6502769,2018,Aug,13
2018/08/13,UTTAR PRADESH,MORADABAD,12.61,-,85.61,40.82277643,2018,Aug,13
2018/08/13,UTTAR PRADESH,AGRA,2.58,-,19.03,27.67551717,2018,Aug,13
2018/08/13,UTTAR PRADESH,JAUNPUR,5.08,-,35.07,33.63890932,2018,Aug,13
2018/08/13,UTTAR PRADESH,KANPUR NAGAR,11.73,-,75.18,40.00841283,2018,Aug,13
2018/08/13,UTTAR PRADESH,JHANSI,6.45,-,50.23,39.10221296,2018,Aug,13
2018/08/13,UTTAR PRADESH,SIDDHARTH NAGAR,13.52,-,92.15,43.02238517,2018,Aug,13
2018/08/13,UTTAR PRADESH,MEERUT,4.74,-,30.99,30.66579698,2018,Aug,13
2018/08/13,UTTAR PRADESH,PILIBHIT,14.25,-,92.44,40.603355,2018,Aug,13
2018/08/13,UTTAR PRADESH,SHAHJAHANPUR,11.58,-,81.03,39.70018032,2018,Aug,13
2018/08/13,UTTAR PRADESH,KANPUR DEHAT,8.91,-,57.66,35.89785329,2018,Aug,13
2018/08/13,UTTAR PRADESH,FIROZABAD,3.45,-,24.67,29.29101802,2018,Aug,13
2018/08/13,UTTAR PRADESH,AYODHYA,11.84,-,84.38,42.62125715,2018,Aug,13
2018/08/13,UTTAR PRADESH,KUSHINAGAR,11.88,-,91.98,43.94102299,2018,Aug,13
2018/08/13,UTTAR PRADESH,JALAUN,0.94,-,7.25,40.62390439,2018,Aug,13
2018/08/13,UTTAR PRADESH,GHAZIABAD,6.62,-,42.22,30.77675436,2018,Aug,13
2018/08/13,UTTAR PRADESH,ETAH,3.27,-,19.7,33.31106703,2018,Aug,13
2018/08/13,UTTAR PRADESH,BALLIA,5.74,-,40.11,34.52531346,2018,Aug,13
2018/08/13,UTTAR PRADESH,UNNAO,14.18,-,95.75,42.06425684,2018,Aug,13
2018/08/13,UTTAR PRADESH,MAU,5.42,-,35.89,32.13308037,2018,Aug,13
2018/08/13,UTTAR PRADESH,SITAPUR,13.71,-,89.78,42.38219321,2018,Aug,13
2018/08/13,UTTAR PRADESH,PRAYAGRAJ,7.43,-,65.62,42.57506816,2018,Aug,13
2018/08/13,UTTAR PRADESH,BAREILLY,14.4,-,94.71,42.09516006,2018,Aug,13
2018/08/13,UTTAR PRADESH,SHRAWASTI,10.79,-,85.72,42.06797035,2018,Aug,13
2018/08/13,UTTAR PRADESH,SULTANPUR,9.35,-,67.56,43.32296941,2018,Aug,13
2018/08/13,UTTAR PRADESH,GONDA,13.94,-,94.24,42.59109303,2018,Aug,13
2018/08/13,UTTAR PRADESH,GAUTAM BUDDHA NAGAR,3.41,-,21.72,26.51865925,2018,Aug,13
2018/08/13,UTTAR PRADESH,KANSIRAM NAGAR,6.65,-,50.08,35.73927135,2018,Aug,13
2018/08/13,UTTAR PRADESH,MAHARAJGANJ,9.64,-,71.48,40.96155784,2018,Aug,13
2018/08/13,UTTAR PRADESH,MAINPURI,8.6,-,55.5,35.35295088,2018,Aug,13
2018/08/13,UTTAR PRADESH,VARANASI,2.5,-,19.28,32.25291185,2018,Aug,13
2018/08/13,UTTAR PRADESH,AURAIYA,7.87,-,53.37,32.78551465,2018,Aug,13
2018/08/12,UTTAR PRADESH,FARRUKHABAD,11.44,-,76.16,36.19507962,2018,Aug,12
2018/08/12,UTTAR PRADESH,LUCKNOW,13.52,-,90.95,41.74452246,2018,Aug,12
2018/08/12,UTTAR PRADESH,KHERI,12.86,-,85.58,40.50815019,2018,Aug,12
2018/08/12,UTTAR PRADESH,CHANDAULI,7.1,-,55.5,38.69110268,2018,Aug,12
2018/08/12,UTTAR PRADESH,AMBEDKAR NAGAR,11.02,-,75.89,40.78051162,2018,Aug,12
2018/08/12,UTTAR PRADESH,BUDAUN,12.52,-,89.68,40.72508992,2018,Aug,12
2018/08/12,UTTAR PRADESH,BALRAMPUR,13.89,-,91.14,40.2894403,2018,Aug,12
2018/08/12,UTTAR PRADESH,BASTI,15.49,-,97.47,42.45518535,2018,Aug,12
2018/08/12,UTTAR PRADESH,RAMPUR,15.07,-,96.51,42.04663293,2018,Aug,12
2018/08/12,UTTAR PRADESH,MIRZAPUR,5.96,-,50.53,39.82888743,2018,Aug,12
2018/08/12,UTTAR PRADESH,JYOTIBA PHULE NAGAR,10.04,-,74.24,37.43524466,2018,Aug,12
2018/08/12,UTTAR PRADESH,LALITPUR,8.29,-,58.95,39.0001861,2018,Aug,12
2018/08/12,UTTAR PRADESH,MAHAMAYA NAGAR,1.61,-,9.89,30.03060374,2018,Aug,12
2018/08/12,UTTAR PRADESH,MATHURA,1.23,-,7.83,25.93925654,2018,Aug,12
2018/08/12,UTTAR PRADESH,MAHOBA,3.71,-,32.98,40.99152821,2018,Aug,12
2018/08/12,UTTAR PRADESH,CHITRAKOOT,5.75,-,54.11,40.51097939,2018,Aug,12
2018/08/12,UTTAR PRADESH,SAHARANPUR,12.36,-,85.44,38.54378624,2018,Aug,12
2018/08/12,UTTAR PRADESH,KANNAUJ,10.31,-,68.99,33.86906498,2018,Aug,12
2018/08/12,UTTAR PRADESH,SANT KABIR NAGAR,13.39,-,92.13,41.14480494,2018,Aug,12
2018/08/12,UTTAR PRADESH,SONBHADRA,5.14,-,35.86,41.64935571,2018,Aug,12
2018/08/12,UTTAR PRADESH,FATEHPUR,12.6,-,86.65,39.52302964,2018,Aug,12
2018/08/12,UTTAR PRADESH,BARA BANKI,13.74,-,89.08,42.81593831,2018,Aug,12
2018/08/12,UTTAR PRADESH,AZAMGARH,6.55,-,42.94,34.06016351,2018,Aug,12
2018/08/12,UTTAR PRADESH,BAGHPAT,3.45,-,24.36,26.60329831,2018,Aug,12
2018/08/12,UTTAR PRADESH,ALIGARH,2.61,-,17.1,28.87783379,2018,Aug,12
2018/08/12,UTTAR PRADESH,HARDOI,12.06,-,81.0,38.49203628,2018,Aug,12
2018/08/12,UTTAR PRADESH,RAE BARELI,12.1,-,87.21,42.37541302,2018,Aug,12
2018/08/12,UTTAR PRADESH,GHAZIPUR,7.07,-,52.62,32.49012482,2018,Aug,12
2018/08/12,UTTAR PRADESH,KAUSHAMBI,13.65,-,93.56,41.45965098,2018,Aug,12
2018/08/12,UTTAR PRADESH,BULANDSHAHR,7.19,-,45.64,33.63653257,2018,Aug,12
2018/08/12,UTTAR PRADESH,DEORIA,10.63,-,70.0,38.89856603,2018,Aug,12
2018/08/12,UTTAR PRADESH,BAHRAICH,11.47,-,86.33,41.65759514,2018,Aug,12
2018/08/12,UTTAR PRADESH,GORAKHPUR,12.19,-,81.61,39.26696307,2018,Aug,12
2018/08/12,UTTAR PRADESH,BIJNOR,13.33,-,91.57,40.40476453,2018,Aug,12
2018/08/12,UTTAR PRADESH,BANDA,4.51,-,42.57,41.86356696,2018,Aug,12
2018/08/12,UTTAR PRADESH,MUZAFFARNAGAR,7.06,-,48.47,33.07353543,2018,Aug,12
2018/08/12,UTTAR PRADESH,SANT RAVI DAS NAGAR(BHADOHI),7.67,-,53.47,36.7859614,2018,Aug,12
2018/08/12,UTTAR PRADESH,HAMIRPUR,1.37,-,13.27,38.5198643,2018,Aug,12
2018/08/12,UTTAR PRADESH,PRATAPGARH,7.83,-,56.9,41.73013689,2018,Aug,12
2018/08/12,UTTAR PRADESH,ETAWAH,6.97,-,47.75,30.49685528,2018,Aug,12
2018/08/12,UTTAR PRADESH,MORADABAD,12.49,-,84.78,40.72887774,2018,Aug,12
2018/08/12,UTTAR PRADESH,AGRA,2.58,-,19.03,28.07502547,2018,Aug,12
2018/08/12,UTTAR PRADESH,JAUNPUR,5.13,-,35.39,34.59229104,2018,Aug,12
2018/08/12,UTTAR PRADESH,KANPUR NAGAR,10.51,-,67.39,37.25039113,2018,Aug,12
2018/08/12,UTTAR PRADESH,JHANSI,6.51,-,50.72,39.95566826,2018,Aug,12
2018/08/12,UTTAR PRADESH,SIDDHARTH NAGAR,13.5,-,92.05,42.94891464,2018,Aug,12
2018/08/12,UTTAR PRADESH,MEERUT,5.77,-,37.56,33.25093292,2018,Aug,12
2018/08/12,UTTAR PRADESH,PILIBHIT,14.44,-,93.71,40.94964179,2018,Aug,12
2018/08/12,UTTAR PRADESH,SHAHJAHANPUR,11.69,-,81.8,39.99002588,2018,Aug,12
2018/08/12,UTTAR PRADESH,KANPUR DEHAT,7.93,-,51.28,33.72819727,2018,Aug,12
2018/08/12,UTTAR PRADESH,FIROZABAD,3.46,-,24.73,30.04363585,2018,Aug,12
2018/08/12,UTTAR PRADESH,AYODHYA,11.66,-,83.02,42.2172649,2018,Aug,12
2018/08/12,UTTAR PRADESH,KUSHINAGAR,11.76,-,90.84,43.59240721,2018,Aug,12
2018/08/12,UTTAR PRADESH,JALAUN,0.87,-,6.53,37.56144457,2018,Aug,12
2018/08/12,UTTAR PRADESH,GHAZIABAD,7.16,-,45.73,32.46333634,2018,Aug,12
2018/08/12,UTTAR PRADESH,ETAH,2.85,-,17.07,33.55621799,2018,Aug,12
2018/08/12,UTTAR PRADESH,BALLIA,5.32,-,37.29,34.86838163,2018,Aug,12
2018/08/12,UTTAR PRADESH,UNNAO,13.59,-,91.92,40.43448933,2018,Aug,12
2018/08/12,UTTAR PRADESH,MAU,6.17,-,40.92,34.45618176,2018,Aug,12
2018/08/12,UTTAR PRADESH,SITAPUR,13.57,-,88.89,42.04369992,2018,Aug,12
2018/08/12,UTTAR PRADESH,PRAYAGRAJ,7.35,-,64.9,42.33516163,2018,Aug,12
2018/08/12,UTTAR PRADESH,BAREILLY,14.44,-,95.04,42.19057456,2018,Aug,12
2018/08/12,UTTAR PRADESH,SHRAWASTI,11.03,-,87.23,42.41116064,2018,Aug,12
2018/08/12,UTTAR PRADESH,SULTANPUR,9.25,-,66.82,43.12598726,2018,Aug,12
2018/08/12,UTTAR PRADESH,GONDA,13.8,-,93.32,42.20954531,2018,Aug,12
2018/08/12,UTTAR PRADESH,GAUTAM BUDDHA NAGAR,3.46,-,22.02,27.55655872,2018,Aug,12
2018/08/12,UTTAR PRADESH,KANSIRAM NAGAR,6.63,-,50.04,36.86160146,2018,Aug,12
2018/08/12,UTTAR PRADESH,MAHARAJGANJ,9.99,-,73.89,41.53816355,2018,Aug,12
2018/08/12,UTTAR PRADESH,MAINPURI,7.27,-,46.76,32.87297506,2018,Aug,12
2018/08/12,UTTAR PRADESH,VARANASI,2.73,-,20.91,33.75532336,2018,Aug,12
2018/08/12,UTTAR PRADESH,AURAIYA,7.41,-,50.28,31.66348353,2018,Aug,12
2018/08/11,UTTAR PRADESH,FARRUKHABAD,10.25,-,68.45,32.73000294,2018,Aug,11
2018/08/11,UTTAR PRADESH,LUCKNOW,13.38,-,89.94,41.33052928,2018,Aug,11
2018/08/11,UTTAR PRADESH,KHERI,12.45,-,82.89,39.76058294,2018,Aug,11
2018/08/11,UTTAR PRADESH,CHANDAULI,5.4,-,41.59,36.22545482,2018,Aug,11
2018/08/11,UTTAR PRADESH,AMBEDKAR NAGAR,10.45,-,71.88,39.80187469,2018,Aug,11
2018/08/11,UTTAR PRADESH,BUDAUN,10.4,-,75.74,33.96018032,2018,Aug,11
2018/08/11,UTTAR PRADESH,BALRAMPUR,13.62,-,89.49,40.20254118,2018,Aug,11
2018/08/11,UTTAR PRADESH,BASTI,15.42,-,96.77,42.28260974,2018,Aug,11
2018/08/11,UTTAR PRADESH,RAMPUR,14.38,-,91.83,40.60404162,2018,Aug,11
2018/08/11,UTTAR PRADESH,MIRZAPUR,5.65,-,47.77,39.29454689,2018,Aug,11
2018/08/11,UTTAR PRADESH,JYOTIBA PHULE NAGAR,7.74,-,59.1,31.49357211,2018,Aug,11
2018/08/11,UTTAR PRADESH,LALITPUR,8.36,-,59.53,39.36083654,2018,Aug,11
2018/08/11,UTTAR PRADESH,MAHAMAYA NAGAR,1.71,-,10.52,29.36836775,2018,Aug,11
2018/08/11,UTTAR PRADESH,MATHURA,1.41,-,8.91,25.98327854,2018,Aug,11
2018/08/11,UTTAR PRADESH,MAHOBA,3.36,-,29.41,39.16972516,2018,Aug,11
2018/08/11,UTTAR PRADESH,CHITRAKOOT,5.48,-,51.2,39.82620273,2018,Aug,11
2018/08/11,UTTAR PRADESH,SAHARANPUR,9.46,-,66.16,33.57824571,2018,Aug,11
2018/08/11,UTTAR PRADESH,KANNAUJ,10.18,-,68.22,33.36061791,2018,Aug,11
2018/08/11,UTTAR PRADESH,SANT KABIR NAGAR,13.56,-,93.73,41.51298458,2018,Aug,11
2018/08/11,UTTAR PRADESH,SONBHADRA,4.8,-,33.64,40.87784591,2018,Aug,11
2018/08/11,UTTAR PRADESH,FATEHPUR,12.18,-,84.02,38.25584588,2018,Aug,11
2018/08/11,UTTAR PRADESH,BARA BANKI,13.75,-,89.12,42.82017521,2018,Aug,11
2018/08/11,UTTAR PRADESH,AZAMGARH,4.23,-,27.86,30.71596671,2018,Aug,11
2018/08/11,UTTAR PRADESH,BAGHPAT,3.44,-,24.14,25.43817891,2018,Aug,11
2018/08/11,UTTAR PRADESH,ALIGARH,2.54,-,16.61,27.55764411,2018,Aug,11
2018/08/11,UTTAR PRADESH,HARDOI,11.36,-,76.18,37.01285886,2018,Aug,11
2018/08/11,UTTAR PRADESH,RAE BARELI,11.6,-,83.81,40.94245553,2018,Aug,11
2018/08/11,UTTAR PRADESH,GHAZIPUR,5.57,-,41.95,27.19973841,2018,Aug,11
2018/08/11,UTTAR PRADESH,KAUSHAMBI,13.47,-,92.42,40.88720841,2018,Aug,11
2018/08/11,UTTAR PRADESH,BULANDSHAHR,5.51,-,35.02,27.69126332,2018,Aug,11
2018/08/11,UTTAR PRADESH,DEORIA,8.9,-,58.18,37.8035146,2018,Aug,11
2018/08/11,UTTAR PRADESH,BAHRAICH,11.42,-,86.0,41.4698181,2018,Aug,11
2018/08/11,UTTAR PRADESH,GORAKHPUR,11.8,-,79.02,39.22278279,2018,Aug,11
2018/08/11,UTTAR PRADESH,BIJNOR,12.33,-,84.5,37.93918929,2018,Aug,11
2018/08/11,UTTAR PRADESH,BANDA,4.29,-,40.36,41.23447826,2018,Aug,11
2018/08/11,UTTAR PRADESH,MUZAFFARNAGAR,4.91,-,34.64,29.58746536,2018,Aug,11
2018/08/11,UTTAR PRADESH,SANT RAVI DAS NAGAR(BHADOHI),6.85,-,47.75,34.61169275,2018,Aug,11
2018/08/11,UTTAR PRADESH,HAMIRPUR,1.28,-,12.29,38.21134157,2018,Aug,11
2018/08/11,UTTAR PRADESH,PRATAPGARH,7.4,-,53.62,40.86764427,2018,Aug,11
2018/08/11,UTTAR PRADESH,ETAWAH,7.19,-,49.15,30.89966528,2018,Aug,11
2018/08/11,UTTAR PRADESH,MORADABAD,10.68,-,72.83,36.57229689,2018,Aug,11
2018/08/11,UTTAR PRADESH,AGRA,2.66,-,19.61,27.93901047,2018,Aug,11
2018/08/11,UTTAR PRADESH,JAUNPUR,3.68,-,25.57,31.97171342,2018,Aug,11
2018/08/11,UTTAR PRADESH,KANPUR NAGAR,9.66,-,61.99,35.47426739,2018,Aug,11
2018/08/11,UTTAR PRADESH,JHANSI,6.45,-,50.15,39.23653333,2018,Aug,11
2018/08/11,UTTAR PRADESH,SIDDHARTH NAGAR,13.51,-,92.09,42.96919644,2018,Aug,11
2018/08/11,UTTAR PRADESH,MEERUT,4.41,-,29.03,31.12169653,2018,Aug,11
2018/08/11,UTTAR PRADESH,PILIBHIT,14.06,-,91.35,40.50156016,2018,Aug,11
2018/08/11,UTTAR PRADESH,SHAHJAHANPUR,10.92,-,76.4,37.87714335,2018,Aug,11
2018/08/11,UTTAR PRADESH,KANPUR DEHAT,7.36,-,47.61,32.43446593,2018,Aug,11
2018/08/11,UTTAR PRADESH,FIROZABAD,3.48,-,24.88,29.47727301,2018,Aug,11
2018/08/11,UTTAR PRADESH,AYODHYA,11.44,-,81.2,41.77616117,2018,Aug,11
2018/08/11,UTTAR PRADESH,KUSHINAGAR,11.17,-,86.08,42.28166146,2018,Aug,11
2018/08/11,UTTAR PRADESH,JALAUN,0.88,-,6.64,37.55068923,2018,Aug,11
2018/08/11,UTTAR PRADESH,GHAZIABAD,5.61,-,35.85,27.64438,2018,Aug,11
2018/08/11,UTTAR PRADESH,ETAH,2.49,-,14.87,31.18172468,2018,Aug,11
2018/08/11,UTTAR PRADESH,BALLIA,3.37,-,23.16,29.33325935,2018,Aug,11
2018/08/11,UTTAR PRADESH,UNNAO,12.79,-,86.69,38.57602437,2018,Aug,11
2018/08/11,UTTAR PRADESH,MAU,3.65,-,24.27,27.48585741,2018,Aug,11
2018/08/11,UTTAR PRADESH,SITAPUR,13.35,-,87.37,41.5962311,2018,Aug,11
2018/08/11,UTTAR PRADESH,PRAYAGRAJ,6.9,-,61.06,40.70940398,2018,Aug,11
2018/08/11,UTTAR PRADESH,BAREILLY,13.22,-,86.48,39.72140999,2018,Aug,11
2018/08/11,UTTAR PRADESH,SHRAWASTI,10.66,-,84.8,42.00160137,2018,Aug,11
2018/08/11,UTTAR PRADESH,SULTANPUR,8.65,-,62.49,41.52368535,2018,Aug,11
2018/08/11,UTTAR PRADESH,GONDA,13.95,-,94.26,42.51850152,2018,Aug,11
2018/08/11,UTTAR PRADESH,GAUTAM BUDDHA NAGAR,3.43,-,21.89,25.49624632,2018,Aug,11
2018/08/11,UTTAR PRADESH,KANSIRAM NAGAR,6.09,-,46.39,32.79087791,2018,Aug,11
2018/08/11,UTTAR PRADESH,MAHARAJGANJ,9.37,-,69.24,40.62504716,2018,Aug,11
2018/08/11,UTTAR PRADESH,MAINPURI,7.21,-,46.47,32.2585294,2018,Aug,11
2018/08/11,UTTAR PRADESH,VARANASI,2.36,-,18.25,31.82773915,2018,Aug,11
2018/08/11,UTTAR PRADESH,AURAIYA,7.66,-,51.94,32.10679022,2018,Aug,11
2018/08/10,UTTAR PRADESH,FARRUKHABAD,10.68,-,71.15,33.65062329,2018,Aug,10
2018/08/10,UTTAR PRADESH,LUCKNOW,12.54,-,84.44,39.39169655,2018,Aug,10
2018/08/10,UTTAR PRADESH,KHERI,10.16,-,67.97,34.37909678,2018,Aug,10
2018/08/10,UTTAR PRADESH,CHANDAULI,3.96,-,30.66,32.32590069,2018,Aug,10
2018/08/10,UTTAR PRADESH,AMBEDKAR NAGAR,8.11,-,55.35,33.50332534,2018,Aug,10
2018/08/10,UTTAR PRADESH,BUDAUN,10.17,-,74.2,33.28112651,2018,Aug,10
2018/08/10,UTTAR PRADESH,BALRAMPUR,11.49,-,75.98,35.33929268,2018,Aug,10
2018/08/10,UTTAR PRADESH,BASTI,14.05,-,87.94,39.33100826,2018,Aug,10
2018/08/10,UTTAR PRADESH,RAMPUR,11.74,-,75.35,34.61171516,2018,Aug,10
2018/08/10,UTTAR PRADESH,MIRZAPUR,4.97,-,42.04,36.20099016,2018,Aug,10
2018/08/10,UTTAR PRADESH,JYOTIBA PHULE NAGAR,7.06,-,54.77,28.04717906,2018,Aug,10
2018/08/10,UTTAR PRADESH,LALITPUR,8.51,-,60.86,40.58762255,2018,Aug,10
2018/08/10,UTTAR PRADESH,MAHAMAYA NAGAR,1.7,-,10.48,29.52224726,2018,Aug,10
2018/08/10,UTTAR PRADESH,MATHURA,1.78,-,11.26,27.67422032,2018,Aug,10
2018/08/10,UTTAR PRADESH,MAHOBA,3.0,-,25.66,37.04395311,2018,Aug,10
2018/08/10,UTTAR PRADESH,CHITRAKOOT,4.16,-,38.02,35.50631154,2018,Aug,10
2018/08/10,UTTAR PRADESH,SAHARANPUR,9.32,-,65.11,32.15135142,2018,Aug,10
2018/08/10,UTTAR PRADESH,KANNAUJ,10.76,-,72.22,34.8410959,2018,Aug,10
2018/08/10,UTTAR PRADESH,SANT KABIR NAGAR,11.66,-,79.72,37.12182055,2018,Aug,10
2018/08/10,UTTAR PRADESH,SONBHADRA,4.27,-,30.1,39.66096782,2018,Aug,10
2018/08/10,UTTAR PRADESH,FATEHPUR,11.36,-,78.74,35.58405061,2018,Aug,10
2018/08/10,UTTAR PRADESH,BARA BANKI,12.61,-,81.84,40.19056791,2018,Aug,10
2018/08/10,UTTAR PRADESH,AZAMGARH,3.36,-,22.15,26.32411772,2018,Aug,10
2018/08/10,UTTAR PRADESH,BAGHPAT,3.47,-,24.25,24.86085023,2018,Aug,10
2018/08/10,UTTAR PRADESH,ALIGARH,2.65,-,17.32,26.93871472,2018,Aug,10
2018/08/10,UTTAR PRADESH,HARDOI,10.78,-,71.94,35.82179746,2018,Aug,10
2018/08/10,UTTAR PRADESH,RAE BARELI,10.94,-,79.37,38.83754917,2018,Aug,10
2018/08/10,UTTAR PRADESH,GHAZIPUR,5.52,-,41.61,26.70117862,2018,Aug,10
2018/08/10,UTTAR PRADESH,KAUSHAMBI,12.44,-,85.74,37.54059027,2018,Aug,10
2018/08/10,UTTAR PRADESH,BULANDSHAHR,5.61,-,35.65,27.56395197,2018,Aug,10
2018/08/10,UTTAR PRADESH,DEORIA,7.32,-,48.01,31.42984066,2018,Aug,10
2018/08/10,UTTAR PRADESH,BAHRAICH,9.83,-,74.75,36.08081386,2018,Aug,10
2018/08/10,UTTAR PRADESH,GORAKHPUR,9.47,-,63.15,33.24908601,2018,Aug,10
2018/08/10,UTTAR PRADESH,BIJNOR,9.44,-,65.18,29.61039591,2018,Aug,10
2018/08/10,UTTAR PRADESH,BANDA,3.35,-,30.59,37.36769275,2018,Aug,10
2018/08/10,UTTAR PRADESH,MUZAFFARNAGAR,4.38,-,30.9,25.41774371,2018,Aug,10
2018/08/10,UTTAR PRADESH,SANT RAVI DAS NAGAR(BHADOHI),6.26,-,43.76,32.67568598,2018,Aug,10
2018/08/10,UTTAR PRADESH,HAMIRPUR,1.28,-,12.15,38.24410653,2018,Aug,10
2018/08/10,UTTAR PRADESH,PRATAPGARH,6.08,-,44.36,36.70353811,2018,Aug,10
2018/08/10,UTTAR PRADESH,ETAWAH,7.53,-,51.48,32.29201992,2018,Aug,10
2018/08/10,UTTAR PRADESH,MORADABAD,9.41,-,64.73,31.96117596,2018,Aug,10
2018/08/10,UTTAR PRADESH,AGRA,2.72,-,20.03,29.12291559,2018,Aug,10
2018/08/10,UTTAR PRADESH,JAUNPUR,2.78,-,19.51,28.13296223,2018,Aug,10
2018/08/10,UTTAR PRADESH,KANPUR NAGAR,10.13,-,64.95,36.37881132,2018,Aug,10
2018/08/10,UTTAR PRADESH,JHANSI,6.43,-,49.87,38.93134256,2018,Aug,10
2018/08/10,UTTAR PRADESH,SIDDHARTH NAGAR,12.77,-,87.08,41.17313624,2018,Aug,10
2018/08/10,UTTAR PRADESH,MEERUT,3.69,-,24.36,28.12470507,2018,Aug,10
2018/08/10,UTTAR PRADESH,PILIBHIT,11.29,-,73.96,33.57016671,2018,Aug,10
2018/08/10,UTTAR PRADESH,SHAHJAHANPUR,9.51,-,66.99,34.51332284,2018,Aug,10
2018/08/10,UTTAR PRADESH,KANPUR DEHAT,7.98,-,51.64,33.98707335,2018,Aug,10
2018/08/10,UTTAR PRADESH,FIROZABAD,3.58,-,25.59,30.95040028,2018,Aug,10
2018/08/10,UTTAR PRADESH,AYODHYA,9.59,-,67.21,37.20615271,2018,Aug,10
2018/08/10,UTTAR PRADESH,KUSHINAGAR,9.95,-,76.27,37.78657529,2018,Aug,10
2018/08/10,UTTAR PRADESH,JALAUN,0.91,-,6.85,37.90062349,2018,Aug,10
2018/08/10,UTTAR PRADESH,GHAZIABAD,5.6,-,35.82,27.68748607,2018,Aug,10
2018/08/10,UTTAR PRADESH,ETAH,2.56,-,15.34,32.17056885,2018,Aug,10
2018/08/10,UTTAR PRADESH,BALLIA,3.28,-,22.47,29.1127008,2018,Aug,10
2018/08/10,UTTAR PRADESH,UNNAO,12.62,-,85.55,38.06556544,2018,Aug,10
2018/08/10,UTTAR PRADESH,MAU,3.39,-,22.79,26.26210621,2018,Aug,10
2018/08/10,UTTAR PRADESH,SITAPUR,10.91,-,71.45,36.40609397,2018,Aug,10
2018/08/10,UTTAR PRADESH,PRAYAGRAJ,6.48,-,57.54,38.65746092,2018,Aug,10
2018/08/10,UTTAR PRADESH,BAREILLY,10.71,-,69.98,34.48447827,2018,Aug,10
2018/08/10,UTTAR PRADESH,SHRAWASTI,9.26,-,74.84,35.90645319,2018,Aug,10
2018/08/10,UTTAR PRADESH,SULTANPUR,7.21,-,52.59,37.3167542,2018,Aug,10
2018/08/10,UTTAR PRADESH,GONDA,12.24,-,82.68,38.63034113,2018,Aug,10
2018/08/10,UTTAR PRADESH,GAUTAM BUDDHA NAGAR,3.49,-,22.27,25.87791987,2018,Aug,10
2018/08/10,UTTAR PRADESH,KANSIRAM NAGAR,6.07,-,46.18,32.59700167,2018,Aug,10
2018/08/10,UTTAR PRADESH,MAHARAJGANJ,8.11,-,60.0,37.88941974,2018,Aug,10
2018/08/10,UTTAR PRADESH,MAINPURI,7.59,-,49.06,33.61907957,2018,Aug,10
2018/08/10,UTTAR PRADESH,VARANASI,2.04,-,15.86,29.85199191,2018,Aug,10
2018/08/10,UTTAR PRADESH,AURAIYA,8.24,-,55.82,33.50033808,2018,Aug,10
2018/08/09,UTTAR PRADESH,FARRUKHABAD,11.31,-,75.18,34.97820675,2018,Aug,9
2018/08/09,UTTAR PRADESH,LUCKNOW,11.19,-,75.43,36.07612181,2018,Aug,9
2018/08/09,UTTAR PRADESH,KHERI,10.74,-,71.81,35.62462884,2018,Aug,9
2018/08/09,UTTAR PRADESH,CHANDAULI,3.86,-,30.04,31.83200543,2018,Aug,9
2018/08/09,UTTAR PRADESH,AMBEDKAR NAGAR,8.51,-,58.13,35.46640434,2018,Aug,9
2018/08/09,UTTAR PRADESH,BUDAUN,10.81,-,78.43,35.24792591,2018,Aug,9
2018/08/09,UTTAR PRADESH,BALRAMPUR,11.67,-,77.11,35.42220386,2018,Aug,9
2018/08/09,UTTAR PRADESH,BASTI,13.75,-,86.03,38.6570447,2018,Aug,9
2018/08/09,UTTAR PRADESH,RAMPUR,12.34,-,79.1,35.90194221,2018,Aug,9
2018/08/09,UTTAR PRADESH,MIRZAPUR,5.1,-,43.23,36.4711078,2018,Aug,9
2018/08/09,UTTAR PRADESH,JYOTIBA PHULE NAGAR,7.19,-,55.66,27.9386479,2018,Aug,9
2018/08/09,UTTAR PRADESH,LALITPUR,8.54,-,61.19,41.03487745,2018,Aug,9
2018/08/09,UTTAR PRADESH,MAHAMAYA NAGAR,1.99,-,12.26,28.48902759,2018,Aug,9
2018/08/09,UTTAR PRADESH,MATHURA,1.36,-,8.63,24.98928935,2018,Aug,9
2018/08/09,UTTAR PRADESH,MAHOBA,3.22,-,27.92,38.42828892,2018,Aug,9
2018/08/09,UTTAR PRADESH,CHITRAKOOT,4.39,-,40.23,35.9386388,2018,Aug,9
2018/08/09,UTTAR PRADESH,SAHARANPUR,9.84,-,68.73,33.90873985,2018,Aug,9
2018/08/09,UTTAR PRADESH,KANNAUJ,10.96,-,73.59,35.13763433,2018,Aug,9
2018/08/09,UTTAR PRADESH,SANT KABIR NAGAR,11.7,-,79.83,37.40934623,2018,Aug,9
2018/08/09,UTTAR PRADESH,SONBHADRA,3.8,-,27.28,37.46381288,2018,Aug,9
2018/08/09,UTTAR PRADESH,FATEHPUR,11.76,-,81.29,36.77811525,2018,Aug,9
2018/08/09,UTTAR PRADESH,BARA BANKI,11.43,-,74.36,37.39483068,2018,Aug,9
2018/08/09,UTTAR PRADESH,AZAMGARH,3.66,-,24.12,27.14053964,2018,Aug,9
2018/08/09,UTTAR PRADESH,BAGHPAT,3.81,-,26.64,26.14278398,2018,Aug,9
2018/08/09,UTTAR PRADESH,ALIGARH,3.03,-,19.71,27.57468515,2018,Aug,9
2018/08/09,UTTAR PRADESH,HARDOI,11.23,-,74.86,36.78465858,2018,Aug,9
2018/08/09,UTTAR PRADESH,RAE BARELI,11.31,-,81.88,40.10402699,2018,Aug,9
2018/08/09,UTTAR PRADESH,GHAZIPUR,5.53,-,41.66,25.92329271,2018,Aug,9
2018/08/09,UTTAR PRADESH,KAUSHAMBI,11.84,-,81.86,35.63133004,2018,Aug,9
2018/08/09,UTTAR PRADESH,BULANDSHAHR,6.06,-,38.45,28.44744727,2018,Aug,9
2018/08/09,UTTAR PRADESH,DEORIA,7.7,-,50.43,32.46300799,2018,Aug,9
2018/08/09,UTTAR PRADESH,BAHRAICH,9.8,-,74.72,36.20335566,2018,Aug,9
2018/08/09,UTTAR PRADESH,GORAKHPUR,9.84,-,65.81,34.61254375,2018,Aug,9
2018/08/09,UTTAR PRADESH,BIJNOR,9.9,-,68.37,30.85333318,2018,Aug,9
2018/08/09,UTTAR PRADESH,BANDA,3.47,-,31.87,37.40438007,2018,Aug,9
2018/08/09,UTTAR PRADESH,MUZAFFARNAGAR,4.93,-,34.66,26.78726509,2018,Aug,9
2018/08/09,UTTAR PRADESH,SANT RAVI DAS NAGAR(BHADOHI),6.1,-,42.72,30.8427594,2018,Aug,9
2018/08/09,UTTAR PRADESH,HAMIRPUR,1.0,-,9.28,36.10970543,2018,Aug,9
2018/08/09,UTTAR PRADESH,PRATAPGARH,6.36,-,46.26,37.47530329,2018,Aug,9
2018/08/09,UTTAR PRADESH,ETAWAH,7.45,-,50.85,31.10180581,2018,Aug,9
2018/08/09,UTTAR PRADESH,MORADABAD,9.95,-,68.22,33.51265936,2018,Aug,9
2018/08/09,UTTAR PRADESH,AGRA,2.72,-,19.98,27.82613879,2018,Aug,9
2018/08/09,UTTAR PRADESH,JAUNPUR,2.86,-,20.03,27.34429055,2018,Aug,9
2018/08/09,UTTAR PRADESH,KANPUR NAGAR,10.91,-,69.97,38.18373663,2018,Aug,9
2018/08/09,UTTAR PRADESH,JHANSI,6.55,-,51.04,39.44684899,2018,Aug,9
2018/08/09,UTTAR PRADESH,SIDDHARTH NAGAR,11.5,-,78.06,38.26832665,2018,Aug,9
2018/08/09,UTTAR PRADESH,MEERUT,3.43,-,22.71,26.27576972,2018,Aug,9
2018/08/09,UTTAR PRADESH,PILIBHIT,11.85,-,77.48,34.85021611,2018,Aug,9
2018/08/09,UTTAR PRADESH,SHAHJAHANPUR,10.3,-,72.35,36.40640777,2018,Aug,9
2018/08/09,UTTAR PRADESH,KANPUR DEHAT,8.89,-,57.46,36.27232692,2018,Aug,9
2018/08/09,UTTAR PRADESH,FIROZABAD,3.48,-,24.87,28.35477256,2018,Aug,9
2018/08/09,UTTAR PRADESH,AYODHYA,9.13,-,64.24,36.07207511,2018,Aug,9
2018/08/09,UTTAR PRADESH,KUSHINAGAR,10.22,-,78.31,38.95347361,2018,Aug,9
2018/08/09,UTTAR PRADESH,JALAUN,1.0,-,7.72,39.56530364,2018,Aug,9
2018/08/09,UTTAR PRADESH,GHAZIABAD,5.56,-,35.58,26.57335722,2018,Aug,9
2018/08/09,UTTAR PRADESH,ETAH,2.46,-,14.74,30.23222593,2018,Aug,9
2018/08/09,UTTAR PRADESH,BALLIA,3.26,-,22.26,28.71604308,2018,Aug,9
2018/08/09,UTTAR PRADESH,UNNAO,12.33,-,83.61,37.69718038,2018,Aug,9
2018/08/09,UTTAR PRADESH,MAU,3.58,-,23.96,26.12997498,2018,Aug,9
2018/08/09,UTTAR PRADESH,SITAPUR,10.98,-,71.95,36.50494967,2018,Aug,9
2018/08/09,UTTAR PRADESH,PRAYAGRAJ,6.36,-,56.66,37.44496982,2018,Aug,9
2018/08/09,UTTAR PRADESH,BAREILLY,11.4,-,74.57,35.92634958,2018,Aug,9
2018/08/09,UTTAR PRADESH,SHRAWASTI,9.48,-,76.39,36.2720415,2018,Aug,9
2018/08/09,UTTAR PRADESH,SULTANPUR,7.47,-,54.2,39.0923053,2018,Aug,9
2018/08/09,UTTAR PRADESH,GONDA,11.52,-,77.92,36.96921246,2018,Aug,9
2018/08/09,UTTAR PRADESH,GAUTAM BUDDHA NAGAR,3.61,-,23.0,26.86592976,2018,Aug,9
2018/08/09,UTTAR PRADESH,KANSIRAM NAGAR,6.3,-,47.75,32.67004009,2018,Aug,9
2018/08/09,UTTAR PRADESH,MAHARAJGANJ,7.67,-,56.82,35.98571937,2018,Aug,9
2018/08/09,UTTAR PRADESH,MAINPURI,7.33,-,47.51,32.33603471,2018,Aug,9
2018/08/09,UTTAR PRADESH,VARANASI,2.09,-,16.26,29.25496551,2018,Aug,9
2018/08/09,UTTAR PRADESH,AURAIYA,8.84,-,59.74,34.78499489,2018,Aug,9
2018/08/08,UTTAR PRADESH,FARRUKHABAD,12.35,-,81.76,37.60381122,2018,Aug,8
2018/08/08,UTTAR PRADESH,LUCKNOW,12.31,-,82.84,38.8083337,2018,Aug,8
2018/08/08,UTTAR PRADESH,KHERI,11.63,-,77.58,37.73236511,2018,Aug,8
2018/08/08,UTTAR PRADESH,CHANDAULI,4.24,-,33.13,34.08475125,2018,Aug,8
2018/08/08,UTTAR PRADESH,AMBEDKAR NAGAR,8.66,-,59.0,35.68373916,2018,Aug,8
2018/08/08,UTTAR PRADESH,BUDAUN,11.7,-,84.22,38.0695845,2018,Aug,8
2018/08/08,UTTAR PRADESH,BALRAMPUR,12.74,-,83.95,37.78995917,2018,Aug,8
2018/08/08,UTTAR PRADESH,BASTI,14.75,-,92.36,40.87405037,2018,Aug,8
2018/08/08,UTTAR PRADESH,RAMPUR,13.52,-,86.6,38.51530712,2018,Aug,8
2018/08/08,UTTAR PRADESH,MIRZAPUR,5.31,-,44.98,37.58525135,2018,Aug,8
2018/08/08,UTTAR PRADESH,JYOTIBA PHULE NAGAR,7.52,-,57.84,30.17404523,2018,Aug,8
2018/08/08,UTTAR PRADESH,LALITPUR,8.26,-,58.66,38.64352282,2018,Aug,8
2018/08/08,UTTAR PRADESH,MAHAMAYA NAGAR,2.34,-,14.39,29.6520505,2018,Aug,8
2018/08/08,UTTAR PRADESH,MATHURA,1.63,-,10.28,26.16810969,2018,Aug,8
2018/08/08,UTTAR PRADESH,MAHOBA,3.59,-,31.84,40.46868556,2018,Aug,8
2018/08/08,UTTAR PRADESH,CHITRAKOOT,5.39,-,49.58,38.78707651,2018,Aug,8
2018/08/08,UTTAR PRADESH,SAHARANPUR,9.84,-,68.66,33.67710053,2018,Aug,8
2018/08/08,UTTAR PRADESH,KANNAUJ,12.05,-,81.15,37.93614259,2018,Aug,8
2018/08/08,UTTAR PRADESH,SANT KABIR NAGAR,12.83,-,87.85,39.98696858,2018,Aug,8
2018/08/08,UTTAR PRADESH,SONBHADRA,3.95,-,27.91,38.02405095,2018,Aug,8
2018/08/08,UTTAR PRADESH,FATEHPUR,12.23,-,84.3,38.06050721,2018,Aug,8
2018/08/08,UTTAR PRADESH,BARA BANKI,12.58,-,81.68,40.08779762,2018,Aug,8
2018/08/08,UTTAR PRADESH,AZAMGARH,3.99,-,26.21,27.97764633,2018,Aug,8
2018/08/08,UTTAR PRADESH,BAGHPAT,4.1,-,28.77,28.09463308,2018,Aug,8
2018/08/08,UTTAR PRADESH,ALIGARH,3.45,-,22.28,28.78331856,2018,Aug,8
2018/08/08,UTTAR PRADESH,HARDOI,12.49,-,83.4,39.42138832,2018,Aug,8
2018/08/08,UTTAR PRADESH,RAE BARELI,11.31,-,81.95,39.93413614,2018,Aug,8
2018/08/08,UTTAR PRADESH,GHAZIPUR,5.89,-,44.2,27.57275773,2018,Aug,8
2018/08/08,UTTAR PRADESH,KAUSHAMBI,12.8,-,88.09,38.54882534,2018,Aug,8
2018/08/08,UTTAR PRADESH,BULANDSHAHR,6.29,-,39.85,28.94923125,2018,Aug,8
2018/08/08,UTTAR PRADESH,DEORIA,8.22,-,53.76,34.02296516,2018,Aug,8
2018/08/08,UTTAR PRADESH,BAHRAICH,10.51,-,79.67,38.51946143,2018,Aug,8
2018/08/08,UTTAR PRADESH,GORAKHPUR,10.85,-,72.87,36.69025175,2018,Aug,8
2018/08/08,UTTAR PRADESH,BIJNOR,10.51,-,72.32,32.83407914,2018,Aug,8
2018/08/08,UTTAR PRADESH,BANDA,4.06,-,37.98,40.16356558,2018,Aug,8
2018/08/08,UTTAR PRADESH,MUZAFFARNAGAR,5.62,-,39.33,28.75803056,2018,Aug,8
2018/08/08,UTTAR PRADESH,SANT RAVI DAS NAGAR(BHADOHI),6.73,-,47.06,33.39424272,2018,Aug,8
2018/08/08,UTTAR PRADESH,HAMIRPUR,1.31,-,12.47,38.4836686,2018,Aug,8
2018/08/08,UTTAR PRADESH,PRATAPGARH,6.59,-,47.8,38.38468196,2018,Aug,8
2018/08/08,UTTAR PRADESH,ETAWAH,8.22,-,55.91,33.48395609,2018,Aug,8
2018/08/08,UTTAR PRADESH,MORADABAD,10.85,-,74.0,36.21225993,2018,Aug,8
2018/08/08,UTTAR PRADESH,AGRA,2.91,-,21.26,29.46491347,2018,Aug,8
2018/08/08,UTTAR PRADESH,JAUNPUR,3.13,-,21.84,29.11543651,2018,Aug,8
2018/08/08,UTTAR PRADESH,KANPUR NAGAR,11.08,-,71.04,38.66854103,2018,Aug,8
2018/08/08,UTTAR PRADESH,JHANSI,6.63,-,51.95,40.5947102,2018,Aug,8
2018/08/08,UTTAR PRADESH,SIDDHARTH NAGAR,12.57,-,85.52,40.72517528,2018,Aug,8
2018/08/08,UTTAR PRADESH,MEERUT,3.79,-,24.98,28.10586127,2018,Aug,8
2018/08/08,UTTAR PRADESH,PILIBHIT,12.89,-,83.9,37.48600708,2018,Aug,8
2018/08/08,UTTAR PRADESH,SHAHJAHANPUR,11.47,-,80.41,39.41901977,2018,Aug,8
2018/08/08,UTTAR PRADESH,KANPUR DEHAT,9.62,-,62.13,37.81548631,2018,Aug,8
2018/08/08,UTTAR PRADESH,FIROZABAD,3.83,-,27.21,30.14700101,2018,Aug,8
2018/08/08,UTTAR PRADESH,AYODHYA,9.57,-,67.09,37.44768189,2018,Aug,8
2018/08/08,UTTAR PRADESH,KUSHINAGAR,10.78,-,82.75,41.19768218,2018,Aug,8
2018/08/08,UTTAR PRADESH,JALAUN,1.08,-,8.43,40.56619252,2018,Aug,8
2018/08/08,UTTAR PRADESH,GHAZIABAD,5.85,-,37.37,28.61420648,2018,Aug,8
2018/08/08,UTTAR PRADESH,ETAH,2.76,-,16.57,31.91794236,2018,Aug,8
2018/08/08,UTTAR PRADESH,BALLIA,3.59,-,24.7,30.536669,2018,Aug,8
2018/08/08,UTTAR PRADESH,UNNAO,13.08,-,88.58,39.33383187,2018,Aug,8
2018/08/08,UTTAR PRADESH,MAU,3.9,-,26.03,28.14253211,2018,Aug,8
2018/08/08,UTTAR PRADESH,SITAPUR,12.21,-,80.04,39.10624309,2018,Aug,8
2018/08/08,UTTAR PRADESH,PRAYAGRAJ,6.86,-,60.82,39.94751757,2018,Aug,8
2018/08/08,UTTAR PRADESH,BAREILLY,12.87,-,84.46,38.96321859,2018,Aug,8
2018/08/08,UTTAR PRADESH,SHRAWASTI,10.04,-,80.4,38.90720909,2018,Aug,8
2018/08/08,UTTAR PRADESH,SULTANPUR,7.38,-,53.58,38.67446619,2018,Aug,8
2018/08/08,UTTAR PRADESH,GONDA,12.63,-,85.38,39.4499961,2018,Aug,8
2018/08/08,UTTAR PRADESH,GAUTAM BUDDHA NAGAR,3.77,-,23.99,27.74168235,2018,Aug,8
2018/08/08,UTTAR PRADESH,KANSIRAM NAGAR,6.77,-,50.94,34.95449795,2018,Aug,8
2018/08/08,UTTAR PRADESH,MAHARAJGANJ,8.41,-,62.46,38.28166313,2018,Aug,8
2018/08/08,UTTAR PRADESH,MAINPURI,8.34,-,54.14,34.83442016,2018,Aug,8
2018/08/08,UTTAR PRADESH,VARANASI,2.39,-,18.43,31.55560397,2018,Aug,8
2018/08/08,UTTAR PRADESH,AURAIYA,10.13,-,68.35,37.67324288,2018,Aug,8
2018/08/07,UTTAR PRADESH,FARRUKHABAD,13.63,-,89.85,40.86027599,2018,Aug,7
2018/08/07,UTTAR PRADESH,LUCKNOW,13.5,-,90.88,41.70950273,2018,Aug,7
2018/08/07,UTTAR PRADESH,KHERI,12.57,-,83.72,40.14590648,2018,Aug,7
2018/08/07,UTTAR PRADESH,CHANDAULI,4.66,-,36.25,35.67251042,2018,Aug,7
2018/08/07,UTTAR PRADESH,AMBEDKAR NAGAR,9.09,-,61.66,37.55964484,2018,Aug,7
2018/08/07,UTTAR PRADESH,BUDAUN,12.51,-,89.57,40.63859211,2018,Aug,7
2018/08/07,UTTAR PRADESH,BALRAMPUR,13.87,-,91.06,40.25311282,2018,Aug,7
2018/08/07,UTTAR PRADESH,BASTI,15.11,-,94.83,41.65004545,2018,Aug,7
2018/08/07,UTTAR PRADESH,RAMPUR,14.58,-,93.28,40.93354994,2018,Aug,7
2018/08/07,UTTAR PRADESH,MIRZAPUR,5.45,-,46.24,38.58336716,2018,Aug,7
2018/08/07,UTTAR PRADESH,JYOTIBA PHULE NAGAR,7.85,-,60.07,32.31486495,2018,Aug,7
2018/08/07,UTTAR PRADESH,LALITPUR,7.61,-,53.22,36.36811125,2018,Aug,7
2018/08/07,UTTAR PRADESH,MAHAMAYA NAGAR,2.62,-,16.15,30.97987146,2018,Aug,7
2018/08/07,UTTAR PRADESH,MATHURA,1.89,-,11.87,26.8290623,2018,Aug,7
2018/08/07,UTTAR PRADESH,MAHOBA,3.97,-,35.8,42.41738735,2018,Aug,7
2018/08/07,UTTAR PRADESH,CHITRAKOOT,5.98,-,56.27,41.18966923,2018,Aug,7
2018/08/07,UTTAR PRADESH,SAHARANPUR,9.97,-,69.49,33.79439947,2018,Aug,7
2018/08/07,UTTAR PRADESH,KANNAUJ,13.3,-,89.96,41.17708114,2018,Aug,7
2018/08/07,UTTAR PRADESH,SANT KABIR NAGAR,13.15,-,90.75,40.65395498,2018,Aug,7
2018/08/07,UTTAR PRADESH,SONBHADRA,4.57,-,32.11,40.89397308,2018,Aug,7
2018/08/07,UTTAR PRADESH,FATEHPUR,13.17,-,90.34,41.08564871,2018,Aug,7
2018/08/07,UTTAR PRADESH,BARA BANKI,13.73,-,89.01,42.7955401,2018,Aug,7
2018/08/07,UTTAR PRADESH,AZAMGARH,4.72,-,31.05,30.96168611,2018,Aug,7
2018/08/07,UTTAR PRADESH,BAGHPAT,4.0,-,27.92,26.90137214,2018,Aug,7
2018/08/07,UTTAR PRADESH,ALIGARH,3.92,-,25.26,30.09614701,2018,Aug,7
2018/08/07,UTTAR PRADESH,HARDOI,13.87,-,92.74,42.42837216,2018,Aug,7
2018/08/07,UTTAR PRADESH,RAE BARELI,12.04,-,86.83,42.2252318,2018,Aug,7
2018/08/07,UTTAR PRADESH,GHAZIPUR,6.53,-,48.68,30.51693787,2018,Aug,7
2018/08/07,UTTAR PRADESH,KAUSHAMBI,13.68,-,93.78,41.5473471,2018,Aug,7
2018/08/07,UTTAR PRADESH,BULANDSHAHR,6.72,-,42.52,30.65121475,2018,Aug,7
2018/08/07,UTTAR PRADESH,DEORIA,9.1,-,59.46,36.60468636,2018,Aug,7
2018/08/07,UTTAR PRADESH,BAHRAICH,11.31,-,85.25,41.32414675,2018,Aug,7
2018/08/07,UTTAR PRADESH,GORAKHPUR,11.29,-,75.78,37.97668854,2018,Aug,7
2018/08/07,UTTAR PRADESH,BIJNOR,11.02,-,75.8,34.78255178,2018,Aug,7
2018/08/07,UTTAR PRADESH,BANDA,4.59,-,43.43,42.71689857,2018,Aug,7
2018/08/07,UTTAR PRADESH,MUZAFFARNAGAR,6.34,-,44.28,30.89784292,2018,Aug,7
2018/08/07,UTTAR PRADESH,SANT RAVI DAS NAGAR(BHADOHI),7.28,-,50.85,35.74887182,2018,Aug,7
2018/08/07,UTTAR PRADESH,HAMIRPUR,1.77,-,17.27,41.76813749,2018,Aug,7
2018/08/07,UTTAR PRADESH,PRATAPGARH,7.47,-,53.87,41.26890359,2018,Aug,7
2018/08/07,UTTAR PRADESH,ETAWAH,9.62,-,65.67,36.98359767,2018,Aug,7
2018/08/07,UTTAR PRADESH,MORADABAD,11.59,-,78.84,38.55487713,2018,Aug,7
2018/08/07,UTTAR PRADESH,AGRA,3.11,-,22.67,31.03532939,2018,Aug,7
2018/08/07,UTTAR PRADESH,JAUNPUR,3.61,-,25.15,31.6002341,2018,Aug,7
2018/08/07,UTTAR PRADESH,KANPUR NAGAR,12.32,-,78.98,41.62030392,2018,Aug,7
2018/08/07,UTTAR PRADESH,JHANSI,6.79,-,53.29,42.97572805,2018,Aug,7
2018/08/07,UTTAR PRADESH,SIDDHARTH NAGAR,13.49,-,91.97,42.91189432,2018,Aug,7
2018/08/07,UTTAR PRADESH,MEERUT,3.99,-,26.22,28.76559942,2018,Aug,7
2018/08/07,UTTAR PRADESH,PILIBHIT,13.56,-,88.08,39.30398652,2018,Aug,7
2018/08/07,UTTAR PRADESH,SHAHJAHANPUR,12.41,-,86.88,41.97153999,2018,Aug,7
2018/08/07,UTTAR PRADESH,KANPUR DEHAT,10.9,-,70.42,40.83034339,2018,Aug,7
2018/08/07,UTTAR PRADESH,FIROZABAD,4.52,-,32.06,32.74368833,2018,Aug,7
2018/08/07,UTTAR PRADESH,AYODHYA,10.67,-,75.15,40.13190721,2018,Aug,7
2018/08/07,UTTAR PRADESH,KUSHINAGAR,10.94,-,83.95,41.76821653,2018,Aug,7
2018/08/07,UTTAR PRADESH,JALAUN,1.18,-,9.4,44.04225096,2018,Aug,7
2018/08/07,UTTAR PRADESH,GHAZIABAD,5.94,-,37.93,29.51478729,2018,Aug,7
2018/08/07,UTTAR PRADESH,ETAH,3.36,-,20.27,34.29477979,2018,Aug,7
2018/08/07,UTTAR PRADESH,BALLIA,4.96,-,34.48,34.45615036,2018,Aug,7
2018/08/07,UTTAR PRADESH,UNNAO,14.18,-,95.71,42.07031783,2018,Aug,7
2018/08/07,UTTAR PRADESH,MAU,4.59,-,30.45,31.2520869,2018,Aug,7
2018/08/07,UTTAR PRADESH,SITAPUR,13.64,-,89.38,42.17981667,2018,Aug,7
2018/08/07,UTTAR PRADESH,PRAYAGRAJ,7.27,-,64.26,42.15540634,2018,Aug,7
2018/08/07,UTTAR PRADESH,BAREILLY,13.99,-,91.96,41.24601062,2018,Aug,7
2018/08/07,UTTAR PRADESH,SHRAWASTI,10.84,-,86.01,42.13839196,2018,Aug,7
2018/08/07,UTTAR PRADESH,SULTANPUR,7.97,-,57.48,40.94502266,2018,Aug,7
2018/08/07,UTTAR PRADESH,GONDA,13.84,-,93.59,42.29590391,2018,Aug,7
2018/08/07,UTTAR PRADESH,GAUTAM BUDDHA NAGAR,3.87,-,24.57,28.09270942,2018,Aug,7
2018/08/07,UTTAR PRADESH,KANSIRAM NAGAR,7.2,-,53.86,36.90635695,2018,Aug,7
2018/08/07,UTTAR PRADESH,MAHARAJGANJ,9.01,-,67.11,39.96572323,2018,Aug,7
2018/08/07,UTTAR PRADESH,MAINPURI,9.71,-,63.45,37.98406102,2018,Aug,7
2018/08/07,UTTAR PRADESH,VARANASI,2.56,-,19.61,33.41206174,2018,Aug,7
2018/08/07,UTTAR PRADESH,AURAIYA,11.59,-,78.52,40.91323368,2018,Aug,7
2018/08/06,UTTAR PRADESH,FARRUKHABAD,12.65,-,83.72,39.22147808,2018,Aug,6
2018/08/06,UTTAR PRADESH,LUCKNOW,13.6,-,91.47,42.00925916,2018,Aug,6
2018/08/06,UTTAR PRADESH,KHERI,12.49,-,83.18,40.19900295,2018,Aug,6
2018/08/06,UTTAR PRADESH,CHANDAULI,4.07,-,31.98,35.11163266,2018,Aug,6
2018/08/06,UTTAR PRADESH,AMBEDKAR NAGAR,8.1,-,54.42,35.75222711,2018,Aug,6
2018/08/06,UTTAR PRADESH,BUDAUN,12.63,-,90.35,41.14801282,2018,Aug,6
2018/08/06,UTTAR PRADESH,BALRAMPUR,13.73,-,90.2,40.28126148,2018,Aug,6
2018/08/06,UTTAR PRADESH,BASTI,14.65,-,91.69,40.73744647,2018,Aug,6
2018/08/06,UTTAR PRADESH,RAMPUR,14.96,-,95.74,41.79335233,2018,Aug,6
2018/08/06,UTTAR PRADESH,MIRZAPUR,5.37,-,45.55,38.45542872,2018,Aug,6
2018/08/06,UTTAR PRADESH,JYOTIBA PHULE NAGAR,7.87,-,60.21,32.50129354,2018,Aug,6
2018/08/06,UTTAR PRADESH,LALITPUR,6.93,-,47.96,32.75509074,2018,Aug,6
2018/08/06,UTTAR PRADESH,MAHAMAYA NAGAR,2.61,-,16.09,31.22539901,2018,Aug,6
2018/08/06,UTTAR PRADESH,MATHURA,1.96,-,12.33,26.96025487,2018,Aug,6
2018/08/06,UTTAR PRADESH,MAHOBA,3.8,-,34.22,41.65381293,2018,Aug,6
2018/08/06,UTTAR PRADESH,CHITRAKOOT,5.32,-,50.38,39.79742571,2018,Aug,6
2018/08/06,UTTAR PRADESH,SAHARANPUR,10.79,-,74.73,35.43520411,2018,Aug,6
2018/08/06,UTTAR PRADESH,KANNAUJ,12.7,-,85.63,39.60425211,2018,Aug,6
2018/08/06,UTTAR PRADESH,SANT KABIR NAGAR,12.38,-,84.99,39.12873113,2018,Aug,6
2018/08/06,UTTAR PRADESH,SONBHADRA,4.46,-,31.26,41.19424446,2018,Aug,6
2018/08/06,UTTAR PRADESH,FATEHPUR,12.82,-,88.13,40.34258862,2018,Aug,6
2018/08/06,UTTAR PRADESH,BARA BANKI,13.79,-,89.36,42.98122038,2018,Aug,6
2018/08/06,UTTAR PRADESH,AZAMGARH,4.88,-,32.07,31.26727843,2018,Aug,6
2018/08/06,UTTAR PRADESH,BAGHPAT,3.98,-,27.68,26.41263952,2018,Aug,6
2018/08/06,UTTAR PRADESH,ALIGARH,4.08,-,26.31,30.89214209,2018,Aug,6
2018/08/06,UTTAR PRADESH,HARDOI,13.92,-,93.1,42.55802675,2018,Aug,6
2018/08/06,UTTAR PRADESH,RAE BARELI,12.03,-,86.74,42.26580963,2018,Aug,6
2018/08/06,UTTAR PRADESH,GHAZIPUR,6.77,-,50.43,31.40474769,2018,Aug,6
2018/08/06,UTTAR PRADESH,KAUSHAMBI,13.45,-,92.25,40.90103824,2018,Aug,6
2018/08/06,UTTAR PRADESH,BULANDSHAHR,7.0,-,44.26,31.07290676,2018,Aug,6
2018/08/06,UTTAR PRADESH,DEORIA,8.81,-,57.44,37.37032685,2018,Aug,6
2018/08/06,UTTAR PRADESH,BAHRAICH,11.35,-,85.49,41.52671863,2018,Aug,6
2018/08/06,UTTAR PRADESH,GORAKHPUR,10.85,-,72.92,37.20751224,2018,Aug,6
2018/08/06,UTTAR PRADESH,BIJNOR,11.12,-,76.57,35.11967806,2018,Aug,6
2018/08/06,UTTAR PRADESH,BANDA,4.44,-,41.91,41.69172032,2018,Aug,6
2018/08/06,UTTAR PRADESH,MUZAFFARNAGAR,6.5,-,44.55,31.85974572,2018,Aug,6
2018/08/06,UTTAR PRADESH,SANT RAVI DAS NAGAR(BHADOHI),7.1,-,49.47,36.12501687,2018,Aug,6
2018/08/06,UTTAR PRADESH,HAMIRPUR,1.54,-,14.85,39.75289389,2018,Aug,6
2018/08/06,UTTAR PRADESH,PRATAPGARH,7.32,-,52.63,41.04965615,2018,Aug,6
2018/08/06,UTTAR PRADESH,ETAWAH,8.56,-,58.44,34.72081042,2018,Aug,6
2018/08/06,UTTAR PRADESH,MORADABAD,11.85,-,80.55,39.30100488,2018,Aug,6
2018/08/06,UTTAR PRADESH,AGRA,2.85,-,20.82,28.52400078,2018,Aug,6
2018/08/06,UTTAR PRADESH,JAUNPUR,3.5,-,24.46,31.7190124,2018,Aug,6
2018/08/06,UTTAR PRADESH,KANPUR NAGAR,12.2,-,78.19,41.18152647,2018,Aug,6
2018/08/06,UTTAR PRADESH,JHANSI,6.43,-,50.13,40.95678516,2018,Aug,6
2018/08/06,UTTAR PRADESH,SIDDHARTH NAGAR,13.51,-,92.14,43.00838869,2018,Aug,6
2018/08/06,UTTAR PRADESH,MEERUT,4.15,-,27.23,29.33259277,2018,Aug,6
2018/08/06,UTTAR PRADESH,PILIBHIT,13.84,-,89.84,39.97079775,2018,Aug,6
2018/08/06,UTTAR PRADESH,SHAHJAHANPUR,12.45,-,87.24,42.1917716,2018,Aug,6
2018/08/06,UTTAR PRADESH,KANPUR DEHAT,10.76,-,69.54,40.4483538,2018,Aug,6
2018/08/06,UTTAR PRADESH,FIROZABAD,3.83,-,27.25,29.51312822,2018,Aug,6
2018/08/06,UTTAR PRADESH,AYODHYA,10.07,-,70.54,38.84955663,2018,Aug,6
2018/08/06,UTTAR PRADESH,KUSHINAGAR,10.91,-,83.7,42.09992628,2018,Aug,6
2018/08/06,UTTAR PRADESH,JALAUN,1.05,-,8.04,41.10041955,2018,Aug,6
2018/08/06,UTTAR PRADESH,GHAZIABAD,6.03,-,38.52,29.6090085,2018,Aug,6
2018/08/06,UTTAR PRADESH,ETAH,2.71,-,16.16,32.89502072,2018,Aug,6
2018/08/06,UTTAR PRADESH,BALLIA,4.06,-,28.45,33.83099349,2018,Aug,6
2018/08/06,UTTAR PRADESH,UNNAO,14.25,-,96.11,42.24198794,2018,Aug,6
2018/08/06,UTTAR PRADESH,MAU,5.25,-,34.75,32.41830195,2018,Aug,6
2018/08/06,UTTAR PRADESH,SITAPUR,13.77,-,90.24,42.5342375,2018,Aug,6
2018/08/06,UTTAR PRADESH,PRAYAGRAJ,7.3,-,64.6,42.39178164,2018,Aug,6
2018/08/06,UTTAR PRADESH,BAREILLY,14.49,-,95.39,42.29023809,2018,Aug,6
2018/08/06,UTTAR PRADESH,SHRAWASTI,10.76,-,85.41,42.00673146,2018,Aug,6
2018/08/06,UTTAR PRADESH,SULTANPUR,7.47,-,53.62,40.13107731,2018,Aug,6
2018/08/06,UTTAR PRADESH,GONDA,13.38,-,90.24,41.62892773,2018,Aug,6
2018/08/06,UTTAR PRADESH,GAUTAM BUDDHA NAGAR,4.03,-,25.65,28.25509109,2018,Aug,6
2018/08/06,UTTAR PRADESH,KANSIRAM NAGAR,7.23,-,54.12,37.47413936,2018,Aug,6
2018/08/06,UTTAR PRADESH,MAHARAJGANJ,8.7,-,64.43,39.14439379,2018,Aug,6
2018/08/06,UTTAR PRADESH,MAINPURI,8.32,-,54.04,35.03060608,2018,Aug,6
2018/08/06,UTTAR PRADESH,VARANASI,2.46,-,18.83,33.65118099,2018,Aug,6
2018/08/06,UTTAR PRADESH,AURAIYA,11.16,-,75.21,39.794234,2018,Aug,6
2018/08/05,UTTAR PRADESH,FARRUKHABAD,12.81,-,84.76,39.72605364,2018,Aug,5
2018/08/05,UTTAR PRADESH,LUCKNOW,13.31,-,89.38,41.32529835,2018,Aug,5
2018/08/05,UTTAR PRADESH,KHERI,12.7,-,84.58,40.52326704,2018,Aug,5
2018/08/05,UTTAR PRADESH,CHANDAULI,3.3,-,26.1,32.95835297,2018,Aug,5
2018/08/05,UTTAR PRADESH,AMBEDKAR NAGAR,7.64,-,51.04,35.05898227,2018,Aug,5
2018/08/05,UTTAR PRADESH,BUDAUN,12.69,-,90.72,41.30100899,2018,Aug,5
2018/08/05,UTTAR PRADESH,BALRAMPUR,13.63,-,89.52,39.87212917,2018,Aug,5
2018/08/05,UTTAR PRADESH,BASTI,14.01,-,87.63,39.4238275,2018,Aug,5
2018/08/05,UTTAR PRADESH,RAMPUR,15.05,-,96.33,42.00710811,2018,Aug,5
2018/08/05,UTTAR PRADESH,MIRZAPUR,4.85,-,41.16,36.51930005,2018,Aug,5
2018/08/05,UTTAR PRADESH,JYOTIBA PHULE NAGAR,8.42,-,63.72,34.25380206,2018,Aug,5
2018/08/05,UTTAR PRADESH,LALITPUR,6.76,-,46.79,32.18601557,2018,Aug,5
2018/08/05,UTTAR PRADESH,MAHAMAYA NAGAR,2.62,-,16.12,30.80831778,2018,Aug,5
2018/08/05,UTTAR PRADESH,MATHURA,2.08,-,13.08,26.23073548,2018,Aug,5
2018/08/05,UTTAR PRADESH,MAHOBA,3.65,-,32.59,40.90411644,2018,Aug,5
2018/08/05,UTTAR PRADESH,CHITRAKOOT,5.26,-,49.73,39.66479627,2018,Aug,5
2018/08/05,UTTAR PRADESH,SAHARANPUR,11.12,-,77.14,36.85756671,2018,Aug,5
2018/08/05,UTTAR PRADESH,KANNAUJ,12.71,-,85.85,39.81388669,2018,Aug,5
2018/08/05,UTTAR PRADESH,SANT KABIR NAGAR,12.49,-,85.85,39.3256296,2018,Aug,5
2018/08/05,UTTAR PRADESH,SONBHADRA,3.96,-,27.92,38.88246093,2018,Aug,5
2018/08/05,UTTAR PRADESH,FATEHPUR,12.73,-,87.57,40.06785194,2018,Aug,5
2018/08/05,UTTAR PRADESH,BARA BANKI,13.71,-,88.87,42.78335897,2018,Aug,5
2018/08/05,UTTAR PRADESH,AZAMGARH,5.33,-,34.98,31.71977076,2018,Aug,5
2018/08/05,UTTAR PRADESH,BAGHPAT,3.95,-,27.41,26.11689875,2018,Aug,5
2018/08/05,UTTAR PRADESH,ALIGARH,4.11,-,26.47,30.80695149,2018,Aug,5
2018/08/05,UTTAR PRADESH,HARDOI,13.9,-,92.97,42.50552809,2018,Aug,5
2018/08/05,UTTAR PRADESH,RAE BARELI,11.88,-,85.73,41.84196106,2018,Aug,5
2018/08/05,UTTAR PRADESH,GHAZIPUR,6.27,-,46.97,30.29978663,2018,Aug,5
2018/08/05,UTTAR PRADESH,KAUSHAMBI,13.46,-,92.31,40.80861392,2018,Aug,5
2018/08/05,UTTAR PRADESH,BULANDSHAHR,7.09,-,44.84,32.10809869,2018,Aug,5
2018/08/05,UTTAR PRADESH,DEORIA,7.97,-,51.68,36.71737348,2018,Aug,5
2018/08/05,UTTAR PRADESH,BAHRAICH,11.41,-,85.97,41.59895889,2018,Aug,5
2018/08/05,UTTAR PRADESH,GORAKHPUR,11.03,-,74.14,37.49778979,2018,Aug,5
2018/08/05,UTTAR PRADESH,BIJNOR,11.77,-,81.24,36.81526999,2018,Aug,5
2018/08/05,UTTAR PRADESH,BANDA,4.43,-,41.85,41.99185717,2018,Aug,5
2018/08/05,UTTAR PRADESH,MUZAFFARNAGAR,5.97,-,40.85,31.89027554,2018,Aug,5
2018/08/05,UTTAR PRADESH,SANT RAVI DAS NAGAR(BHADOHI),6.6,-,46.04,35.27658939,2018,Aug,5
2018/08/05,UTTAR PRADESH,HAMIRPUR,1.54,-,14.79,39.84994592,2018,Aug,5
2018/08/05,UTTAR PRADESH,PRATAPGARH,7.15,-,51.31,40.69955168,2018,Aug,5
2018/08/05,UTTAR PRADESH,ETAWAH,8.31,-,56.71,34.34180684,2018,Aug,5
2018/08/05,UTTAR PRADESH,MORADABAD,12.02,-,81.66,39.73393867,2018,Aug,5
2018/08/05,UTTAR PRADESH,AGRA,2.91,-,21.24,28.39802225,2018,Aug,5
2018/08/05,UTTAR PRADESH,JAUNPUR,3.49,-,24.31,31.90523559,2018,Aug,5
2018/08/05,UTTAR PRADESH,KANPUR NAGAR,12.26,-,78.55,41.3928877,2018,Aug,5
2018/08/05,UTTAR PRADESH,JHANSI,6.07,-,47.31,38.94033274,2018,Aug,5
2018/08/05,UTTAR PRADESH,SIDDHARTH NAGAR,13.49,-,91.97,42.91263657,2018,Aug,5
2018/08/05,UTTAR PRADESH,MEERUT,4.42,-,28.98,31.00532114,2018,Aug,5
2018/08/05,UTTAR PRADESH,PILIBHIT,14.38,-,93.31,40.89851758,2018,Aug,5
2018/08/05,UTTAR PRADESH,SHAHJAHANPUR,12.55,-,87.88,42.42310036,2018,Aug,5
2018/08/05,UTTAR PRADESH,KANPUR DEHAT,10.99,-,71.05,41.03247142,2018,Aug,5
2018/08/05,UTTAR PRADESH,FIROZABAD,3.95,-,28.03,30.52674041,2018,Aug,5
2018/08/05,UTTAR PRADESH,AYODHYA,9.47,-,66.16,37.40537518,2018,Aug,5
2018/08/05,UTTAR PRADESH,KUSHINAGAR,10.74,-,82.45,41.97476248,2018,Aug,5
2018/08/05,UTTAR PRADESH,JALAUN,1.05,-,8.1,41.29871011,2018,Aug,5
2018/08/05,UTTAR PRADESH,GHAZIABAD,6.28,-,40.05,30.94181293,2018,Aug,5
2018/08/05,UTTAR PRADESH,ETAH,2.93,-,17.56,33.80575561,2018,Aug,5
2018/08/05,UTTAR PRADESH,BALLIA,2.93,-,20.24,32.2732261,2018,Aug,5
2018/08/05,UTTAR PRADESH,UNNAO,14.13,-,95.34,41.89101128,2018,Aug,5
2018/08/05,UTTAR PRADESH,MAU,5.05,-,33.52,32.04610601,2018,Aug,5
2018/08/05,UTTAR PRADESH,SITAPUR,13.73,-,89.98,42.41574936,2018,Aug,5
2018/08/05,UTTAR PRADESH,PRAYAGRAJ,7.14,-,63.18,41.83275886,2018,Aug,5
2018/08/05,UTTAR PRADESH,BAREILLY,14.57,-,95.94,42.48131507,2018,Aug,5
2018/08/05,UTTAR PRADESH,SHRAWASTI,10.78,-,85.43,41.88116833,2018,Aug,5
2018/08/05,UTTAR PRADESH,SULTANPUR,7.1,-,50.77,39.38384907,2018,Aug,5
2018/08/05,UTTAR PRADESH,GONDA,12.85,-,86.58,40.71632157,2018,Aug,5
2018/08/05,UTTAR PRADESH,GAUTAM BUDDHA NAGAR,4.19,-,26.65,29.09862484,2018,Aug,5
2018/08/05,UTTAR PRADESH,KANSIRAM NAGAR,7.42,-,55.27,38.15614649,2018,Aug,5
2018/08/05,UTTAR PRADESH,MAHARAJGANJ,8.83,-,65.13,39.28746539,2018,Aug,5
2018/08/05,UTTAR PRADESH,MAINPURI,8.49,-,55.16,35.91433103,2018,Aug,5
2018/08/05,UTTAR PRADESH,VARANASI,2.32,-,17.75,32.82828578,2018,Aug,5
2018/08/05,UTTAR PRADESH,AURAIYA,11.1,-,74.74,39.739759,2018,Aug,5
2018/08/04,UTTAR PRADESH,FARRUKHABAD,12.42,-,82.27,38.87476963,2018,Aug,4
2018/08/04,UTTAR PRADESH,LUCKNOW,13.31,-,89.34,41.29902238,2018,Aug,4
2018/08/04,UTTAR PRADESH,KHERI,12.58,-,83.81,40.27756965,2018,Aug,4
2018/08/04,UTTAR PRADESH,CHANDAULI,3.35,-,26.57,33.37059715,2018,Aug,4
2018/08/04,UTTAR PRADESH,AMBEDKAR NAGAR,7.73,-,51.43,36.25839732,2018,Aug,4
2018/08/04,UTTAR PRADESH,BUDAUN,12.38,-,88.75,40.47146561,2018,Aug,4
2018/08/04,UTTAR PRADESH,BALRAMPUR,13.99,-,91.76,40.45545825,2018,Aug,4
2018/08/04,UTTAR PRADESH,BASTI,13.78,-,86.3,38.97264512,2018,Aug,4
2018/08/04,UTTAR PRADESH,RAMPUR,14.91,-,95.46,41.69807305,2018,Aug,4
2018/08/04,UTTAR PRADESH,MIRZAPUR,5.0,-,42.38,37.148877,2018,Aug,4
2018/08/04,UTTAR PRADESH,JYOTIBA PHULE NAGAR,8.02,-,61.15,33.48184362,2018,Aug,4
2018/08/04,UTTAR PRADESH,LALITPUR,6.78,-,47.0,32.25208802,2018,Aug,4
2018/08/04,UTTAR PRADESH,MAHAMAYA NAGAR,2.69,-,16.57,30.84287536,2018,Aug,4
2018/08/04,UTTAR PRADESH,MATHURA,2.22,-,13.96,26.67846581,2018,Aug,4
2018/08/04,UTTAR PRADESH,MAHOBA,3.59,-,32.02,40.64311685,2018,Aug,4
2018/08/04,UTTAR PRADESH,CHITRAKOOT,5.32,-,50.22,39.8162017,2018,Aug,4
2018/08/04,UTTAR PRADESH,SAHARANPUR,8.82,-,61.75,32.00674949,2018,Aug,4
2018/08/04,UTTAR PRADESH,KANNAUJ,12.54,-,84.65,39.2733481,2018,Aug,4
2018/08/04,UTTAR PRADESH,SANT KABIR NAGAR,12.65,-,87.24,39.63265246,2018,Aug,4
2018/08/04,UTTAR PRADESH,SONBHADRA,4.31,-,30.08,39.63265981,2018,Aug,4
2018/08/04,UTTAR PRADESH,FATEHPUR,12.74,-,87.64,40.1952595,2018,Aug,4
2018/08/04,UTTAR PRADESH,BARA BANKI,13.72,-,88.95,42.79839341,2018,Aug,4
2018/08/04,UTTAR PRADESH,AZAMGARH,6.45,-,42.44,33.48723083,2018,Aug,4
2018/08/04,UTTAR PRADESH,BAGHPAT,3.99,-,27.48,22.42180828,2018,Aug,4
2018/08/04,UTTAR PRADESH,ALIGARH,4.16,-,26.76,30.91826887,2018,Aug,4
2018/08/04,UTTAR PRADESH,HARDOI,13.85,-,92.64,42.36452088,2018,Aug,4
2018/08/04,UTTAR PRADESH,RAE BARELI,11.86,-,85.6,41.85450321,2018,Aug,4
2018/08/04,UTTAR PRADESH,GHAZIPUR,6.69,-,50.02,31.17515673,2018,Aug,4
2018/08/04,UTTAR PRADESH,KAUSHAMBI,13.51,-,92.61,40.99185417,2018,Aug,4
2018/08/04,UTTAR PRADESH,BULANDSHAHR,6.94,-,43.85,31.70483563,2018,Aug,4
2018/08/04,UTTAR PRADESH,DEORIA,8.22,-,53.18,37.57296436,2018,Aug,4
2018/08/04,UTTAR PRADESH,BAHRAICH,11.37,-,85.73,41.46794967,2018,Aug,4
2018/08/04,UTTAR PRADESH,GORAKHPUR,11.46,-,77.06,38.31160422,2018,Aug,4
2018/08/04,UTTAR PRADESH,BIJNOR,10.68,-,73.51,34.5099667,2018,Aug,4
2018/08/04,UTTAR PRADESH,BANDA,4.48,-,42.38,41.86010746,2018,Aug,4
2018/08/04,UTTAR PRADESH,MUZAFFARNAGAR,4.06,-,28.6,25.93457644,2018,Aug,4
2018/08/04,UTTAR PRADESH,SANT RAVI DAS NAGAR(BHADOHI),6.45,-,44.82,35.7674215,2018,Aug,4
2018/08/04,UTTAR PRADESH,HAMIRPUR,1.52,-,14.56,39.2899045,2018,Aug,4
2018/08/04,UTTAR PRADESH,PRATAPGARH,7.13,-,51.11,40.99247218,2018,Aug,4
2018/08/04,UTTAR PRADESH,ETAWAH,8.33,-,56.81,34.10093096,2018,Aug,4
2018/08/04,UTTAR PRADESH,MORADABAD,11.64,-,79.19,38.98872363,2018,Aug,4
2018/08/04,UTTAR PRADESH,AGRA,2.98,-,21.72,28.80924643,2018,Aug,4
2018/08/04,UTTAR PRADESH,JAUNPUR,3.98,-,27.51,33.23487137,2018,Aug,4
2018/08/04,UTTAR PRADESH,KANPUR NAGAR,12.36,-,79.2,41.5560869,2018,Aug,4
2018/08/04,UTTAR PRADESH,JHANSI,6.18,-,48.25,39.37649913,2018,Aug,4
2018/08/04,UTTAR PRADESH,SIDDHARTH NAGAR,13.48,-,91.95,42.89145151,2018,Aug,4
2018/08/04,UTTAR PRADESH,MEERUT,3.68,-,24.31,27.54619621,2018,Aug,4
2018/08/04,UTTAR PRADESH,PILIBHIT,13.96,-,90.67,39.97074346,2018,Aug,4
2018/08/04,UTTAR PRADESH,SHAHJAHANPUR,12.33,-,86.35,41.95559375,2018,Aug,4
2018/08/04,UTTAR PRADESH,KANPUR DEHAT,11.12,-,71.89,41.28309315,2018,Aug,4
2018/08/04,UTTAR PRADESH,FIROZABAD,3.99,-,28.32,30.1898843,2018,Aug,4
2018/08/04,UTTAR PRADESH,AYODHYA,9.6,-,67.35,37.81240641,2018,Aug,4
2018/08/04,UTTAR PRADESH,KUSHINAGAR,10.66,-,81.86,42.09564924,2018,Aug,4
2018/08/04,UTTAR PRADESH,JALAUN,1.06,-,8.21,41.2956536,2018,Aug,4
2018/08/04,UTTAR PRADESH,GHAZIABAD,5.88,-,37.54,28.74351143,2018,Aug,4
2018/08/04,UTTAR PRADESH,ETAH,2.61,-,15.59,33.28608459,2018,Aug,4
2018/08/04,UTTAR PRADESH,BALLIA,3.08,-,21.24,32.77367127,2018,Aug,4
2018/08/04,UTTAR PRADESH,UNNAO,14.14,-,95.4,41.95155923,2018,Aug,4
2018/08/04,UTTAR PRADESH,MAU,5.9,-,39.18,33.47587975,2018,Aug,4
2018/08/04,UTTAR PRADESH,SITAPUR,13.63,-,89.37,42.18999657,2018,Aug,4
2018/08/04,UTTAR PRADESH,PRAYAGRAJ,7.15,-,63.32,41.9414481,2018,Aug,4
2018/08/04,UTTAR PRADESH,BAREILLY,14.42,-,94.87,42.14210163,2018,Aug,4
2018/08/04,UTTAR PRADESH,SHRAWASTI,11.01,-,86.98,42.32657616,2018,Aug,4
2018/08/04,UTTAR PRADESH,SULTANPUR,7.23,-,51.29,40.26408527,2018,Aug,4
2018/08/04,UTTAR PRADESH,GONDA,12.73,-,85.82,40.58253434,2018,Aug,4
2018/08/04,UTTAR PRADESH,GAUTAM BUDDHA NAGAR,4.07,-,25.88,28.650159,2018,Aug,4
2018/08/04,UTTAR PRADESH,KANSIRAM NAGAR,6.98,-,52.45,37.11776525,2018,Aug,4
2018/08/04,UTTAR PRADESH,MAHARAJGANJ,9.45,-,69.51,40.49325978,2018,Aug,4
2018/08/04,UTTAR PRADESH,MAINPURI,8.05,-,52.32,34.96870711,2018,Aug,4
2018/08/04,UTTAR PRADESH,VARANASI,2.48,-,18.87,33.80546634,2018,Aug,4
2018/08/04,UTTAR PRADESH,AURAIYA,11.17,-,75.08,39.83003799,2018,Aug,4
2018/08/03,UTTAR PRADESH,FARRUKHABAD,12.54,-,83.01,39.18452142,2018,Aug,3
2018/08/03,UTTAR PRADESH,LUCKNOW,13.51,-,90.78,41.81009192,2018,Aug,3
2018/08/03,UTTAR PRADESH,KHERI,12.1,-,80.63,39.48628642,2018,Aug,3
2018/08/03,UTTAR PRADESH,CHANDAULI,3.51,-,27.9,34.37587239,2018,Aug,3
2018/08/03,UTTAR PRADESH,AMBEDKAR NAGAR,6.62,-,43.85,35.66513652,2018,Aug,3
2018/08/03,UTTAR PRADESH,BUDAUN,11.93,-,85.81,39.3347681,2018,Aug,3
2018/08/03,UTTAR PRADESH,BALRAMPUR,13.69,-,89.93,40.04970594,2018,Aug,3
2018/08/03,UTTAR PRADESH,BASTI,13.69,-,85.84,38.80800524,2018,Aug,3
2018/08/03,UTTAR PRADESH,RAMPUR,14.34,-,91.83,40.39576352,2018,Aug,3
2018/08/03,UTTAR PRADESH,MIRZAPUR,5.32,-,44.98,38.54543617,2018,Aug,3
2018/08/03,UTTAR PRADESH,JYOTIBA PHULE NAGAR,7.84,-,59.98,33.11583082,2018,Aug,3
2018/08/03,UTTAR PRADESH,LALITPUR,7.33,-,51.22,34.4285987,2018,Aug,3
2018/08/03,UTTAR PRADESH,MAHAMAYA NAGAR,2.99,-,18.46,30.77738379,2018,Aug,3
2018/08/03,UTTAR PRADESH,MATHURA,2.56,-,16.03,27.28970391,2018,Aug,3
2018/08/03,UTTAR PRADESH,MAHOBA,3.78,-,33.95,41.77954294,2018,Aug,3
2018/08/03,UTTAR PRADESH,CHITRAKOOT,5.54,-,52.37,40.47006617,2018,Aug,3
2018/08/03,UTTAR PRADESH,SAHARANPUR,9.8,-,68.43,34.38763582,2018,Aug,3
2018/08/03,UTTAR PRADESH,KANNAUJ,12.96,-,87.58,40.39493085,2018,Aug,3
2018/08/03,UTTAR PRADESH,SANT KABIR NAGAR,12.46,-,86.08,39.26619858,2018,Aug,3
2018/08/03,UTTAR PRADESH,SONBHADRA,5.11,-,35.15,41.56506462,2018,Aug,3
2018/08/03,UTTAR PRADESH,FATEHPUR,12.98,-,89.17,40.85526337,2018,Aug,3
2018/08/03,UTTAR PRADESH,BARA BANKI,13.77,-,89.23,42.905318,2018,Aug,3
2018/08/03,UTTAR PRADESH,AZAMGARH,5.68,-,37.4,32.75577952,2018,Aug,3
2018/08/03,UTTAR PRADESH,BAGHPAT,4.38,-,30.14,22.82030948,2018,Aug,3
2018/08/03,UTTAR PRADESH,ALIGARH,4.3,-,27.6,30.70427341,2018,Aug,3
2018/08/03,UTTAR PRADESH,HARDOI,13.92,-,93.13,42.56464244,2018,Aug,3
2018/08/03,UTTAR PRADESH,RAE BARELI,11.87,-,85.63,41.99699573,2018,Aug,3
2018/08/03,UTTAR PRADESH,GHAZIPUR,7.38,-,54.79,32.6929299,2018,Aug,3
2018/08/03,UTTAR PRADESH,KAUSHAMBI,13.65,-,93.52,41.52992015,2018,Aug,3
2018/08/03,UTTAR PRADESH,BULANDSHAHR,6.86,-,43.37,31.63740475,2018,Aug,3
2018/08/03,UTTAR PRADESH,DEORIA,7.38,-,47.63,36.36273574,2018,Aug,3
2018/08/03,UTTAR PRADESH,BAHRAICH,11.3,-,85.26,41.24029661,2018,Aug,3
2018/08/03,UTTAR PRADESH,GORAKHPUR,10.92,-,73.07,37.58453708,2018,Aug,3
2018/08/03,UTTAR PRADESH,BIJNOR,11.32,-,78.21,35.84766971,2018,Aug,3
2018/08/03,UTTAR PRADESH,BANDA,4.55,-,43.16,42.46686108,2018,Aug,3
2018/08/03,UTTAR PRADESH,MUZAFFARNAGAR,4.33,-,30.35,26.10611011,2018,Aug,3
2018/08/03,UTTAR PRADESH,SANT RAVI DAS NAGAR(BHADOHI),6.42,-,44.31,36.97880723,2018,Aug,3
2018/08/03,UTTAR PRADESH,HAMIRPUR,1.66,-,15.98,40.48725819,2018,Aug,3
2018/08/03,UTTAR PRADESH,PRATAPGARH,7.23,-,51.77,41.52656386,2018,Aug,3
2018/08/03,UTTAR PRADESH,ETAWAH,9.02,-,61.5,35.92876401,2018,Aug,3
2018/08/03,UTTAR PRADESH,MORADABAD,10.47,-,71.4,36.43302503,2018,Aug,3
2018/08/03,UTTAR PRADESH,AGRA,3.18,-,23.0,29.69379173,2018,Aug,3
2018/08/03,UTTAR PRADESH,JAUNPUR,3.87,-,26.94,33.71401486,2018,Aug,3
2018/08/03,UTTAR PRADESH,KANPUR NAGAR,12.53,-,80.35,42.11599633,2018,Aug,3
2018/08/03,UTTAR PRADESH,JHANSI,6.38,-,49.78,40.86839463,2018,Aug,3
2018/08/03,UTTAR PRADESH,SIDDHARTH NAGAR,13.47,-,91.84,42.86844118,2018,Aug,3
2018/08/03,UTTAR PRADESH,MEERUT,3.86,-,25.46,27.74891443,2018,Aug,3
2018/08/03,UTTAR PRADESH,PILIBHIT,13.22,-,86.01,38.70445973,2018,Aug,3
2018/08/03,UTTAR PRADESH,SHAHJAHANPUR,12.14,-,85.1,41.69614164,2018,Aug,3
2018/08/03,UTTAR PRADESH,KANPUR DEHAT,11.36,-,73.41,41.88959124,2018,Aug,3
2018/08/03,UTTAR PRADESH,FIROZABAD,4.24,-,29.95,31.06555874,2018,Aug,3
2018/08/03,UTTAR PRADESH,AYODHYA,9.49,-,66.11,37.89333628,2018,Aug,3
2018/08/03,UTTAR PRADESH,KUSHINAGAR,10.05,-,77.02,41.05525732,2018,Aug,3
2018/08/03,UTTAR PRADESH,JALAUN,1.12,-,8.72,42.67444871,2018,Aug,3
2018/08/03,UTTAR PRADESH,GHAZIABAD,5.96,-,38.08,29.13132581,2018,Aug,3
2018/08/03,UTTAR PRADESH,ETAH,2.55,-,15.17,33.13615869,2018,Aug,3
2018/08/03,UTTAR PRADESH,BALLIA,2.93,-,20.06,32.59558964,2018,Aug,3
2018/08/03,UTTAR PRADESH,UNNAO,14.23,-,96.0,42.23408616,2018,Aug,3
2018/08/03,UTTAR PRADESH,MAU,5.47,-,36.49,33.09044162,2018,Aug,3
2018/08/03,UTTAR PRADESH,SITAPUR,13.71,-,89.83,42.35437549,2018,Aug,3
2018/08/03,UTTAR PRADESH,PRAYAGRAJ,7.3,-,64.68,42.6270517,2018,Aug,3
2018/08/03,UTTAR PRADESH,BAREILLY,14.32,-,94.02,41.9141231,2018,Aug,3
2018/08/03,UTTAR PRADESH,SHRAWASTI,10.65,-,84.67,41.72261593,2018,Aug,3
2018/08/03,UTTAR PRADESH,SULTANPUR,6.13,-,43.46,39.05051351,2018,Aug,3
2018/08/03,UTTAR PRADESH,GONDA,12.84,-,86.58,40.79793957,2018,Aug,3
2018/08/03,UTTAR PRADESH,GAUTAM BUDDHA NAGAR,4.36,-,27.68,28.78393986,2018,Aug,3
2018/08/03,UTTAR PRADESH,KANSIRAM NAGAR,7.1,-,53.23,37.26522766,2018,Aug,3
2018/08/03,UTTAR PRADESH,MAHARAJGANJ,9.14,-,67.3,39.93724543,2018,Aug,3
2018/08/03,UTTAR PRADESH,MAINPURI,8.17,-,53.36,35.60344892,2018,Aug,3
2018/08/03,UTTAR PRADESH,VARANASI,2.7,-,20.37,34.86684664,2018,Aug,3
2018/08/03,UTTAR PRADESH,AURAIYA,11.53,-,77.71,40.7858905,2018,Aug,3
2018/08/02,UTTAR PRADESH,FARRUKHABAD,12.63,-,83.55,39.37992414,2018,Aug,2
2018/08/02,UTTAR PRADESH,LUCKNOW,13.59,-,91.45,41.92907682,2018,Aug,2
2018/08/02,UTTAR PRADESH,KHERI,12.7,-,84.53,40.65110738,2018,Aug,2
2018/08/02,UTTAR PRADESH,CHANDAULI,3.74,-,29.98,35.97482624,2018,Aug,2
2018/08/02,UTTAR PRADESH,AMBEDKAR NAGAR,5.79,-,38.28,35.12857764,2018,Aug,2
2018/08/02,UTTAR PRADESH,BUDAUN,11.53,-,83.27,38.20482535,2018,Aug,2
2018/08/02,UTTAR PRADESH,BALRAMPUR,13.66,-,89.75,40.22942478,2018,Aug,2
2018/08/02,UTTAR PRADESH,BASTI,12.55,-,78.79,36.66345447,2018,Aug,2
2018/08/02,UTTAR PRADESH,RAMPUR,14.33,-,91.86,40.28980792,2018,Aug,2
2018/08/02,UTTAR PRADESH,MIRZAPUR,5.08,-,42.99,38.59688779,2018,Aug,2
2018/08/02,UTTAR PRADESH,JYOTIBA PHULE NAGAR,8.4,-,63.61,34.51229633,2018,Aug,2
2018/08/02,UTTAR PRADESH,LALITPUR,7.55,-,52.99,35.4155218,2018,Aug,2
2018/08/02,UTTAR PRADESH,MAHAMAYA NAGAR,3.23,-,19.93,31.72290624,2018,Aug,2
2018/08/02,UTTAR PRADESH,MATHURA,2.82,-,17.66,28.10273698,2018,Aug,2
2018/08/02,UTTAR PRADESH,MAHOBA,3.76,-,33.71,41.73890262,2018,Aug,2
2018/08/02,UTTAR PRADESH,CHITRAKOOT,5.26,-,49.32,39.66658335,2018,Aug,2
2018/08/02,UTTAR PRADESH,SAHARANPUR,7.23,-,50.97,28.42634348,2018,Aug,2
2018/08/02,UTTAR PRADESH,KANNAUJ,12.58,-,85.17,39.67015965,2018,Aug,2
2018/08/02,UTTAR PRADESH,SANT KABIR NAGAR,11.35,-,78.58,37.02859429,2018,Aug,2
2018/08/02,UTTAR PRADESH,SONBHADRA,4.75,-,32.93,41.76750355,2018,Aug,2
2018/08/02,UTTAR PRADESH,FATEHPUR,12.68,-,87.24,39.7782694,2018,Aug,2
2018/08/02,UTTAR PRADESH,BARA BANKI,13.75,-,89.04,42.88757366,2018,Aug,2
2018/08/02,UTTAR PRADESH,AZAMGARH,5.55,-,36.53,33.19539034,2018,Aug,2
2018/08/02,UTTAR PRADESH,BAGHPAT,4.85,-,33.4,23.96253806,2018,Aug,2
2018/08/02,UTTAR PRADESH,ALIGARH,4.53,-,29.0,31.13535525,2018,Aug,2
2018/08/02,UTTAR PRADESH,HARDOI,13.83,-,92.54,42.3936652,2018,Aug,2
2018/08/02,UTTAR PRADESH,RAE BARELI,11.5,-,82.93,41.15109593,2018,Aug,2
2018/08/02,UTTAR PRADESH,GHAZIPUR,6.5,-,48.51,31.87380687,2018,Aug,2
2018/08/02,UTTAR PRADESH,KAUSHAMBI,13.45,-,92.28,40.66092374,2018,Aug,2
2018/08/02,UTTAR PRADESH,BULANDSHAHR,6.98,-,44.13,32.26054275,2018,Aug,2
2018/08/02,UTTAR PRADESH,DEORIA,7.36,-,47.57,36.81110662,2018,Aug,2
2018/08/02,UTTAR PRADESH,BAHRAICH,11.57,-,87.1,41.90939863,2018,Aug,2
2018/08/02,UTTAR PRADESH,GORAKHPUR,10.27,-,68.38,36.4918244,2018,Aug,2
2018/08/02,UTTAR PRADESH,BIJNOR,11.39,-,78.56,36.34880914,2018,Aug,2
2018/08/02,UTTAR PRADESH,BANDA,4.43,-,41.94,42.06443899,2018,Aug,2
2018/08/02,UTTAR PRADESH,MUZAFFARNAGAR,4.38,-,30.73,26.67223274,2018,Aug,2
2018/08/02,UTTAR PRADESH,SANT RAVI DAS NAGAR(BHADOHI),5.84,-,40.28,37.27763592,2018,Aug,2
2018/08/02,UTTAR PRADESH,HAMIRPUR,1.59,-,15.39,40.47099713,2018,Aug,2
2018/08/02,UTTAR PRADESH,PRATAPGARH,6.9,-,49.37,41.01684264,2018,Aug,2
2018/08/02,UTTAR PRADESH,ETAWAH,9.27,-,63.48,36.5516102,2018,Aug,2
2018/08/02,UTTAR PRADESH,MORADABAD,10.98,-,74.79,37.63056987,2018,Aug,2
2018/08/02,UTTAR PRADESH,AGRA,3.46,-,25.03,31.16320305,2018,Aug,2
2018/08/02,UTTAR PRADESH,JAUNPUR,3.34,-,23.28,33.89079268,2018,Aug,2
2018/08/02,UTTAR PRADESH,KANPUR NAGAR,12.33,-,79.03,41.69493353,2018,Aug,2
2018/08/02,UTTAR PRADESH,JHANSI,6.43,-,50.07,41.24934377,2018,Aug,2
2018/08/02,UTTAR PRADESH,SIDDHARTH NAGAR,13.36,-,91.13,42.65288748,2018,Aug,2
2018/08/02,UTTAR PRADESH,MEERUT,3.98,-,26.22,28.39633914,2018,Aug,2
2018/08/02,UTTAR PRADESH,PILIBHIT,13.92,-,90.45,40.07608445,2018,Aug,2
2018/08/02,UTTAR PRADESH,SHAHJAHANPUR,12.32,-,86.23,42.0203927,2018,Aug,2
2018/08/02,UTTAR PRADESH,KANPUR DEHAT,11.25,-,72.7,41.67903962,2018,Aug,2
2018/08/02,UTTAR PRADESH,FIROZABAD,5.14,-,36.08,33.25450283,2018,Aug,2
2018/08/02,UTTAR PRADESH,AYODHYA,9.2,-,64.02,37.75669391,2018,Aug,2
2018/08/02,UTTAR PRADESH,KUSHINAGAR,9.29,-,71.25,40.20727357,2018,Aug,2
2018/08/02,UTTAR PRADESH,JALAUN,1.1,-,8.59,42.93052594,2018,Aug,2
2018/08/02,UTTAR PRADESH,GHAZIABAD,6.17,-,39.42,29.9833911,2018,Aug,2
2018/08/02,UTTAR PRADESH,ETAH,3.51,-,21.15,35.51139587,2018,Aug,2
2018/08/02,UTTAR PRADESH,BALLIA,3.65,-,25.55,34.36429121,2018,Aug,2
2018/08/02,UTTAR PRADESH,UNNAO,14.12,-,95.31,41.84207672,2018,Aug,2
2018/08/02,UTTAR PRADESH,MAU,5.28,-,35.27,32.99760819,2018,Aug,2
2018/08/02,UTTAR PRADESH,SITAPUR,13.76,-,90.14,42.50369801,2018,Aug,2
2018/08/02,UTTAR PRADESH,PRAYAGRAJ,6.89,-,61.14,41.64682967,2018,Aug,2
2018/08/02,UTTAR PRADESH,BAREILLY,14.38,-,94.55,42.07031151,2018,Aug,2
2018/08/02,UTTAR PRADESH,SHRAWASTI,10.57,-,84.08,41.66342392,2018,Aug,2
2018/08/02,UTTAR PRADESH,SULTANPUR,5.43,-,37.93,38.6010197,2018,Aug,2
2018/08/02,UTTAR PRADESH,GONDA,12.72,-,85.94,40.68889649,2018,Aug,2
2018/08/02,UTTAR PRADESH,GAUTAM BUDDHA NAGAR,4.6,-,29.22,29.72043785,2018,Aug,2
2018/08/02,UTTAR PRADESH,KANSIRAM NAGAR,7.64,-,56.56,37.99055236,2018,Aug,2
2018/08/02,UTTAR PRADESH,MAHARAJGANJ,8.92,-,65.27,39.49474453,2018,Aug,2
2018/08/02,UTTAR PRADESH,MAINPURI,8.8,-,57.57,37.07307397,2018,Aug,2
2018/08/02,UTTAR PRADESH,VARANASI,2.87,-,21.5,36.03664039,2018,Aug,2
2018/08/02,UTTAR PRADESH,AURAIYA,11.49,-,77.61,40.74480042,2018,Aug,2
2018/08/01,UTTAR PRADESH,FARRUKHABAD,11.15,-,74.16,37.01517096,2018,Aug,1
2018/08/01,UTTAR PRADESH,LUCKNOW,13.28,-,89.32,41.0879495,2018,Aug,1
2018/08/01,UTTAR PRADESH,KHERI,11.87,-,79.07,39.19006852,2018,Aug,1
2018/08/01,UTTAR PRADESH,CHANDAULI,2.3,-,18.58,31.76467761,2018,Aug,1
2018/08/01,UTTAR PRADESH,AMBEDKAR NAGAR,6.38,-,42.37,36.7837715,2018,Aug,1
2018/08/01,UTTAR PRADESH,BUDAUN,8.8,-,65.51,33.55947703,2018,Aug,1
2018/08/01,UTTAR PRADESH,BALRAMPUR,12.64,-,83.39,38.23554968,2018,Aug,1
2018/08/01,UTTAR PRADESH,BASTI,12.34,-,77.56,36.26710724,2018,Aug,1
2018/08/01,UTTAR PRADESH,RAMPUR,10.94,-,70.2,33.55100304,2018,Aug,1
2018/08/01,UTTAR PRADESH,MIRZAPUR,3.75,-,31.76,33.44971027,2018,Aug,1
2018/08/01,UTTAR PRADESH,JYOTIBA PHULE NAGAR,6.24,-,49.49,29.48570793,2018,Aug,1
2018/08/01,UTTAR PRADESH,LALITPUR,7.78,-,54.92,36.42947876,2018,Aug,1
2018/08/01,UTTAR PRADESH,MAHAMAYA NAGAR,3.45,-,21.29,32.07904341,2018,Aug,1
2018/08/01,UTTAR PRADESH,MATHURA,3.23,-,20.25,28.64366365,2018,Aug,1
2018/08/01,UTTAR PRADESH,MAHOBA,3.82,-,34.37,42.08798986,2018,Aug,1
2018/08/01,UTTAR PRADESH,CHITRAKOOT,4.85,-,45.39,38.44157446,2018,Aug,1
2018/08/01,UTTAR PRADESH,SAHARANPUR,7.52,-,52.86,28.25967314,2018,Aug,1
2018/08/01,UTTAR PRADESH,KANNAUJ,11.81,-,80.03,38.05739038,2018,Aug,1
2018/08/01,UTTAR PRADESH,SANT KABIR NAGAR,11.04,-,76.51,36.4450129,2018,Aug,1
2018/08/01,UTTAR PRADESH,SONBHADRA,3.91,-,26.84,39.93548112,2018,Aug,1
2018/08/01,UTTAR PRADESH,FATEHPUR,12.15,-,83.88,38.61725119,2018,Aug,1
2018/08/01,UTTAR PRADESH,BARA BANKI,12.28,-,79.52,40.12088366,2018,Aug,1
2018/08/01,UTTAR PRADESH,AZAMGARH,4.06,-,26.74,30.72899314,2018,Aug,1
2018/08/01,UTTAR PRADESH,BAGHPAT,5.43,-,37.32,24.71429194,2018,Aug,1
2018/08/01,UTTAR PRADESH,ALIGARH,4.75,-,30.27,31.34771367,2018,Aug,1
2018/08/01,UTTAR PRADESH,HARDOI,13.46,-,90.03,41.57882003,2018,Aug,1
2018/08/01,UTTAR PRADESH,RAE BARELI,10.24,-,73.82,38.94628919,2018,Aug,1
2018/08/01,UTTAR PRADESH,GHAZIPUR,5.36,-,40.7,29.65190439,2018,Aug,1
2018/08/01,UTTAR PRADESH,KAUSHAMBI,12.84,-,88.2,38.98276082,2018,Aug,1
2018/08/01,UTTAR PRADESH,BULANDSHAHR,6.47,-,40.86,29.93280878,2018,Aug,1
2018/08/01,UTTAR PRADESH,DEORIA,6.29,-,40.28,36.76092373,2018,Aug,1
2018/08/01,UTTAR PRADESH,BAHRAICH,10.94,-,82.78,40.47103632,2018,Aug,1
2018/08/01,UTTAR PRADESH,GORAKHPUR,10.09,-,67.36,36.59923861,2018,Aug,1
2018/08/01,UTTAR PRADESH,BIJNOR,7.46,-,52.37,29.33681012,2018,Aug,1
2018/08/01,UTTAR PRADESH,BANDA,4.39,-,41.62,42.22809622,2018,Aug,1
2018/08/01,UTTAR PRADESH,MUZAFFARNAGAR,4.62,-,32.31,25.32690092,2018,Aug,1
2018/08/01,UTTAR PRADESH,SANT RAVI DAS NAGAR(BHADOHI),3.3,-,23.39,30.68602533,2018,Aug,1
2018/08/01,UTTAR PRADESH,HAMIRPUR,1.72,-,16.66,41.52453064,2018,Aug,1
2018/08/01,UTTAR PRADESH,PRATAPGARH,5.39,-,38.49,38.31153373,2018,Aug,1
2018/08/01,UTTAR PRADESH,ETAWAH,8.73,-,59.86,35.91988465,2018,Aug,1
2018/08/01,UTTAR PRADESH,MORADABAD,7.39,-,51.36,31.4005273,2018,Aug,1
2018/08/01,UTTAR PRADESH,AGRA,3.53,-,25.48,31.37918973,2018,Aug,1
2018/08/01,UTTAR PRADESH,JAUNPUR,1.58,-,11.22,29.3004573,2018,Aug,1
2018/08/01,UTTAR PRADESH,KANPUR NAGAR,12.18,-,78.03,41.54019943,2018,Aug,1
2018/08/01,UTTAR PRADESH,JHANSI,6.46,-,50.25,41.89595294,2018,Aug,1
2018/08/01,UTTAR PRADESH,SIDDHARTH NAGAR,12.6,-,85.74,40.86187498,2018,Aug,1
2018/08/01,UTTAR PRADESH,MEERUT,4.04,-,26.4,26.62744121,2018,Aug,1
2018/08/01,UTTAR PRADESH,PILIBHIT,12.44,-,81.06,37.19107893,2018,Aug,1
2018/08/01,UTTAR PRADESH,SHAHJAHANPUR,11.27,-,78.79,39.53616044,2018,Aug,1
2018/08/01,UTTAR PRADESH,KANPUR DEHAT,11.14,-,71.92,41.54201867,2018,Aug,1
2018/08/01,UTTAR PRADESH,FIROZABAD,4.61,-,32.54,32.46697276,2018,Aug,1
2018/08/01,UTTAR PRADESH,AYODHYA,8.99,-,62.65,37.7724507,2018,Aug,1
2018/08/01,UTTAR PRADESH,KUSHINAGAR,7.72,-,59.69,39.59142958,2018,Aug,1
2018/08/01,UTTAR PRADESH,JALAUN,1.11,-,8.61,43.61530381,2018,Aug,1
2018/08/01,UTTAR PRADESH,GHAZIABAD,6.12,-,39.16,28.44029977,2018,Aug,1
2018/08/01,UTTAR PRADESH,ETAH,2.69,-,16.15,34.52946754,2018,Aug,1
2018/08/01,UTTAR PRADESH,BALLIA,1.97,-,13.4,32.01731616,2018,Aug,1
2018/08/01,UTTAR PRADESH,UNNAO,13.5,-,91.31,40.53100139,2018,Aug,1
2018/08/01,UTTAR PRADESH,MAU,4.26,-,28.49,31.650425,2018,Aug,1
2018/08/01,UTTAR PRADESH,SITAPUR,13.6,-,89.1,42.09024824,2018,Aug,1
2018/08/01,UTTAR PRADESH,PRAYAGRAJ,5.65,-,50.65,38.60442395,2018,Aug,1
2018/08/01,UTTAR PRADESH,BAREILLY,12.21,-,79.94,38.34337107,2018,Aug,1
2018/08/01,UTTAR PRADESH,SHRAWASTI,9.89,-,79.2,39.95679738,2018,Aug,1
2018/08/01,UTTAR PRADESH,SULTANPUR,4.47,-,30.25,37.30242776,2018,Aug,1
2018/08/01,UTTAR PRADESH,GONDA,10.88,-,73.12,37.38057818,2018,Aug,1
2018/08/01,UTTAR PRADESH,GAUTAM BUDDHA NAGAR,4.97,-,31.65,29.5754114,2018,Aug,1
2018/08/01,UTTAR PRADESH,KANSIRAM NAGAR,5.72,-,43.67,35.05687155,2018,Aug,1
2018/08/01,UTTAR PRADESH,MAHARAJGANJ,7.52,-,54.7,37.27893929,2018,Aug,1
2018/08/01,UTTAR PRADESH,MAINPURI,7.49,-,49.26,35.7752502,2018,Aug,1
2018/08/01,UTTAR PRADESH,VARANASI,2.04,-,15.72,32.34178008,2018,Aug,1
2018/08/01,UTTAR PRADESH,AURAIYA,11.09,-,74.88,40.1467585,2018,Aug,1
2018/09/30,UTTAR PRADESH,FARRUKHABAD,7.02,-,46.48,20.05034051,2018,Sep,30
2018/09/30,UTTAR PRADESH,LUCKNOW,6.68,-,45.01,15.359526,2018,Sep,30
2018/09/30,UTTAR PRADESH,KHERI,7.42,-,49.67,20.95237255,2018,Sep,30
2018/09/30,UTTAR PRADESH,CHANDAULI,4.42,-,34.02,24.46188608,2018,Sep,30
2018/09/30,UTTAR PRADESH,AMBEDKAR NAGAR,5.58,-,37.04,18.3360706,2018,Sep,30
2018/09/30,UTTAR PRADESH,BUDAUN,7.09,-,52.45,16.29589914,2018,Sep,30
2018/09/30,UTTAR PRADESH,BALRAMPUR,9.38,-,61.58,19.3167098,2018,Sep,30
2018/09/30,UTTAR PRADESH,BASTI,9.8,-,61.45,16.62303264,2018,Sep,30
2018/09/30,UTTAR PRADESH,RAMPUR,9.37,-,60.3,27.20726663,2018,Sep,30
2018/09/30,UTTAR PRADESH,MIRZAPUR,3.39,-,28.41,22.98788149,2018,Sep,30
2018/09/30,UTTAR PRADESH,JYOTIBA PHULE NAGAR,8.04,-,60.68,23.96434174,2018,Sep,30
2018/09/30,UTTAR PRADESH,LALITPUR,4.13,-,28.51,16.34000815,2018,Sep,30
2018/09/30,UTTAR PRADESH,MAHAMAYA NAGAR,0.88,-,5.47,23.44319272,2018,Sep,30
2018/09/30,UTTAR PRADESH,MATHURA,1.85,-,11.68,19.85286961,2018,Sep,30
2018/09/30,UTTAR PRADESH,MAHOBA,1.34,-,10.81,14.02878394,2018,Sep,30
2018/09/30,UTTAR PRADESH,CHITRAKOOT,1.96,-,16.87,18.29564505,2018,Sep,30
2018/09/30,UTTAR PRADESH,SAHARANPUR,9.47,-,66.26,28.61036496,2018,Sep,30
2018/09/30,UTTAR PRADESH,KANNAUJ,6.76,-,45.25,20.72184361,2018,Sep,30
2018/09/30,UTTAR PRADESH,SANT KABIR NAGAR,8.21,-,55.77,16.87646049,2018,Sep,30
2018/09/30,UTTAR PRADESH,SONBHADRA,4.06,-,27.12,25.58299533,2018,Sep,30
2018/09/30,UTTAR PRADESH,FATEHPUR,6.43,-,44.92,12.95729643,2018,Sep,30
2018/09/30,UTTAR PRADESH,BARA BANKI,6.58,-,41.57,17.0365873,2018,Sep,30
2018/09/30,UTTAR PRADESH,AZAMGARH,7.91,-,52.1,19.49104474,2018,Sep,30
2018/09/30,UTTAR PRADESH,BAGHPAT,8.91,-,59.67,23.30658139,2018,Sep,30
2018/09/30,UTTAR PRADESH,ALIGARH,2.02,-,13.31,23.70284868,2018,Sep,30
2018/09/30,UTTAR PRADESH,HARDOI,6.33,-,41.91,19.94933115,2018,Sep,30
2018/09/30,UTTAR PRADESH,RAE BARELI,5.32,-,39.13,14.97556674,2018,Sep,30
2018/09/30,UTTAR PRADESH,GHAZIPUR,7.64,-,55.91,20.02214637,2018,Sep,30
2018/09/30,UTTAR PRADESH,KAUSHAMBI,6.73,-,47.06,14.99752582,2018,Sep,30
2018/09/30,UTTAR PRADESH,BULANDSHAHR,6.92,-,43.57,21.59743699,2018,Sep,30
2018/09/30,UTTAR PRADESH,DEORIA,8.01,-,51.74,20.50053876,2018,Sep,30
2018/09/30,UTTAR PRADESH,BAHRAICH,6.17,-,47.5,19.09312554,2018,Sep,30
2018/09/30,UTTAR PRADESH,GORAKHPUR,8.73,-,57.11,20.56876838,2018,Sep,30
2018/09/30,UTTAR PRADESH,BIJNOR,9.28,-,64.4,28.95730498,2018,Sep,30
2018/09/30,UTTAR PRADESH,BANDA,1.14,-,9.8,15.84085904,2018,Sep,30
2018/09/30,UTTAR PRADESH,MUZAFFARNAGAR,8.83,-,59.79,24.65475872,2018,Sep,30
2018/09/30,UTTAR PRADESH,SANT RAVI DAS NAGAR(BHADOHI),6.25,-,43.53,24.07414847,2018,Sep,30
2018/09/30,UTTAR PRADESH,HAMIRPUR,0.29,-,2.29,18.06503224,2018,Sep,30
2018/09/30,UTTAR PRADESH,PRATAPGARH,2.26,-,16.27,20.83641035,2018,Sep,30
2018/09/30,UTTAR PRADESH,ETAWAH,5.79,-,39.23,19.31169737,2018,Sep,30
2018/09/30,UTTAR PRADESH,MORADABAD,8.02,-,55.54,23.55836108,2018,Sep,30
2018/09/30,UTTAR PRADESH,AGRA,3.01,-,21.71,21.05182891,2018,Sep,30
2018/09/30,UTTAR PRADESH,JAUNPUR,5.69,-,38.76,22.78848558,2018,Sep,30
2018/09/30,UTTAR PRADESH,KANPUR NAGAR,4.4,-,27.83,15.70390136,2018,Sep,30
2018/09/30,UTTAR PRADESH,JHANSI,3.1,-,23.39,18.08019559,2018,Sep,30
2018/09/30,UTTAR PRADESH,SIDDHARTH NAGAR,7.15,-,46.18,16.93631845,2018,Sep,30
2018/09/30,UTTAR PRADESH,MEERUT,9.13,-,58.92,27.64748891,2018,Sep,30
2018/09/30,UTTAR PRADESH,PILIBHIT,9.76,-,64.0,24.62412814,2018,Sep,30
2018/09/30,UTTAR PRADESH,SHAHJAHANPUR,6.17,-,43.84,20.2788135,2018,Sep,30
2018/09/30,UTTAR PRADESH,KANPUR DEHAT,3.8,-,23.64,16.269262,2018,Sep,30
2018/09/30,UTTAR PRADESH,FIROZABAD,3.54,-,25.29,21.71316414,2018,Sep,30
2018/09/30,UTTAR PRADESH,AYODHYA,6.81,-,47.32,17.52679675,2018,Sep,30
2018/09/30,UTTAR PRADESH,KUSHINAGAR,5.78,-,44.5,21.21099091,2018,Sep,30
2018/09/30,UTTAR PRADESH,JALAUN,0.32,-,2.06,26.56123454,2018,Sep,30
2018/09/30,UTTAR PRADESH,GHAZIABAD,8.08,-,51.68,24.58067296,2018,Sep,30
2018/09/30,UTTAR PRADESH,ETAH,1.05,-,6.26,22.66777796,2018,Sep,30
2018/09/30,UTTAR PRADESH,BALLIA,3.31,-,21.93,19.47282633,2018,Sep,30
2018/09/30,UTTAR PRADESH,UNNAO,5.93,-,40.93,15.17255749,2018,Sep,30
2018/09/30,UTTAR PRADESH,MAU,6.43,-,42.42,17.94555442,2018,Sep,30
2018/09/30,UTTAR PRADESH,SITAPUR,5.93,-,38.4,17.09455693,2018,Sep,30
2018/09/30,UTTAR PRADESH,PRAYAGRAJ,3.77,-,33.01,21.30611139,2018,Sep,30
2018/09/30,UTTAR PRADESH,BAREILLY,8.24,-,53.71,23.54610914,2018,Sep,30
2018/09/30,UTTAR PRADESH,SHRAWASTI,6.35,-,48.86,19.24526015,2018,Sep,30
2018/09/30,UTTAR PRADESH,SULTANPUR,4.4,-,29.76,21.42137148,2018,Sep,30
2018/09/30,UTTAR PRADESH,GONDA,8.18,-,54.86,20.39401771,2018,Sep,30
2018/09/30,UTTAR PRADESH,GAUTAM BUDDHA NAGAR,4.64,-,29.52,24.17633212,2018,Sep,30
2018/09/30,UTTAR PRADESH,KANSIRAM NAGAR,4.65,-,35.07,19.28033376,2018,Sep,30
2018/09/30,UTTAR PRADESH,MAHARAJGANJ,5.36,-,37.39,20.12333003,2018,Sep,30
2018/09/30,UTTAR PRADESH,MAINPURI,2.37,-,16.66,19.32746802,2018,Sep,30
2018/09/30,UTTAR PRADESH,VARANASI,5.29,-,39.96,24.92167716,2018,Sep,30
2018/09/30,UTTAR PRADESH,AURAIYA,4.68,-,31.76,19.38901984,2018,Sep,30
2018/09/29,UTTAR PRADESH,FARRUKHABAD,7.18,-,47.62,20.80110239,2018,Sep,29
2018/09/29,UTTAR PRADESH,LUCKNOW,6.85,-,46.17,15.7996555,2018,Sep,29
2018/09/29,UTTAR PRADESH,KHERI,7.58,-,50.77,22.02979949,2018,Sep,29
2018/09/29,UTTAR PRADESH,CHANDAULI,4.56,-,35.22,25.74732137,2018,Sep,29
2018/09/29,UTTAR PRADESH,AMBEDKAR NAGAR,5.77,-,38.39,19.44145181,2018,Sep,29
2018/09/29,UTTAR PRADESH,BUDAUN,7.29,-,54.0,17.16834392,2018,Sep,29
2018/09/29,UTTAR PRADESH,BALRAMPUR,9.44,-,61.99,20.34913918,2018,Sep,29
2018/09/29,UTTAR PRADESH,BASTI,9.82,-,61.61,17.56813079,2018,Sep,29
2018/09/29,UTTAR PRADESH,RAMPUR,9.64,-,62.0,29.00062157,2018,Sep,29
2018/09/29,UTTAR PRADESH,MIRZAPUR,3.53,-,29.58,24.16189805,2018,Sep,29
2018/09/29,UTTAR PRADESH,JYOTIBA PHULE NAGAR,8.24,-,62.02,25.4340425,2018,Sep,29
2018/09/29,UTTAR PRADESH,LALITPUR,4.25,-,29.36,17.11506845,2018,Sep,29
2018/09/29,UTTAR PRADESH,MAHAMAYA NAGAR,1.0,-,6.23,24.01584791,2018,Sep,29
2018/09/29,UTTAR PRADESH,MATHURA,2.12,-,13.32,20.39276658,2018,Sep,29
2018/09/29,UTTAR PRADESH,MAHOBA,1.38,-,11.11,14.79686114,2018,Sep,29
2018/09/29,UTTAR PRADESH,CHITRAKOOT,2.01,-,17.3,18.92500685,2018,Sep,29
2018/09/29,UTTAR PRADESH,SAHARANPUR,9.83,-,68.79,30.45977632,2018,Sep,29
2018/09/29,UTTAR PRADESH,KANNAUJ,6.9,-,46.15,21.42559406,2018,Sep,29
2018/09/29,UTTAR PRADESH,SANT KABIR NAGAR,8.22,-,55.83,17.76752686,2018,Sep,29
2018/09/29,UTTAR PRADESH,SONBHADRA,4.24,-,28.41,26.48282903,2018,Sep,29
2018/09/29,UTTAR PRADESH,FATEHPUR,6.71,-,46.69,13.36090783,2018,Sep,29
2018/09/29,UTTAR PRADESH,BARA BANKI,6.8,-,43.1,17.66841134,2018,Sep,29
2018/09/29,UTTAR PRADESH,AZAMGARH,8.03,-,52.92,20.88106493,2018,Sep,29
2018/09/29,UTTAR PRADESH,BAGHPAT,9.06,-,60.84,24.49857144,2018,Sep,29
2018/09/29,UTTAR PRADESH,ALIGARH,2.12,-,13.98,24.40501439,2018,Sep,29
2018/09/29,UTTAR PRADESH,HARDOI,6.48,-,42.95,20.89648474,2018,Sep,29
2018/09/29,UTTAR PRADESH,RAE BARELI,5.51,-,40.41,15.35047876,2018,Sep,29
2018/09/29,UTTAR PRADESH,GHAZIPUR,7.8,-,57.09,21.37700462,2018,Sep,29
2018/09/29,UTTAR PRADESH,KAUSHAMBI,6.92,-,48.39,15.68482263,2018,Sep,29
2018/09/29,UTTAR PRADESH,BULANDSHAHR,7.1,-,44.73,22.53360567,2018,Sep,29
2018/09/29,UTTAR PRADESH,DEORIA,8.2,-,53.14,21.61202905,2018,Sep,29
2018/09/29,UTTAR PRADESH,BAHRAICH,6.35,-,48.86,20.02022409,2018,Sep,29
2018/09/29,UTTAR PRADESH,GORAKHPUR,8.8,-,57.61,21.6876865,2018,Sep,29
2018/09/29,UTTAR PRADESH,BIJNOR,9.71,-,67.45,31.00538069,2018,Sep,29
2018/09/29,UTTAR PRADESH,BANDA,1.17,-,10.1,16.3854121,2018,Sep,29
2018/09/29,UTTAR PRADESH,MUZAFFARNAGAR,9.03,-,61.23,26.00417306,2018,Sep,29
2018/09/29,UTTAR PRADESH,SANT RAVI DAS NAGAR(BHADOHI),6.47,-,45.13,25.56153657,2018,Sep,29
2018/09/29,UTTAR PRADESH,HAMIRPUR,0.3,-,2.39,18.72574253,2018,Sep,29
2018/09/29,UTTAR PRADESH,PRATAPGARH,2.49,-,17.91,21.95569618,2018,Sep,29
2018/09/29,UTTAR PRADESH,ETAWAH,5.98,-,40.37,20.07544607,2018,Sep,29
2018/09/29,UTTAR PRADESH,MORADABAD,8.19,-,56.69,25.02977318,2018,Sep,29
2018/09/29,UTTAR PRADESH,AGRA,3.09,-,22.29,21.70711015,2018,Sep,29
2018/09/29,UTTAR PRADESH,JAUNPUR,5.92,-,40.32,24.24833269,2018,Sep,29
2018/09/29,UTTAR PRADESH,KANPUR NAGAR,4.58,-,28.98,16.19536291,2018,Sep,29
2018/09/29,UTTAR PRADESH,JHANSI,3.18,-,23.94,18.78334159,2018,Sep,29
2018/09/29,UTTAR PRADESH,SIDDHARTH NAGAR,7.28,-,47.2,17.73243582,2018,Sep,29
2018/09/29,UTTAR PRADESH,MEERUT,9.34,-,60.3,29.47269042,2018,Sep,29
2018/09/29,UTTAR PRADESH,PILIBHIT,9.92,-,65.11,25.97224136,2018,Sep,29
2018/09/29,UTTAR PRADESH,SHAHJAHANPUR,6.34,-,45.01,21.33905388,2018,Sep,29
2018/09/29,UTTAR PRADESH,KANPUR DEHAT,3.96,-,24.67,16.77182603,2018,Sep,29
2018/09/29,UTTAR PRADESH,FIROZABAD,3.61,-,25.72,22.40778454,2018,Sep,29
2018/09/29,UTTAR PRADESH,AYODHYA,6.9,-,48.08,18.34594467,2018,Sep,29
2018/09/29,UTTAR PRADESH,KUSHINAGAR,6.01,-,46.29,22.27951648,2018,Sep,29
2018/09/29,UTTAR PRADESH,JALAUN,0.34,-,2.23,27.2880936,2018,Sep,29
2018/09/29,UTTAR PRADESH,GHAZIABAD,8.2,-,52.47,26.04582881,2018,Sep,29
2018/09/29,UTTAR PRADESH,ETAH,1.27,-,7.6,23.18404282,2018,Sep,29
2018/09/29,UTTAR PRADESH,BALLIA,3.5,-,23.28,20.73238629,2018,Sep,29
2018/09/29,UTTAR PRADESH,UNNAO,6.25,-,42.99,15.54714658,2018,Sep,29
2018/09/29,UTTAR PRADESH,MAU,6.62,-,43.67,19.21139165,2018,Sep,29
2018/09/29,UTTAR PRADESH,SITAPUR,6.09,-,39.41,17.92358359,2018,Sep,29
2018/09/29,UTTAR PRADESH,PRAYAGRAJ,3.87,-,33.93,22.50115227,2018,Sep,29
2018/09/29,UTTAR PRADESH,BAREILLY,8.31,-,54.17,24.90374874,2018,Sep,29
2018/09/29,UTTAR PRADESH,SHRAWASTI,6.49,-,49.95,19.81988414,2018,Sep,29
2018/09/29,UTTAR PRADESH,SULTANPUR,4.54,-,30.87,22.56847791,2018,Sep,29
2018/09/29,UTTAR PRADESH,GONDA,8.29,-,55.58,21.6668556,2018,Sep,29
2018/09/29,UTTAR PRADESH,GAUTAM BUDDHA NAGAR,4.7,-,29.93,25.0931735,2018,Sep,29
2018/09/29,UTTAR PRADESH,KANSIRAM NAGAR,4.93,-,37.03,19.83126992,2018,Sep,29
2018/09/29,UTTAR PRADESH,MAHARAJGANJ,5.64,-,39.41,20.57717645,2018,Sep,29
2018/09/29,UTTAR PRADESH,MAINPURI,2.63,-,18.19,19.93913147,2018,Sep,29
2018/09/29,UTTAR PRADESH,VARANASI,5.56,-,42.14,26.30694303,2018,Sep,29
2018/09/29,UTTAR PRADESH,AURAIYA,4.83,-,32.8,20.35390117,2018,Sep,29
2018/09/28,UTTAR PRADESH,FARRUKHABAD,7.36,-,48.89,21.65764834,2018,Sep,28
2018/09/28,UTTAR PRADESH,LUCKNOW,7.04,-,47.36,16.27533151,2018,Sep,28
2018/09/28,UTTAR PRADESH,KHERI,7.75,-,51.98,23.20889321,2018,Sep,28
2018/09/28,UTTAR PRADESH,CHANDAULI,4.78,-,37.1,27.23300023,2018,Sep,28
2018/09/28,UTTAR PRADESH,AMBEDKAR NAGAR,5.92,-,39.4,20.68227562,2018,Sep,28
2018/09/28,UTTAR PRADESH,BUDAUN,7.52,-,55.79,18.28658795,2018,Sep,28
2018/09/28,UTTAR PRADESH,BALRAMPUR,9.5,-,62.45,21.48993697,2018,Sep,28
2018/09/28,UTTAR PRADESH,BASTI,9.84,-,61.72,18.64617876,2018,Sep,28
2018/09/28,UTTAR PRADESH,RAMPUR,10.36,-,66.51,31.14563095,2018,Sep,28
2018/09/28,UTTAR PRADESH,MIRZAPUR,3.65,-,30.61,25.51142538,2018,Sep,28
2018/09/28,UTTAR PRADESH,JYOTIBA PHULE NAGAR,8.56,-,64.18,27.23572967,2018,Sep,28
2018/09/28,UTTAR PRADESH,LALITPUR,4.38,-,30.22,17.95069561,2018,Sep,28
2018/09/28,UTTAR PRADESH,MAHAMAYA NAGAR,1.15,-,7.14,24.67010201,2018,Sep,28
2018/09/28,UTTAR PRADESH,MATHURA,2.4,-,15.06,21.00409712,2018,Sep,28
2018/09/28,UTTAR PRADESH,MAHOBA,1.42,-,11.44,15.61719796,2018,Sep,28
2018/09/28,UTTAR PRADESH,CHITRAKOOT,2.08,-,17.78,19.62738845,2018,Sep,28
2018/09/28,UTTAR PRADESH,SAHARANPUR,10.62,-,74.27,32.65495435,2018,Sep,28
2018/09/28,UTTAR PRADESH,KANNAUJ,7.05,-,47.12,22.22269899,2018,Sep,28
2018/09/28,UTTAR PRADESH,SANT KABIR NAGAR,8.22,-,55.88,18.8244674,2018,Sep,28
2018/09/28,UTTAR PRADESH,SONBHADRA,4.43,-,29.8,27.53554504,2018,Sep,28
2018/09/28,UTTAR PRADESH,FATEHPUR,6.95,-,48.24,13.78702194,2018,Sep,28
2018/09/28,UTTAR PRADESH,BARA BANKI,7.01,-,44.5,18.3314612,2018,Sep,28
2018/09/28,UTTAR PRADESH,AZAMGARH,8.14,-,53.62,22.32722873,2018,Sep,28
2018/09/28,UTTAR PRADESH,BAGHPAT,9.23,-,61.97,25.91447084,2018,Sep,28
2018/09/28,UTTAR PRADESH,ALIGARH,2.26,-,14.84,25.2250254,2018,Sep,28
2018/09/28,UTTAR PRADESH,HARDOI,6.65,-,44.09,21.97397783,2018,Sep,28
2018/09/28,UTTAR PRADESH,RAE BARELI,5.67,-,41.6,15.77763174,2018,Sep,28
2018/09/28,UTTAR PRADESH,GHAZIPUR,7.99,-,58.52,22.81748839,2018,Sep,28
2018/09/28,UTTAR PRADESH,KAUSHAMBI,7.11,-,49.68,16.48461433,2018,Sep,28
2018/09/28,UTTAR PRADESH,BULANDSHAHR,7.33,-,46.23,23.67483601,2018,Sep,28
2018/09/28,UTTAR PRADESH,DEORIA,8.34,-,54.2,22.94107631,2018,Sep,28
2018/09/28,UTTAR PRADESH,BAHRAICH,6.54,-,50.29,21.02803576,2018,Sep,28
2018/09/28,UTTAR PRADESH,GORAKHPUR,8.86,-,58.03,22.94601663,2018,Sep,28
2018/09/28,UTTAR PRADESH,BIJNOR,10.66,-,73.84,33.37231554,2018,Sep,28
2018/09/28,UTTAR PRADESH,BANDA,1.2,-,10.42,16.96150188,2018,Sep,28
2018/09/28,UTTAR PRADESH,MUZAFFARNAGAR,9.39,-,63.53,27.61277269,2018,Sep,28
2018/09/28,UTTAR PRADESH,SANT RAVI DAS NAGAR(BHADOHI),6.69,-,46.77,27.13590435,2018,Sep,28
2018/09/28,UTTAR PRADESH,HAMIRPUR,0.31,-,2.48,19.4095194,2018,Sep,28
2018/09/28,UTTAR PRADESH,PRATAPGARH,2.71,-,19.5,23.16158083,2018,Sep,28
2018/09/28,UTTAR PRADESH,ETAWAH,6.17,-,41.62,20.97409035,2018,Sep,28
2018/09/28,UTTAR PRADESH,MORADABAD,8.49,-,58.59,26.84245521,2018,Sep,28
2018/09/28,UTTAR PRADESH,AGRA,3.18,-,22.87,22.41838213,2018,Sep,28
2018/09/28,UTTAR PRADESH,JAUNPUR,6.12,-,41.65,25.75087502,2018,Sep,28
2018/09/28,UTTAR PRADESH,KANPUR NAGAR,4.76,-,30.13,16.71248128,2018,Sep,28
2018/09/28,UTTAR PRADESH,JHANSI,3.25,-,24.56,19.5345448,2018,Sep,28
2018/09/28,UTTAR PRADESH,SIDDHARTH NAGAR,7.4,-,48.12,18.66896787,2018,Sep,28
2018/09/28,UTTAR PRADESH,MEERUT,10.21,-,65.79,31.7128092,2018,Sep,28
2018/09/28,UTTAR PRADESH,PILIBHIT,10.24,-,67.22,27.56549808,2018,Sep,28
2018/09/28,UTTAR PRADESH,SHAHJAHANPUR,6.53,-,46.43,22.57042096,2018,Sep,28
2018/09/28,UTTAR PRADESH,KANPUR DEHAT,4.11,-,25.66,17.33383969,2018,Sep,28
2018/09/28,UTTAR PRADESH,FIROZABAD,3.69,-,26.22,23.19717458,2018,Sep,28
2018/09/28,UTTAR PRADESH,AYODHYA,6.98,-,48.7,19.32936668,2018,Sep,28
2018/09/28,UTTAR PRADESH,KUSHINAGAR,6.23,-,47.93,23.52143499,2018,Sep,28
2018/09/28,UTTAR PRADESH,JALAUN,0.37,-,2.41,28.05898402,2018,Sep,28
2018/09/28,UTTAR PRADESH,GHAZIABAD,8.6,-,55.03,27.83040585,2018,Sep,28
2018/09/28,UTTAR PRADESH,ETAH,1.53,-,9.13,23.77279026,2018,Sep,28
2018/09/28,UTTAR PRADESH,BALLIA,3.7,-,24.61,22.07610745,2018,Sep,28
2018/09/28,UTTAR PRADESH,UNNAO,6.55,-,44.97,15.95731894,2018,Sep,28
2018/09/28,UTTAR PRADESH,MAU,6.8,-,44.82,20.59084683,2018,Sep,28
2018/09/28,UTTAR PRADESH,SITAPUR,6.24,-,40.4,18.83350777,2018,Sep,28
2018/09/28,UTTAR PRADESH,PRAYAGRAJ,3.98,-,34.91,23.80059321,2018,Sep,28
2018/09/28,UTTAR PRADESH,BAREILLY,8.5,-,55.37,26.52314809,2018,Sep,28
2018/09/28,UTTAR PRADESH,SHRAWASTI,6.63,-,51.13,20.45294414,2018,Sep,28
2018/09/28,UTTAR PRADESH,SULTANPUR,4.66,-,31.85,23.80078713,2018,Sep,28
2018/09/28,UTTAR PRADESH,GONDA,8.38,-,56.23,22.95915991,2018,Sep,28
2018/09/28,UTTAR PRADESH,GAUTAM BUDDHA NAGAR,4.79,-,30.57,26.19858161,2018,Sep,28
2018/09/28,UTTAR PRADESH,KANSIRAM NAGAR,5.23,-,39.08,20.5311774,2018,Sep,28
2018/09/28,UTTAR PRADESH,MAHARAJGANJ,5.88,-,41.32,21.11857568,2018,Sep,28
2018/09/28,UTTAR PRADESH,MAINPURI,2.88,-,19.76,20.65861509,2018,Sep,28
2018/09/28,UTTAR PRADESH,VARANASI,5.83,-,44.33,27.81458282,2018,Sep,28
2018/09/28,UTTAR PRADESH,AURAIYA,4.98,-,33.83,21.41282721,2018,Sep,28
2018/09/27,UTTAR PRADESH,FARRUKHABAD,7.53,-,50.07,22.59243871,2018,Sep,27
2018/09/27,UTTAR PRADESH,LUCKNOW,7.22,-,48.63,16.81863921,2018,Sep,27
2018/09/27,UTTAR PRADESH,KHERI,7.94,-,53.29,24.52592594,2018,Sep,27
2018/09/27,UTTAR PRADESH,CHANDAULI,5.05,-,39.29,28.7727584,2018,Sep,27
2018/09/27,UTTAR PRADESH,AMBEDKAR NAGAR,6.05,-,40.32,22.08542366,2018,Sep,27
2018/09/27,UTTAR PRADESH,BUDAUN,7.77,-,57.73,19.52301433,2018,Sep,27
2018/09/27,UTTAR PRADESH,BALRAMPUR,9.57,-,62.93,22.74390609,2018,Sep,27
2018/09/27,UTTAR PRADESH,BASTI,9.85,-,61.83,19.9064494,2018,Sep,27
2018/09/27,UTTAR PRADESH,RAMPUR,11.25,-,72.11,33.4025806,2018,Sep,27
2018/09/27,UTTAR PRADESH,MIRZAPUR,3.79,-,31.71,26.94304547,2018,Sep,27
2018/09/27,UTTAR PRADESH,JYOTIBA PHULE NAGAR,8.91,-,66.48,29.08443313,2018,Sep,27
2018/09/27,UTTAR PRADESH,LALITPUR,4.49,-,31.01,18.82706528,2018,Sep,27
2018/09/27,UTTAR PRADESH,MAHAMAYA NAGAR,1.31,-,8.13,25.37019773,2018,Sep,27
2018/09/27,UTTAR PRADESH,MATHURA,2.65,-,16.64,21.69918838,2018,Sep,27
2018/09/27,UTTAR PRADESH,MAHOBA,1.47,-,11.85,16.48785671,2018,Sep,27
2018/09/27,UTTAR PRADESH,CHITRAKOOT,2.15,-,18.31,20.38234954,2018,Sep,27
2018/09/27,UTTAR PRADESH,SAHARANPUR,11.46,-,79.94,34.96822361,2018,Sep,27
2018/09/27,UTTAR PRADESH,KANNAUJ,7.2,-,48.12,23.10608535,2018,Sep,27
2018/09/27,UTTAR PRADESH,SANT KABIR NAGAR,8.23,-,55.93,19.96058808,2018,Sep,27
2018/09/27,UTTAR PRADESH,SONBHADRA,4.6,-,31.11,28.67009529,2018,Sep,27
2018/09/27,UTTAR PRADESH,FATEHPUR,7.11,-,49.28,14.25126093,2018,Sep,27
2018/09/27,UTTAR PRADESH,BARA BANKI,7.24,-,46.07,19.17376707,2018,Sep,27
2018/09/27,UTTAR PRADESH,AZAMGARH,8.22,-,54.18,23.79634638,2018,Sep,27
2018/09/27,UTTAR PRADESH,BAGHPAT,9.39,-,63.07,27.40277876,2018,Sep,27
2018/09/27,UTTAR PRADESH,ALIGARH,2.41,-,15.82,26.11561138,2018,Sep,27
2018/09/27,UTTAR PRADESH,HARDOI,6.83,-,45.32,23.15543761,2018,Sep,27
2018/09/27,UTTAR PRADESH,RAE BARELI,5.85,-,42.86,16.30534442,2018,Sep,27
2018/09/27,UTTAR PRADESH,GHAZIPUR,8.16,-,59.81,24.33509179,2018,Sep,27
2018/09/27,UTTAR PRADESH,KAUSHAMBI,7.32,-,51.09,17.48118354,2018,Sep,27
2018/09/27,UTTAR PRADESH,BULANDSHAHR,7.53,-,47.55,24.84818583,2018,Sep,27
2018/09/27,UTTAR PRADESH,DEORIA,8.48,-,55.2,24.31606895,2018,Sep,27
2018/09/27,UTTAR PRADESH,BAHRAICH,6.75,-,51.93,22.18669555,2018,Sep,27
2018/09/27,UTTAR PRADESH,GORAKHPUR,8.9,-,58.34,24.20652546,2018,Sep,27
2018/09/27,UTTAR PRADESH,BIJNOR,11.61,-,80.24,35.82025921,2018,Sep,27
2018/09/27,UTTAR PRADESH,BANDA,1.24,-,10.82,17.58189364,2018,Sep,27
2018/09/27,UTTAR PRADESH,MUZAFFARNAGAR,9.78,-,66.11,29.31900698,2018,Sep,27
2018/09/27,UTTAR PRADESH,SANT RAVI DAS NAGAR(BHADOHI),6.9,-,48.35,28.88288813,2018,Sep,27
2018/09/27,UTTAR PRADESH,HAMIRPUR,0.33,-,2.58,20.12966947,2018,Sep,27
2018/09/27,UTTAR PRADESH,PRATAPGARH,2.93,-,21.17,24.54288577,2018,Sep,27
2018/09/27,UTTAR PRADESH,ETAWAH,6.35,-,42.77,22.01399102,2018,Sep,27
2018/09/27,UTTAR PRADESH,MORADABAD,8.84,-,60.86,28.70644107,2018,Sep,27
2018/09/27,UTTAR PRADESH,AGRA,3.28,-,23.55,23.20802168,2018,Sep,27
2018/09/27,UTTAR PRADESH,JAUNPUR,6.27,-,42.71,27.44879228,2018,Sep,27
2018/09/27,UTTAR PRADESH,KANPUR NAGAR,4.94,-,31.26,17.28106592,2018,Sep,27
2018/09/27,UTTAR PRADESH,JHANSI,3.33,-,25.19,20.33505862,2018,Sep,27
2018/09/27,UTTAR PRADESH,SIDDHARTH NAGAR,7.5,-,48.98,19.68695665,2018,Sep,27
2018/09/27,UTTAR PRADESH,MEERUT,11.12,-,71.56,33.98985918,2018,Sep,27
2018/09/27,UTTAR PRADESH,PILIBHIT,10.68,-,70.09,29.3470077,2018,Sep,27
2018/09/27,UTTAR PRADESH,SHAHJAHANPUR,6.74,-,47.86,23.90248708,2018,Sep,27
2018/09/27,UTTAR PRADESH,KANPUR DEHAT,4.27,-,26.68,17.99098745,2018,Sep,27
2018/09/27,UTTAR PRADESH,FIROZABAD,3.78,-,26.74,24.09861846,2018,Sep,27
2018/09/27,UTTAR PRADESH,AYODHYA,7.06,-,49.33,20.56529832,2018,Sep,27
2018/09/27,UTTAR PRADESH,KUSHINAGAR,6.43,-,49.45,24.69716987,2018,Sep,27
2018/09/27,UTTAR PRADESH,JALAUN,0.4,-,2.62,28.89452443,2018,Sep,27
2018/09/27,UTTAR PRADESH,GHAZIABAD,9.09,-,58.17,29.64086325,2018,Sep,27
2018/09/27,UTTAR PRADESH,ETAH,1.8,-,10.7,24.44444938,2018,Sep,27
2018/09/27,UTTAR PRADESH,BALLIA,3.91,-,26.05,23.47730655,2018,Sep,27
2018/09/27,UTTAR PRADESH,UNNAO,6.83,-,46.85,16.41829313,2018,Sep,27
2018/09/27,UTTAR PRADESH,MAU,6.96,-,45.9,21.94596051,2018,Sep,27
2018/09/27,UTTAR PRADESH,SITAPUR,6.41,-,41.55,19.90462284,2018,Sep,27
2018/09/27,UTTAR PRADESH,PRAYAGRAJ,4.11,-,36.12,25.22137435,2018,Sep,27
2018/09/27,UTTAR PRADESH,BAREILLY,8.77,-,57.1,28.30510833,2018,Sep,27
2018/09/27,UTTAR PRADESH,SHRAWASTI,6.78,-,52.4,21.23869555,2018,Sep,27
2018/09/27,UTTAR PRADESH,SULTANPUR,4.79,-,32.93,25.20217185,2018,Sep,27
2018/09/27,UTTAR PRADESH,GONDA,8.48,-,56.92,24.45837817,2018,Sep,27
2018/09/27,UTTAR PRADESH,GAUTAM BUDDHA NAGAR,4.96,-,31.64,27.35890976,2018,Sep,27
2018/09/27,UTTAR PRADESH,KANSIRAM NAGAR,5.52,-,41.13,21.30543146,2018,Sep,27
2018/09/27,UTTAR PRADESH,MAHARAJGANJ,6.09,-,42.98,21.66135914,2018,Sep,27
2018/09/27,UTTAR PRADESH,MAINPURI,3.15,-,21.35,21.51904145,2018,Sep,27
2018/09/27,UTTAR PRADESH,VARANASI,6.1,-,46.57,29.43276589,2018,Sep,27
2018/09/27,UTTAR PRADESH,AURAIYA,5.13,-,34.83,22.60996153,2018,Sep,27
2018/09/26,UTTAR PRADESH,FARRUKHABAD,7.73,-,51.44,23.66560873,2018,Sep,26
2018/09/26,UTTAR PRADESH,LUCKNOW,7.42,-,49.98,17.45673248,2018,Sep,26
2018/09/26,UTTAR PRADESH,KHERI,8.12,-,54.55,25.94407044,2018,Sep,26
2018/09/26,UTTAR PRADESH,CHANDAULI,5.39,-,42.02,30.45628361,2018,Sep,26
2018/09/26,UTTAR PRADESH,AMBEDKAR NAGAR,6.18,-,41.29,23.65122288,2018,Sep,26
2018/09/26,UTTAR PRADESH,BUDAUN,8.05,-,59.73,20.91103983,2018,Sep,26
2018/09/26,UTTAR PRADESH,BALRAMPUR,9.63,-,63.4,24.11958196,2018,Sep,26
2018/09/26,UTTAR PRADESH,BASTI,9.87,-,61.94,21.43344916,2018,Sep,26
2018/09/26,UTTAR PRADESH,RAMPUR,12.17,-,77.89,35.68532286,2018,Sep,26
2018/09/26,UTTAR PRADESH,MIRZAPUR,3.93,-,32.88,28.54577687,2018,Sep,26
2018/09/26,UTTAR PRADESH,JYOTIBA PHULE NAGAR,9.27,-,68.88,31.09064752,2018,Sep,26
2018/09/26,UTTAR PRADESH,LALITPUR,4.6,-,31.81,19.76688756,2018,Sep,26
2018/09/26,UTTAR PRADESH,MAHAMAYA NAGAR,1.5,-,9.34,26.15194215,2018,Sep,26
2018/09/26,UTTAR PRADESH,MATHURA,2.89,-,18.16,22.52040217,2018,Sep,26
2018/09/26,UTTAR PRADESH,MAHOBA,1.51,-,12.18,17.41452874,2018,Sep,26
2018/09/26,UTTAR PRADESH,CHITRAKOOT,2.25,-,19.01,21.2279997,2018,Sep,26
2018/09/26,UTTAR PRADESH,SAHARANPUR,12.31,-,85.55,37.40221461,2018,Sep,26
2018/09/26,UTTAR PRADESH,KANNAUJ,7.36,-,49.18,24.15748801,2018,Sep,26
2018/09/26,UTTAR PRADESH,SANT KABIR NAGAR,8.24,-,56.03,21.40204984,2018,Sep,26
2018/09/26,UTTAR PRADESH,SONBHADRA,4.76,-,32.29,29.90515235,2018,Sep,26
2018/09/26,UTTAR PRADESH,FATEHPUR,7.24,-,50.18,14.76709236,2018,Sep,26
2018/09/26,UTTAR PRADESH,BARA BANKI,7.46,-,47.6,20.13161666,2018,Sep,26
2018/09/26,UTTAR PRADESH,AZAMGARH,8.32,-,54.82,25.43277133,2018,Sep,26
2018/09/26,UTTAR PRADESH,BAGHPAT,9.56,-,64.29,29.08230118,2018,Sep,26
2018/09/26,UTTAR PRADESH,ALIGARH,2.58,-,16.92,27.11838746,2018,Sep,26
2018/09/26,UTTAR PRADESH,HARDOI,7.01,-,46.56,24.4688976,2018,Sep,26
2018/09/26,UTTAR PRADESH,RAE BARELI,6.03,-,44.12,16.94033758,2018,Sep,26
2018/09/26,UTTAR PRADESH,GHAZIPUR,8.34,-,61.1,25.96700008,2018,Sep,26
2018/09/26,UTTAR PRADESH,KAUSHAMBI,7.52,-,52.55,18.62563639,2018,Sep,26
2018/09/26,UTTAR PRADESH,BULANDSHAHR,7.77,-,49.06,26.15927178,2018,Sep,26
2018/09/26,UTTAR PRADESH,DEORIA,8.61,-,56.19,25.8165541,2018,Sep,26
2018/09/26,UTTAR PRADESH,BAHRAICH,6.98,-,53.65,23.49278515,2018,Sep,26
2018/09/26,UTTAR PRADESH,GORAKHPUR,9.05,-,59.5,25.7975476,2018,Sep,26
2018/09/26,UTTAR PRADESH,BIJNOR,12.55,-,86.45,38.33451293,2018,Sep,26
2018/09/26,UTTAR PRADESH,BANDA,1.28,-,11.31,18.24314091,2018,Sep,26
2018/09/26,UTTAR PRADESH,MUZAFFARNAGAR,10.22,-,68.96,31.2256066,2018,Sep,26
2018/09/26,UTTAR PRADESH,SANT RAVI DAS NAGAR(BHADOHI),7.14,-,50.08,30.97754775,2018,Sep,26
2018/09/26,UTTAR PRADESH,HAMIRPUR,0.34,-,2.7,20.90130697,2018,Sep,26
2018/09/26,UTTAR PRADESH,PRATAPGARH,3.19,-,23.11,26.0057522,2018,Sep,26
2018/09/26,UTTAR PRADESH,ETAWAH,6.54,-,43.92,23.20648875,2018,Sep,26
2018/09/26,UTTAR PRADESH,MORADABAD,9.2,-,63.22,30.64068599,2018,Sep,26
2018/09/26,UTTAR PRADESH,AGRA,3.39,-,24.25,24.09371127,2018,Sep,26
2018/09/26,UTTAR PRADESH,JAUNPUR,6.69,-,45.6,29.40090765,2018,Sep,26
2018/09/26,UTTAR PRADESH,KANPUR NAGAR,5.13,-,32.48,17.90835563,2018,Sep,26
2018/09/26,UTTAR PRADESH,JHANSI,3.42,-,25.89,21.1886235,2018,Sep,26
2018/09/26,UTTAR PRADESH,SIDDHARTH NAGAR,7.61,-,49.82,20.83660277,2018,Sep,26
2018/09/26,UTTAR PRADESH,MEERUT,12.15,-,78.09,36.43849414,2018,Sep,26
2018/09/26,UTTAR PRADESH,PILIBHIT,11.18,-,73.28,31.24657883,2018,Sep,26
2018/09/26,UTTAR PRADESH,SHAHJAHANPUR,6.95,-,49.38,25.32571131,2018,Sep,26
2018/09/26,UTTAR PRADESH,KANPUR DEHAT,4.43,-,27.72,18.77197674,2018,Sep,26
2018/09/26,UTTAR PRADESH,FIROZABAD,3.87,-,27.29,25.12325339,2018,Sep,26
2018/09/26,UTTAR PRADESH,AYODHYA,7.11,-,49.8,21.89509019,2018,Sep,26
2018/09/26,UTTAR PRADESH,KUSHINAGAR,6.65,-,51.09,26.04041244,2018,Sep,26
2018/09/26,UTTAR PRADESH,JALAUN,0.43,-,2.85,29.80489053,2018,Sep,26
2018/09/26,UTTAR PRADESH,GHAZIABAD,9.64,-,61.74,31.64366718,2018,Sep,26
2018/09/26,UTTAR PRADESH,ETAH,2.07,-,12.31,25.21271924,2018,Sep,26
2018/09/26,UTTAR PRADESH,BALLIA,4.12,-,27.5,24.92996435,2018,Sep,26
2018/09/26,UTTAR PRADESH,UNNAO,7.1,-,48.62,16.95129553,2018,Sep,26
2018/09/26,UTTAR PRADESH,MAU,7.13,-,47.0,23.45259037,2018,Sep,26
2018/09/26,UTTAR PRADESH,SITAPUR,6.58,-,42.69,21.07796017,2018,Sep,26
2018/09/26,UTTAR PRADESH,PRAYAGRAJ,4.25,-,37.39,26.76963693,2018,Sep,26
2018/09/26,UTTAR PRADESH,BAREILLY,9.19,-,59.93,30.27344494,2018,Sep,26
2018/09/26,UTTAR PRADESH,SHRAWASTI,6.93,-,53.73,22.12605572,2018,Sep,26
2018/09/26,UTTAR PRADESH,SULTANPUR,4.93,-,34.08,26.65345688,2018,Sep,26
2018/09/26,UTTAR PRADESH,GONDA,8.58,-,57.61,26.07699274,2018,Sep,26
2018/09/26,UTTAR PRADESH,GAUTAM BUDDHA NAGAR,5.2,-,33.12,28.68093647,2018,Sep,26
2018/09/26,UTTAR PRADESH,KANSIRAM NAGAR,5.82,-,43.29,22.19032599,2018,Sep,26
2018/09/26,UTTAR PRADESH,MAHARAJGANJ,6.29,-,44.55,22.39979644,2018,Sep,26
2018/09/26,UTTAR PRADESH,MAINPURI,3.4,-,22.89,22.56057175,2018,Sep,26
2018/09/26,UTTAR PRADESH,VARANASI,6.47,-,49.44,31.33327405,2018,Sep,26
2018/09/26,UTTAR PRADESH,AURAIYA,5.27,-,35.78,23.95669564,2018,Sep,26
2018/09/25,UTTAR PRADESH,FARRUKHABAD,7.99,-,53.22,24.94129521,2018,Sep,25
2018/09/25,UTTAR PRADESH,LUCKNOW,7.61,-,51.28,18.14975039,2018,Sep,25
2018/09/25,UTTAR PRADESH,KHERI,8.32,-,55.87,27.40039577,2018,Sep,25
2018/09/25,UTTAR PRADESH,CHANDAULI,5.8,-,45.3,32.12550144,2018,Sep,25
2018/09/25,UTTAR PRADESH,AMBEDKAR NAGAR,6.33,-,42.27,25.17777786,2018,Sep,25
2018/09/25,UTTAR PRADESH,BUDAUN,8.32,-,61.71,22.42578828,2018,Sep,25
2018/09/25,UTTAR PRADESH,BALRAMPUR,9.69,-,63.85,25.50315853,2018,Sep,25
2018/09/25,UTTAR PRADESH,BASTI,9.88,-,62.03,22.86044662,2018,Sep,25
2018/09/25,UTTAR PRADESH,RAMPUR,13.16,-,84.1,38.04739351,2018,Sep,25
2018/09/25,UTTAR PRADESH,MIRZAPUR,4.15,-,34.66,30.18355534,2018,Sep,25
2018/09/25,UTTAR PRADESH,JYOTIBA PHULE NAGAR,9.73,-,71.84,33.22274841,2018,Sep,25
2018/09/25,UTTAR PRADESH,LALITPUR,4.71,-,32.55,20.75869703,2018,Sep,25
2018/09/25,UTTAR PRADESH,MAHAMAYA NAGAR,1.7,-,10.62,27.04675106,2018,Sep,25
2018/09/25,UTTAR PRADESH,MATHURA,3.11,-,19.52,23.50873907,2018,Sep,25
2018/09/25,UTTAR PRADESH,MAHOBA,1.55,-,12.57,18.37219439,2018,Sep,25
2018/09/25,UTTAR PRADESH,CHITRAKOOT,2.35,-,19.74,22.09812704,2018,Sep,25
2018/09/25,UTTAR PRADESH,SAHARANPUR,13.09,-,90.66,39.72591758,2018,Sep,25
2018/09/25,UTTAR PRADESH,KANNAUJ,7.57,-,50.58,25.42802926,2018,Sep,25
2018/09/25,UTTAR PRADESH,SANT KABIR NAGAR,8.25,-,56.11,22.76281972,2018,Sep,25
2018/09/25,UTTAR PRADESH,SONBHADRA,4.96,-,33.76,31.26497348,2018,Sep,25
2018/09/25,UTTAR PRADESH,FATEHPUR,7.36,-,51.02,15.30249619,2018,Sep,25
2018/09/25,UTTAR PRADESH,BARA BANKI,7.68,-,49.16,21.18871277,2018,Sep,25
2018/09/25,UTTAR PRADESH,AZAMGARH,8.48,-,55.96,27.25330337,2018,Sep,25
2018/09/25,UTTAR PRADESH,BAGHPAT,9.88,-,66.33,31.05316163,2018,Sep,25
2018/09/25,UTTAR PRADESH,ALIGARH,2.73,-,17.94,28.27691828,2018,Sep,25
2018/09/25,UTTAR PRADESH,HARDOI,7.2,-,47.78,25.91090717,2018,Sep,25
2018/09/25,UTTAR PRADESH,RAE BARELI,6.2,-,45.35,17.69937489,2018,Sep,25
2018/09/25,UTTAR PRADESH,GHAZIPUR,8.55,-,62.67,27.68837731,2018,Sep,25
2018/09/25,UTTAR PRADESH,KAUSHAMBI,7.74,-,54.11,19.85578603,2018,Sep,25
2018/09/25,UTTAR PRADESH,BULANDSHAHR,7.98,-,50.42,27.61975322,2018,Sep,25
2018/09/25,UTTAR PRADESH,DEORIA,8.76,-,57.29,27.28656353,2018,Sep,25
2018/09/25,UTTAR PRADESH,BAHRAICH,7.23,-,55.49,24.85594195,2018,Sep,25
2018/09/25,UTTAR PRADESH,GORAKHPUR,9.29,-,61.33,27.37637563,2018,Sep,25
2018/09/25,UTTAR PRADESH,BIJNOR,13.38,-,91.95,40.76762492,2018,Sep,25
2018/09/25,UTTAR PRADESH,BANDA,1.33,-,11.73,18.90853877,2018,Sep,25
2018/09/25,UTTAR PRADESH,MUZAFFARNAGAR,10.75,-,72.35,33.26118974,2018,Sep,25
2018/09/25,UTTAR PRADESH,SANT RAVI DAS NAGAR(BHADOHI),7.82,-,54.65,33.11871948,2018,Sep,25
2018/09/25,UTTAR PRADESH,HAMIRPUR,0.35,-,2.82,21.67970721,2018,Sep,25
2018/09/25,UTTAR PRADESH,PRATAPGARH,3.45,-,25.07,27.54357631,2018,Sep,25
2018/09/25,UTTAR PRADESH,ETAWAH,6.7,-,44.93,24.45858163,2018,Sep,25
2018/09/25,UTTAR PRADESH,MORADABAD,9.58,-,65.69,32.6670608,2018,Sep,25
2018/09/25,UTTAR PRADESH,AGRA,3.49,-,24.95,25.07448044,2018,Sep,25
2018/09/25,UTTAR PRADESH,JAUNPUR,7.31,-,49.93,31.56275722,2018,Sep,25
2018/09/25,UTTAR PRADESH,KANPUR NAGAR,5.3,-,33.63,18.54315907,2018,Sep,25
2018/09/25,UTTAR PRADESH,JHANSI,3.53,-,26.7,22.08842907,2018,Sep,25
2018/09/25,UTTAR PRADESH,SIDDHARTH NAGAR,7.7,-,50.56,22.04590865,2018,Sep,25
2018/09/25,UTTAR PRADESH,MEERUT,13.14,-,84.34,38.7960279,2018,Sep,25
2018/09/25,UTTAR PRADESH,PILIBHIT,11.8,-,77.25,33.29424596,2018,Sep,25
2018/09/25,UTTAR PRADESH,SHAHJAHANPUR,7.18,-,51.1,26.88445827,2018,Sep,25
2018/09/25,UTTAR PRADESH,KANPUR DEHAT,4.59,-,28.74,19.6552039,2018,Sep,25
2018/09/25,UTTAR PRADESH,FIROZABAD,3.96,-,27.88,26.3086608,2018,Sep,25
2018/09/25,UTTAR PRADESH,AYODHYA,7.16,-,50.17,23.24879816,2018,Sep,25
2018/09/25,UTTAR PRADESH,KUSHINAGAR,6.86,-,52.69,27.36200461,2018,Sep,25
2018/09/25,UTTAR PRADESH,JALAUN,0.45,-,3.06,30.72716466,2018,Sep,25
2018/09/25,UTTAR PRADESH,GHAZIABAD,10.28,-,65.8,33.74268198,2018,Sep,25
2018/09/25,UTTAR PRADESH,ETAH,2.33,-,13.88,26.12561267,2018,Sep,25
2018/09/25,UTTAR PRADESH,BALLIA,4.37,-,29.3,26.42767601,2018,Sep,25
2018/09/25,UTTAR PRADESH,UNNAO,7.32,-,50.17,17.51642899,2018,Sep,25
2018/09/25,UTTAR PRADESH,MAU,7.28,-,47.97,25.01327314,2018,Sep,25
2018/09/25,UTTAR PRADESH,SITAPUR,6.75,-,43.84,22.33103546,2018,Sep,25
2018/09/25,UTTAR PRADESH,PRAYAGRAJ,4.46,-,39.12,28.36169705,2018,Sep,25
2018/09/25,UTTAR PRADESH,BAREILLY,9.88,-,64.53,32.48541787,2018,Sep,25
2018/09/25,UTTAR PRADESH,SHRAWASTI,7.08,-,55.0,22.98994093,2018,Sep,25
2018/09/25,UTTAR PRADESH,SULTANPUR,5.08,-,35.28,28.16580995,2018,Sep,25
2018/09/25,UTTAR PRADESH,GONDA,8.7,-,58.4,27.66471577,2018,Sep,25
2018/09/25,UTTAR PRADESH,GAUTAM BUDDHA NAGAR,5.45,-,34.72,30.21178298,2018,Sep,25
2018/09/25,UTTAR PRADESH,KANSIRAM NAGAR,6.12,-,45.48,23.21248103,2018,Sep,25
2018/09/25,UTTAR PRADESH,MAHARAJGANJ,6.47,-,46.01,23.23212961,2018,Sep,25
2018/09/25,UTTAR PRADESH,MAINPURI,3.63,-,24.25,23.757835,2018,Sep,25
2018/09/25,UTTAR PRADESH,VARANASI,7.01,-,53.39,33.34331494,2018,Sep,25
2018/09/25,UTTAR PRADESH,AURAIYA,5.41,-,36.71,25.3984185,2018,Sep,25
2018/09/24,UTTAR PRADESH,FARRUKHABAD,8.66,-,57.5,26.96673109,2018,Sep,24
2018/09/24,UTTAR PRADESH,LUCKNOW,7.75,-,52.26,18.80668264,2018,Sep,24
2018/09/24,UTTAR PRADESH,KHERI,8.52,-,57.24,28.72140387,2018,Sep,24
2018/09/24,UTTAR PRADESH,CHANDAULI,6.3,-,49.2,33.91699164,2018,Sep,24
2018/09/24,UTTAR PRADESH,AMBEDKAR NAGAR,6.49,-,43.43,26.57574055,2018,Sep,24
2018/09/24,UTTAR PRADESH,BUDAUN,8.63,-,63.86,24.01902146,2018,Sep,24
2018/09/24,UTTAR PRADESH,BALRAMPUR,9.82,-,64.7,26.81863095,2018,Sep,24
2018/09/24,UTTAR PRADESH,BASTI,9.89,-,62.09,24.12914697,2018,Sep,24
2018/09/24,UTTAR PRADESH,RAMPUR,14.09,-,90.09,40.29087267,2018,Sep,24
2018/09/24,UTTAR PRADESH,MIRZAPUR,4.38,-,36.56,31.83600746,2018,Sep,24
2018/09/24,UTTAR PRADESH,JYOTIBA PHULE NAGAR,10.41,-,76.13,35.66507233,2018,Sep,24
2018/09/24,UTTAR PRADESH,LALITPUR,4.82,-,33.35,21.84089743,2018,Sep,24
2018/09/24,UTTAR PRADESH,MAHAMAYA NAGAR,1.82,-,11.41,28.14976008,2018,Sep,24
2018/09/24,UTTAR PRADESH,MATHURA,3.27,-,20.53,24.56051902,2018,Sep,24
2018/09/24,UTTAR PRADESH,MAHOBA,1.59,-,12.98,19.39579771,2018,Sep,24
2018/09/24,UTTAR PRADESH,CHITRAKOOT,2.48,-,20.77,23.02575461,2018,Sep,24
2018/09/24,UTTAR PRADESH,SAHARANPUR,13.82,-,95.36,41.86659807,2018,Sep,24
2018/09/24,UTTAR PRADESH,KANNAUJ,8.07,-,53.79,27.54848919,2018,Sep,24
2018/09/24,UTTAR PRADESH,SANT KABIR NAGAR,8.25,-,56.16,23.96985582,2018,Sep,24
2018/09/24,UTTAR PRADESH,SONBHADRA,5.19,-,35.48,32.19754168,2018,Sep,24
2018/09/24,UTTAR PRADESH,FATEHPUR,7.48,-,51.83,15.83939528,2018,Sep,24
2018/09/24,UTTAR PRADESH,BARA BANKI,7.86,-,50.41,22.10273359,2018,Sep,24
2018/09/24,UTTAR PRADESH,AZAMGARH,8.79,-,58.03,29.04854322,2018,Sep,24
2018/09/24,UTTAR PRADESH,BAGHPAT,11.06,-,73.57,34.42865544,2018,Sep,24
2018/09/24,UTTAR PRADESH,ALIGARH,2.82,-,18.55,29.73928932,2018,Sep,24
2018/09/24,UTTAR PRADESH,HARDOI,7.45,-,49.54,27.61036819,2018,Sep,24
2018/09/24,UTTAR PRADESH,RAE BARELI,6.34,-,46.46,18.40490542,2018,Sep,24
2018/09/24,UTTAR PRADESH,GHAZIPUR,8.9,-,65.14,29.60243956,2018,Sep,24
2018/09/24,UTTAR PRADESH,KAUSHAMBI,7.95,-,55.66,21.01332702,2018,Sep,24
2018/09/24,UTTAR PRADESH,BULANDSHAHR,8.22,-,51.95,29.43066947,2018,Sep,24
2018/09/24,UTTAR PRADESH,DEORIA,8.94,-,58.6,28.60628246,2018,Sep,24
2018/09/24,UTTAR PRADESH,BAHRAICH,7.48,-,57.29,26.07240133,2018,Sep,24
2018/09/24,UTTAR PRADESH,GORAKHPUR,9.55,-,63.28,28.83092673,2018,Sep,24
2018/09/24,UTTAR PRADESH,BIJNOR,13.94,-,95.75,42.63508574,2018,Sep,24
2018/09/24,UTTAR PRADESH,BANDA,1.38,-,12.18,19.6008583,2018,Sep,24
2018/09/24,UTTAR PRADESH,MUZAFFARNAGAR,11.8,-,78.99,36.25508391,2018,Sep,24
2018/09/24,UTTAR PRADESH,SANT RAVI DAS NAGAR(BHADOHI),8.5,-,59.17,35.24576777,2018,Sep,24
2018/09/24,UTTAR PRADESH,HAMIRPUR,0.37,-,2.96,22.4895978,2018,Sep,24
2018/09/24,UTTAR PRADESH,PRATAPGARH,3.67,-,26.7,28.90855307,2018,Sep,24
2018/09/24,UTTAR PRADESH,ETAWAH,6.82,-,45.72,25.72232581,2018,Sep,24
2018/09/24,UTTAR PRADESH,MORADABAD,10.01,-,68.5,34.70313898,2018,Sep,24
2018/09/24,UTTAR PRADESH,AGRA,3.6,-,25.68,26.23338668,2018,Sep,24
2018/09/24,UTTAR PRADESH,JAUNPUR,8.04,-,54.95,33.58744381,2018,Sep,24
2018/09/24,UTTAR PRADESH,KANPUR NAGAR,5.45,-,34.6,19.18031978,2018,Sep,24
2018/09/24,UTTAR PRADESH,JHANSI,3.64,-,27.57,23.05703789,2018,Sep,24
2018/09/24,UTTAR PRADESH,SIDDHARTH NAGAR,7.78,-,51.25,23.17345282,2018,Sep,24
2018/09/24,UTTAR PRADESH,MEERUT,13.99,-,89.67,40.82338696,2018,Sep,24
2018/09/24,UTTAR PRADESH,PILIBHIT,12.47,-,81.54,35.34117417,2018,Sep,24
2018/09/24,UTTAR PRADESH,SHAHJAHANPUR,7.48,-,53.31,28.60245793,2018,Sep,24
2018/09/24,UTTAR PRADESH,KANPUR DEHAT,4.72,-,29.63,20.57111572,2018,Sep,24
2018/09/24,UTTAR PRADESH,FIROZABAD,4.02,-,28.25,27.83446578,2018,Sep,24
2018/09/24,UTTAR PRADESH,AYODHYA,7.19,-,50.41,24.43922076,2018,Sep,24
2018/09/24,UTTAR PRADESH,KUSHINAGAR,7.04,-,54.11,28.58698092,2018,Sep,24
2018/09/24,UTTAR PRADESH,JALAUN,0.48,-,3.31,31.71865854,2018,Sep,24
2018/09/24,UTTAR PRADESH,GHAZIABAD,11.25,-,71.87,36.29033864,2018,Sep,24
2018/09/24,UTTAR PRADESH,ETAH,2.51,-,14.96,27.19117667,2018,Sep,24
2018/09/24,UTTAR PRADESH,BALLIA,4.65,-,31.28,27.92715143,2018,Sep,24
2018/09/24,UTTAR PRADESH,UNNAO,7.5,-,51.39,18.05749798,2018,Sep,24
2018/09/24,UTTAR PRADESH,MAU,7.41,-,48.84,26.54328294,2018,Sep,24
2018/09/24,UTTAR PRADESH,SITAPUR,6.92,-,45.01,23.48578643,2018,Sep,24
2018/09/24,UTTAR PRADESH,PRAYAGRAJ,4.68,-,40.99,29.94258848,2018,Sep,24
2018/09/24,UTTAR PRADESH,BAREILLY,10.99,-,71.98,35.30386866,2018,Sep,24
2018/09/24,UTTAR PRADESH,SHRAWASTI,7.21,-,56.18,23.80359282,2018,Sep,24
2018/09/24,UTTAR PRADESH,SULTANPUR,5.19,-,36.23,29.52209738,2018,Sep,24
2018/09/24,UTTAR PRADESH,GONDA,8.86,-,59.45,29.13526715,2018,Sep,24
2018/09/24,UTTAR PRADESH,GAUTAM BUDDHA NAGAR,5.91,-,37.62,32.42607693,2018,Sep,24
2018/09/24,UTTAR PRADESH,KANSIRAM NAGAR,6.38,-,47.37,24.27088201,2018,Sep,24
2018/09/24,UTTAR PRADESH,MAHARAJGANJ,6.61,-,47.13,24.11067943,2018,Sep,24
2018/09/24,UTTAR PRADESH,MAINPURI,3.78,-,25.18,25.1183395,2018,Sep,24
2018/09/24,UTTAR PRADESH,VARANASI,7.53,-,57.07,35.31786948,2018,Sep,24
2018/09/24,UTTAR PRADESH,AURAIYA,5.6,-,38.02,26.97978705,2018,Sep,24
2018/09/23,UTTAR PRADESH,FARRUKHABAD,7.9,-,52.56,23.33611208,2018,Sep,23
2018/09/23,UTTAR PRADESH,LUCKNOW,7.9,-,53.28,19.63548503,2018,Sep,23
2018/09/23,UTTAR PRADESH,KHERI,8.65,-,58.14,29.88425026,2018,Sep,23
2018/09/23,UTTAR PRADESH,CHANDAULI,6.87,-,53.75,35.92372342,2018,Sep,23
2018/09/23,UTTAR PRADESH,AMBEDKAR NAGAR,6.7,-,44.9,28.24843753,2018,Sep,23
2018/09/23,UTTAR PRADESH,BUDAUN,8.0,-,59.54,20.87661186,2018,Sep,23
2018/09/23,UTTAR PRADESH,BALRAMPUR,10.15,-,66.9,28.66828831,2018,Sep,23
2018/09/23,UTTAR PRADESH,BASTI,9.9,-,62.2,25.79591377,2018,Sep,23
2018/09/23,UTTAR PRADESH,RAMPUR,9.19,-,58.98,23.32676912,2018,Sep,23
2018/09/23,UTTAR PRADESH,MIRZAPUR,4.69,-,39.11,33.74534641,2018,Sep,23
2018/09/23,UTTAR PRADESH,JYOTIBA PHULE NAGAR,7.74,-,58.89,24.89870223,2018,Sep,23
2018/09/23,UTTAR PRADESH,LALITPUR,4.94,-,34.17,22.99274541,2018,Sep,23
2018/09/23,UTTAR PRADESH,MAHAMAYA NAGAR,1.77,-,11.04,27.71648973,2018,Sep,23
2018/09/23,UTTAR PRADESH,MATHURA,3.31,-,20.83,22.00005218,2018,Sep,23
2018/09/23,UTTAR PRADESH,MAHOBA,1.64,-,13.4,20.43934227,2018,Sep,23
2018/09/23,UTTAR PRADESH,CHITRAKOOT,2.65,-,22.18,24.08105094,2018,Sep,23
2018/09/23,UTTAR PRADESH,SAHARANPUR,10.88,-,75.99,34.18263346,2018,Sep,23
2018/09/23,UTTAR PRADESH,KANNAUJ,7.4,-,49.39,21.86910702,2018,Sep,23
2018/09/23,UTTAR PRADESH,SANT KABIR NAGAR,8.27,-,56.25,25.54815616,2018,Sep,23
2018/09/23,UTTAR PRADESH,SONBHADRA,5.48,-,37.57,33.84114296,2018,Sep,23
2018/09/23,UTTAR PRADESH,FATEHPUR,7.6,-,52.69,16.48719057,2018,Sep,23
2018/09/23,UTTAR PRADESH,BARA BANKI,7.99,-,51.39,22.0745058,2018,Sep,23
2018/09/23,UTTAR PRADESH,AZAMGARH,9.36,-,61.82,31.16972513,2018,Sep,23
2018/09/23,UTTAR PRADESH,BAGHPAT,9.07,-,61.15,29.09311038,2018,Sep,23
2018/09/23,UTTAR PRADESH,ALIGARH,3.07,-,20.06,31.76850925,2018,Sep,23
2018/09/23,UTTAR PRADESH,HARDOI,7.35,-,48.78,27.86538751,2018,Sep,23
2018/09/23,UTTAR PRADESH,RAE BARELI,6.51,-,47.74,19.33068031,2018,Sep,23
2018/09/23,UTTAR PRADESH,GHAZIPUR,9.46,-,69.18,31.79540126,2018,Sep,23
2018/09/23,UTTAR PRADESH,KAUSHAMBI,8.21,-,57.55,22.37638616,2018,Sep,23
2018/09/23,UTTAR PRADESH,BULANDSHAHR,8.27,-,52.18,30.20859424,2018,Sep,23
2018/09/23,UTTAR PRADESH,DEORIA,9.15,-,60.08,30.2148169,2018,Sep,23
2018/09/23,UTTAR PRADESH,BAHRAICH,7.6,-,58.25,27.05740535,2018,Sep,23
2018/09/23,UTTAR PRADESH,GORAKHPUR,9.95,-,66.33,30.72050268,2018,Sep,23
2018/09/23,UTTAR PRADESH,BIJNOR,8.66,-,59.9,26.34115996,2018,Sep,23
2018/09/23,UTTAR PRADESH,BANDA,1.44,-,12.71,20.35391873,2018,Sep,23
2018/09/23,UTTAR PRADESH,MUZAFFARNAGAR,8.39,-,57.21,26.93861141,2018,Sep,23
2018/09/23,UTTAR PRADESH,SANT RAVI DAS NAGAR(BHADOHI),9.38,-,65.07,37.6727934,2018,Sep,23
2018/09/23,UTTAR PRADESH,HAMIRPUR,0.39,-,3.15,23.32149541,2018,Sep,23
2018/09/23,UTTAR PRADESH,PRATAPGARH,3.96,-,28.84,30.57046724,2018,Sep,23
2018/09/23,UTTAR PRADESH,ETAWAH,6.89,-,46.18,25.9968027,2018,Sep,23
2018/09/23,UTTAR PRADESH,MORADABAD,8.18,-,56.5,25.15635663,2018,Sep,23
2018/09/23,UTTAR PRADESH,AGRA,3.6,-,25.7,25.30069582,2018,Sep,23
2018/09/23,UTTAR PRADESH,JAUNPUR,9.07,-,61.95,35.90857681,2018,Sep,23
2018/09/23,UTTAR PRADESH,KANPUR NAGAR,5.59,-,35.46,19.73703711,2018,Sep,23
2018/09/23,UTTAR PRADESH,JHANSI,3.76,-,28.51,24.03928941,2018,Sep,23
2018/09/23,UTTAR PRADESH,SIDDHARTH NAGAR,7.89,-,52.17,24.7641799,2018,Sep,23
2018/09/23,UTTAR PRADESH,MEERUT,9.27,-,59.53,30.46099774,2018,Sep,23
2018/09/23,UTTAR PRADESH,PILIBHIT,10.02,-,65.45,26.32748222,2018,Sep,23
2018/09/23,UTTAR PRADESH,SHAHJAHANPUR,7.22,-,51.24,26.0645222,2018,Sep,23
2018/09/23,UTTAR PRADESH,KANPUR DEHAT,4.86,-,30.54,21.31692694,2018,Sep,23
2018/09/23,UTTAR PRADESH,FIROZABAD,3.97,-,27.95,24.93963286,2018,Sep,23
2018/09/23,UTTAR PRADESH,AYODHYA,7.22,-,50.66,25.84291523,2018,Sep,23
2018/09/23,UTTAR PRADESH,KUSHINAGAR,7.23,-,55.6,30.15788358,2018,Sep,23
2018/09/23,UTTAR PRADESH,JALAUN,0.53,-,3.6,32.74294177,2018,Sep,23
2018/09/23,UTTAR PRADESH,GHAZIABAD,8.36,-,53.47,29.58731585,2018,Sep,23
2018/09/23,UTTAR PRADESH,ETAH,2.51,-,14.93,25.25646741,2018,Sep,23
2018/09/23,UTTAR PRADESH,BALLIA,4.95,-,33.47,29.35100514,2018,Sep,23
2018/09/23,UTTAR PRADESH,UNNAO,7.67,-,52.61,18.62849828,2018,Sep,23
2018/09/23,UTTAR PRADESH,MAU,7.69,-,50.74,28.39035393,2018,Sep,23
2018/09/23,UTTAR PRADESH,SITAPUR,7.17,-,46.76,24.28939644,2018,Sep,23
2018/09/23,UTTAR PRADESH,PRAYAGRAJ,4.95,-,43.32,31.81196969,2018,Sep,23
2018/09/23,UTTAR PRADESH,BAREILLY,8.4,-,54.77,21.22854533,2018,Sep,23
2018/09/23,UTTAR PRADESH,SHRAWASTI,7.35,-,57.33,25.0177979,2018,Sep,23
2018/09/23,UTTAR PRADESH,SULTANPUR,5.34,-,37.42,31.19497531,2018,Sep,23
2018/09/23,UTTAR PRADESH,GONDA,9.15,-,61.33,30.88596693,2018,Sep,23
2018/09/23,UTTAR PRADESH,GAUTAM BUDDHA NAGAR,4.79,-,30.45,26.98004809,2018,Sep,23
2018/09/23,UTTAR PRADESH,KANSIRAM NAGAR,6.38,-,47.32,24.09548911,2018,Sep,23
2018/09/23,UTTAR PRADESH,MAHARAJGANJ,6.73,-,48.18,25.30697105,2018,Sep,23
2018/09/23,UTTAR PRADESH,MAINPURI,3.86,-,25.63,21.89067038,2018,Sep,23
2018/09/23,UTTAR PRADESH,VARANASI,8.15,-,61.31,37.59874489,2018,Sep,23
2018/09/23,UTTAR PRADESH,AURAIYA,5.49,-,37.28,25.12475135,2018,Sep,23
2018/09/22,UTTAR PRADESH,FARRUKHABAD,7.98,-,53.06,23.48656384,2018,Sep,22
2018/09/22,UTTAR PRADESH,LUCKNOW,8.0,-,53.99,20.15562666,2018,Sep,22
2018/09/22,UTTAR PRADESH,KHERI,8.83,-,59.22,31.00683985,2018,Sep,22
2018/09/22,UTTAR PRADESH,CHANDAULI,7.56,-,59.24,38.23417179,2018,Sep,22
2018/09/22,UTTAR PRADESH,AMBEDKAR NAGAR,6.88,-,46.19,30.1552915,2018,Sep,22
2018/09/22,UTTAR PRADESH,BUDAUN,8.06,-,59.86,20.31787266,2018,Sep,22
2018/09/22,UTTAR PRADESH,BALRAMPUR,10.57,-,69.68,30.54547295,2018,Sep,22
2018/09/22,UTTAR PRADESH,BASTI,9.99,-,62.76,27.6137944,2018,Sep,22
2018/09/22,UTTAR PRADESH,RAMPUR,9.16,-,58.68,20.66105479,2018,Sep,22
2018/09/22,UTTAR PRADESH,MIRZAPUR,5.04,-,42.15,35.87380229,2018,Sep,22
2018/09/22,UTTAR PRADESH,JYOTIBA PHULE NAGAR,7.62,-,57.78,20.64515418,2018,Sep,22
2018/09/22,UTTAR PRADESH,LALITPUR,5.09,-,35.13,24.23219207,2018,Sep,22
2018/09/22,UTTAR PRADESH,MAHAMAYA NAGAR,1.92,-,11.99,23.95211369,2018,Sep,22
2018/09/22,UTTAR PRADESH,MATHURA,3.45,-,21.67,21.737641,2018,Sep,22
2018/09/22,UTTAR PRADESH,MAHOBA,1.69,-,13.85,19.711565,2018,Sep,22
2018/09/22,UTTAR PRADESH,CHITRAKOOT,2.87,-,24.03,25.3732695,2018,Sep,22
2018/09/22,UTTAR PRADESH,SAHARANPUR,9.75,-,68.48,30.15340761,2018,Sep,22
2018/09/22,UTTAR PRADESH,KANNAUJ,7.52,-,50.2,22.5523342,2018,Sep,22
2018/09/22,UTTAR PRADESH,SANT KABIR NAGAR,8.3,-,56.49,27.31579983,2018,Sep,22
2018/09/22,UTTAR PRADESH,SONBHADRA,5.79,-,39.78,35.62288773,2018,Sep,22
2018/09/22,UTTAR PRADESH,FATEHPUR,7.72,-,53.58,17.24854806,2018,Sep,22
2018/09/22,UTTAR PRADESH,BARA BANKI,8.22,-,52.94,23.43510999,2018,Sep,22
2018/09/22,UTTAR PRADESH,AZAMGARH,10.21,-,67.53,33.64825364,2018,Sep,22
2018/09/22,UTTAR PRADESH,BAGHPAT,8.81,-,58.93,22.53270564,2018,Sep,22
2018/09/22,UTTAR PRADESH,ALIGARH,2.41,-,15.97,22.3842734,2018,Sep,22
2018/09/22,UTTAR PRADESH,HARDOI,7.03,-,46.59,24.75216614,2018,Sep,22
2018/09/22,UTTAR PRADESH,RAE BARELI,6.65,-,48.78,20.0139196,2018,Sep,22
2018/09/22,UTTAR PRADESH,GHAZIPUR,10.25,-,74.82,34.44228834,2018,Sep,22
2018/09/22,UTTAR PRADESH,KAUSHAMBI,8.49,-,59.57,23.97445623,2018,Sep,22
2018/09/22,UTTAR PRADESH,BULANDSHAHR,7.44,-,46.95,23.44985819,2018,Sep,22
2018/09/22,UTTAR PRADESH,DEORIA,9.39,-,61.79,32.09652031,2018,Sep,22
2018/09/22,UTTAR PRADESH,BAHRAICH,8.01,-,61.1,29.10974407,2018,Sep,22
2018/09/22,UTTAR PRADESH,GORAKHPUR,10.49,-,70.16,32.85573387,2018,Sep,22
2018/09/22,UTTAR PRADESH,BIJNOR,8.47,-,58.31,21.40136733,2018,Sep,22
2018/09/22,UTTAR PRADESH,BANDA,1.5,-,13.29,21.22573247,2018,Sep,22
2018/09/22,UTTAR PRADESH,MUZAFFARNAGAR,8.26,-,56.22,25.44514022,2018,Sep,22
2018/09/22,UTTAR PRADESH,SANT RAVI DAS NAGAR(BHADOHI),10.37,-,71.77,40.36970558,2018,Sep,22
2018/09/22,UTTAR PRADESH,HAMIRPUR,0.41,-,3.33,24.27877546,2018,Sep,22
2018/09/22,UTTAR PRADESH,PRATAPGARH,4.28,-,30.96,32.66779363,2018,Sep,22
2018/09/22,UTTAR PRADESH,ETAWAH,7.04,-,47.04,27.48190622,2018,Sep,22
2018/09/22,UTTAR PRADESH,MORADABAD,7.9,-,54.21,20.05935925,2018,Sep,22
2018/09/22,UTTAR PRADESH,AGRA,3.68,-,26.19,26.22327429,2018,Sep,22
2018/09/22,UTTAR PRADESH,JAUNPUR,10.22,-,69.76,38.46407644,2018,Sep,22
2018/09/22,UTTAR PRADESH,KANPUR NAGAR,5.74,-,36.47,20.37189208,2018,Sep,22
2018/09/22,UTTAR PRADESH,JHANSI,3.88,-,29.46,25.04029617,2018,Sep,22
2018/09/22,UTTAR PRADESH,SIDDHARTH NAGAR,8.07,-,53.47,26.5917995,2018,Sep,22
2018/09/22,UTTAR PRADESH,MEERUT,8.16,-,52.42,21.9130199,2018,Sep,22
2018/09/22,UTTAR PRADESH,PILIBHIT,10.26,-,67.04,27.39556479,2018,Sep,22
2018/09/22,UTTAR PRADESH,SHAHJAHANPUR,7.36,-,52.22,26.34810884,2018,Sep,22
2018/09/22,UTTAR PRADESH,KANPUR DEHAT,5.01,-,31.58,22.48720823,2018,Sep,22
2018/09/22,UTTAR PRADESH,FIROZABAD,4.06,-,28.48,25.6724658,2018,Sep,22
2018/09/22,UTTAR PRADESH,AYODHYA,7.26,-,50.94,27.48769238,2018,Sep,22
2018/09/22,UTTAR PRADESH,KUSHINAGAR,7.41,-,56.97,32.09521325,2018,Sep,22
2018/09/22,UTTAR PRADESH,JALAUN,0.58,-,4.02,34.07215816,2018,Sep,22
2018/09/22,UTTAR PRADESH,GHAZIABAD,7.82,-,49.93,21.29253014,2018,Sep,22
2018/09/22,UTTAR PRADESH,ETAH,2.7,-,16.13,25.14920249,2018,Sep,22
2018/09/22,UTTAR PRADESH,BALLIA,5.62,-,38.32,31.66772763,2018,Sep,22
2018/09/22,UTTAR PRADESH,UNNAO,7.85,-,53.83,18.85531393,2018,Sep,22
2018/09/22,UTTAR PRADESH,MAU,8.25,-,54.56,30.7591278,2018,Sep,22
2018/09/22,UTTAR PRADESH,SITAPUR,7.1,-,46.14,24.26933378,2018,Sep,22
2018/09/22,UTTAR PRADESH,PRAYAGRAJ,5.29,-,46.21,34.01898721,2018,Sep,22
2018/09/22,UTTAR PRADESH,BAREILLY,8.45,-,55.14,21.60220803,2018,Sep,22
2018/09/22,UTTAR PRADESH,SHRAWASTI,7.47,-,58.4,26.37311569,2018,Sep,22
2018/09/22,UTTAR PRADESH,SULTANPUR,5.55,-,38.81,33.37742179,2018,Sep,22
2018/09/22,UTTAR PRADESH,GONDA,9.73,-,65.26,33.0797879,2018,Sep,22
2018/09/22,UTTAR PRADESH,GAUTAM BUDDHA NAGAR,4.79,-,30.49,21.77329151,2018,Sep,22
2018/09/22,UTTAR PRADESH,KANSIRAM NAGAR,6.48,-,47.93,23.36483682,2018,Sep,22
2018/09/22,UTTAR PRADESH,MAHARAJGANJ,6.88,-,49.48,26.70765922,2018,Sep,22
2018/09/22,UTTAR PRADESH,MAINPURI,4.08,-,27.0,22.83008594,2018,Sep,22
2018/09/22,UTTAR PRADESH,VARANASI,8.86,-,66.2,40.24674016,2018,Sep,22
2018/09/22,UTTAR PRADESH,AURAIYA,5.61,-,38.15,26.67066037,2018,Sep,22
2018/09/21,UTTAR PRADESH,FARRUKHABAD,8.13,-,54.14,24.70089587,2018,Sep,21
2018/09/21,UTTAR PRADESH,LUCKNOW,8.06,-,54.39,18.57414719,2018,Sep,21
2018/09/21,UTTAR PRADESH,KHERI,7.85,-,52.52,24.60361242,2018,Sep,21
2018/09/21,UTTAR PRADESH,CHANDAULI,8.14,-,63.96,40.29145866,2018,Sep,21
2018/09/21,UTTAR PRADESH,AMBEDKAR NAGAR,6.8,-,45.66,30.60323139,2018,Sep,21
2018/09/21,UTTAR PRADESH,BUDAUN,8.2,-,60.9,21.49697538,2018,Sep,21
2018/09/21,UTTAR PRADESH,BALRAMPUR,11.17,-,73.7,32.65280333,2018,Sep,21
2018/09/21,UTTAR PRADESH,BASTI,10.3,-,64.66,29.77586369,2018,Sep,21
2018/09/21,UTTAR PRADESH,RAMPUR,9.21,-,59.02,21.30336926,2018,Sep,21
2018/09/21,UTTAR PRADESH,MIRZAPUR,5.36,-,44.85,37.99799534,2018,Sep,21
2018/09/21,UTTAR PRADESH,JYOTIBA PHULE NAGAR,7.75,-,58.77,21.55861761,2018,Sep,21
2018/09/21,UTTAR PRADESH,LALITPUR,5.21,-,35.86,25.35650885,2018,Sep,21
2018/09/21,UTTAR PRADESH,MAHAMAYA NAGAR,2.14,-,13.39,24.36259489,2018,Sep,21
2018/09/21,UTTAR PRADESH,MATHURA,3.55,-,22.36,22.24418862,2018,Sep,21
2018/09/21,UTTAR PRADESH,MAHOBA,1.75,-,14.35,20.60034501,2018,Sep,21
2018/09/21,UTTAR PRADESH,CHITRAKOOT,3.11,-,26.25,26.81933788,2018,Sep,21
2018/09/21,UTTAR PRADESH,SAHARANPUR,8.87,-,61.25,21.80033895,2018,Sep,21
2018/09/21,UTTAR PRADESH,KANNAUJ,7.61,-,50.78,23.36148631,2018,Sep,21
2018/09/21,UTTAR PRADESH,SANT KABIR NAGAR,8.45,-,57.51,28.91207888,2018,Sep,21
2018/09/21,UTTAR PRADESH,SONBHADRA,6.08,-,41.76,37.4127464,2018,Sep,21
2018/09/21,UTTAR PRADESH,FATEHPUR,7.83,-,54.37,17.96661308,2018,Sep,21
2018/09/21,UTTAR PRADESH,BARA BANKI,8.23,-,53.14,22.54400187,2018,Sep,21
2018/09/21,UTTAR PRADESH,AZAMGARH,10.87,-,71.87,35.37069193,2018,Sep,21
2018/09/21,UTTAR PRADESH,BAGHPAT,8.84,-,59.21,23.08934799,2018,Sep,21
2018/09/21,UTTAR PRADESH,ALIGARH,2.55,-,16.88,22.83845964,2018,Sep,21
2018/09/21,UTTAR PRADESH,HARDOI,7.03,-,46.62,25.02901252,2018,Sep,21
2018/09/21,UTTAR PRADESH,RAE BARELI,6.79,-,49.82,20.97854649,2018,Sep,21
2018/09/21,UTTAR PRADESH,GHAZIPUR,10.96,-,79.74,36.75133268,2018,Sep,21
2018/09/21,UTTAR PRADESH,KAUSHAMBI,8.76,-,61.47,25.56956824,2018,Sep,21
2018/09/21,UTTAR PRADESH,BULANDSHAHR,7.56,-,47.78,24.34045537,2018,Sep,21
2018/09/21,UTTAR PRADESH,DEORIA,9.66,-,63.69,33.43378237,2018,Sep,21
2018/09/21,UTTAR PRADESH,BAHRAICH,7.27,-,55.77,24.28703647,2018,Sep,21
2018/09/21,UTTAR PRADESH,GORAKHPUR,10.22,-,68.08,32.73038596,2018,Sep,21
2018/09/21,UTTAR PRADESH,BIJNOR,8.37,-,57.4,20.43734701,2018,Sep,21
2018/09/21,UTTAR PRADESH,BANDA,1.56,-,13.84,21.97243485,2018,Sep,21
2018/09/21,UTTAR PRADESH,MUZAFFARNAGAR,8.04,-,54.22,22.45886082,2018,Sep,21
2018/09/21,UTTAR PRADESH,SANT RAVI DAS NAGAR(BHADOHI),11.1,-,76.67,42.42165054,2018,Sep,21
2018/09/21,UTTAR PRADESH,HAMIRPUR,0.43,-,3.5,25.03079287,2018,Sep,21
2018/09/21,UTTAR PRADESH,PRATAPGARH,4.25,-,30.46,33.31446217,2018,Sep,21
2018/09/21,UTTAR PRADESH,ETAWAH,7.23,-,48.27,29.52577203,2018,Sep,21
2018/09/21,UTTAR PRADESH,MORADABAD,8.0,-,54.91,20.78825163,2018,Sep,21
2018/09/21,UTTAR PRADESH,AGRA,3.84,-,27.48,27.58281398,2018,Sep,21
2018/09/21,UTTAR PRADESH,JAUNPUR,10.24,-,69.93,38.61326499,2018,Sep,21
2018/09/21,UTTAR PRADESH,KANPUR NAGAR,5.86,-,37.24,21.02962844,2018,Sep,21
2018/09/21,UTTAR PRADESH,JHANSI,3.95,-,30.06,25.93308516,2018,Sep,21
2018/09/21,UTTAR PRADESH,SIDDHARTH NAGAR,8.48,-,56.2,28.79677263,2018,Sep,21
2018/09/21,UTTAR PRADESH,MEERUT,8.2,-,52.71,22.17217417,2018,Sep,21
2018/09/21,UTTAR PRADESH,PILIBHIT,9.74,-,63.77,23.64582828,2018,Sep,21
2018/09/21,UTTAR PRADESH,SHAHJAHANPUR,7.04,-,50.02,23.94851698,2018,Sep,21
2018/09/21,UTTAR PRADESH,KANPUR DEHAT,5.11,-,32.25,23.42908907,2018,Sep,21
2018/09/21,UTTAR PRADESH,FIROZABAD,4.15,-,29.11,26.99070295,2018,Sep,21
2018/09/21,UTTAR PRADESH,AYODHYA,7.32,-,51.39,28.80096499,2018,Sep,21
2018/09/21,UTTAR PRADESH,KUSHINAGAR,7.46,-,57.4,34.18777726,2018,Sep,21
2018/09/21,UTTAR PRADESH,JALAUN,0.61,-,4.23,36.07238568,2018,Sep,21
2018/09/21,UTTAR PRADESH,GHAZIABAD,7.9,-,50.5,22.09753423,2018,Sep,21
2018/09/21,UTTAR PRADESH,ETAH,2.9,-,17.32,25.59808636,2018,Sep,21
2018/09/21,UTTAR PRADESH,BALLIA,6.61,-,45.85,34.65173383,2018,Sep,21
2018/09/21,UTTAR PRADESH,UNNAO,7.96,-,54.69,18.71931013,2018,Sep,21
2018/09/21,UTTAR PRADESH,MAU,8.99,-,59.59,33.10788956,2018,Sep,21
2018/09/21,UTTAR PRADESH,SITAPUR,6.99,-,45.33,21.9820165,2018,Sep,21
2018/09/21,UTTAR PRADESH,PRAYAGRAJ,5.61,-,48.82,36.40677137,2018,Sep,21
2018/09/21,UTTAR PRADESH,BAREILLY,8.5,-,55.46,22.63614325,2018,Sep,21
2018/09/21,UTTAR PRADESH,SHRAWASTI,7.4,-,57.83,27.31287147,2018,Sep,21
2018/09/21,UTTAR PRADESH,SULTANPUR,5.17,-,36.0,32.82962556,2018,Sep,21
2018/09/21,UTTAR PRADESH,GONDA,10.09,-,67.54,34.32082191,2018,Sep,21
2018/09/21,UTTAR PRADESH,GAUTAM BUDDHA NAGAR,4.83,-,30.73,22.30323261,2018,Sep,21
2018/09/21,UTTAR PRADESH,KANSIRAM NAGAR,6.7,-,49.61,24.14487934,2018,Sep,21
2018/09/21,UTTAR PRADESH,MAHARAJGANJ,6.9,-,49.86,27.10791845,2018,Sep,21
2018/09/21,UTTAR PRADESH,MAINPURI,4.29,-,28.24,23.83768584,2018,Sep,21
2018/09/21,UTTAR PRADESH,VARANASI,9.36,-,69.59,42.39393075,2018,Sep,21
2018/09/21,UTTAR PRADESH,AURAIYA,5.9,-,40.12,28.46097592,2018,Sep,21
2018/09/20,UTTAR PRADESH,FARRUKHABAD,8.0,-,52.84,19.1354049,2018,Sep,20
2018/09/20,UTTAR PRADESH,LUCKNOW,8.13,-,54.9,18.94680408,2018,Sep,20
2018/09/20,UTTAR PRADESH,KHERI,7.87,-,52.64,22.72893161,2018,Sep,20
2018/09/20,UTTAR PRADESH,CHANDAULI,7.53,-,58.73,39.74240375,2018,Sep,20
2018/09/20,UTTAR PRADESH,AMBEDKAR NAGAR,6.94,-,46.55,32.73937886,2018,Sep,20
2018/09/20,UTTAR PRADESH,BUDAUN,8.12,-,60.11,19.51382118,2018,Sep,20
2018/09/20,UTTAR PRADESH,BALRAMPUR,9.64,-,63.4,24.67441015,2018,Sep,20
2018/09/20,UTTAR PRADESH,BASTI,9.91,-,62.26,28.00033923,2018,Sep,20
2018/09/20,UTTAR PRADESH,RAMPUR,9.21,-,59.01,20.2968287,2018,Sep,20
2018/09/20,UTTAR PRADESH,MIRZAPUR,5.14,-,42.9,37.42131019,2018,Sep,20
2018/09/20,UTTAR PRADESH,JYOTIBA PHULE NAGAR,7.8,-,58.92,19.6475114,2018,Sep,20
2018/09/20,UTTAR PRADESH,LALITPUR,4.91,-,33.97,20.58293319,2018,Sep,20
2018/09/20,UTTAR PRADESH,MAHAMAYA NAGAR,2.33,-,14.57,22.6771151,2018,Sep,20
2018/09/20,UTTAR PRADESH,MATHURA,3.72,-,23.4,19.83706358,2018,Sep,20
2018/09/20,UTTAR PRADESH,MAHOBA,1.78,-,14.67,19.78529658,2018,Sep,20
2018/09/20,UTTAR PRADESH,CHITRAKOOT,2.73,-,22.55,21.58524898,2018,Sep,20
2018/09/20,UTTAR PRADESH,SAHARANPUR,8.89,-,61.42,21.56824667,2018,Sep,20
2018/09/20,UTTAR PRADESH,KANNAUJ,7.69,-,51.26,19.74862692,2018,Sep,20
2018/09/20,UTTAR PRADESH,SANT KABIR NAGAR,8.26,-,56.27,28.11606351,2018,Sep,20
2018/09/20,UTTAR PRADESH,SONBHADRA,5.97,-,40.68,38.0218626,2018,Sep,20
2018/09/20,UTTAR PRADESH,FATEHPUR,7.92,-,54.96,18.07252004,2018,Sep,20
2018/09/20,UTTAR PRADESH,BARA BANKI,8.2,-,53.08,21.53202424,2018,Sep,20
2018/09/20,UTTAR PRADESH,AZAMGARH,9.84,-,65.03,34.18051368,2018,Sep,20
2018/09/20,UTTAR PRADESH,BAGHPAT,8.84,-,58.81,20.26914552,2018,Sep,20
2018/09/20,UTTAR PRADESH,ALIGARH,2.64,-,17.51,21.85969994,2018,Sep,20
2018/09/20,UTTAR PRADESH,HARDOI,6.99,-,46.19,19.87355191,2018,Sep,20
2018/09/20,UTTAR PRADESH,RAE BARELI,6.89,-,50.62,21.99010029,2018,Sep,20
2018/09/20,UTTAR PRADESH,GHAZIPUR,11.01,-,80.17,37.21688362,2018,Sep,20
2018/09/20,UTTAR PRADESH,KAUSHAMBI,8.62,-,60.38,24.64125668,2018,Sep,20
2018/09/20,UTTAR PRADESH,BULANDSHAHR,7.68,-,48.5,21.83640833,2018,Sep,20
2018/09/20,UTTAR PRADESH,DEORIA,9.45,-,62.02,34.48930851,2018,Sep,20
2018/09/20,UTTAR PRADESH,BAHRAICH,6.85,-,52.98,20.37209011,2018,Sep,20
2018/09/20,UTTAR PRADESH,GORAKHPUR,9.1,-,59.71,29.55098819,2018,Sep,20
2018/09/20,UTTAR PRADESH,BIJNOR,8.43,-,57.88,20.92046769,2018,Sep,20
2018/09/20,UTTAR PRADESH,BANDA,1.6,-,14.18,21.40112301,2018,Sep,20
2018/09/20,UTTAR PRADESH,MUZAFFARNAGAR,8.14,-,54.83,21.34309514,2018,Sep,20
2018/09/20,UTTAR PRADESH,SANT RAVI DAS NAGAR(BHADOHI),10.52,-,72.64,40.78486707,2018,Sep,20
2018/09/20,UTTAR PRADESH,HAMIRPUR,0.44,-,3.65,23.39947545,2018,Sep,20
2018/09/20,UTTAR PRADESH,PRATAPGARH,3.95,-,28.31,34.51138503,2018,Sep,20
2018/09/20,UTTAR PRADESH,ETAWAH,6.9,-,46.36,20.70760037,2018,Sep,20
2018/09/20,UTTAR PRADESH,MORADABAD,8.04,-,55.15,19.98866705,2018,Sep,20
2018/09/20,UTTAR PRADESH,AGRA,3.77,-,26.81,21.46385038,2018,Sep,20
2018/09/20,UTTAR PRADESH,JAUNPUR,8.73,-,59.05,36.85549586,2018,Sep,20
2018/09/20,UTTAR PRADESH,KANPUR NAGAR,5.98,-,38.02,19.51437575,2018,Sep,20
2018/09/20,UTTAR PRADESH,JHANSI,3.92,-,29.99,22.50341389,2018,Sep,20
2018/09/20,UTTAR PRADESH,SIDDHARTH NAGAR,7.84,-,51.81,23.73956025,2018,Sep,20
2018/09/20,UTTAR PRADESH,MEERUT,8.34,-,53.65,21.6222352,2018,Sep,20
2018/09/20,UTTAR PRADESH,PILIBHIT,9.74,-,63.7,23.26148339,2018,Sep,20
2018/09/20,UTTAR PRADESH,SHAHJAHANPUR,7.02,-,49.73,21.8730701,2018,Sep,20
2018/09/20,UTTAR PRADESH,KANPUR DEHAT,5.25,-,33.22,18.87539608,2018,Sep,20
2018/09/20,UTTAR PRADESH,FIROZABAD,4.2,-,29.37,20.96733287,2018,Sep,20
2018/09/20,UTTAR PRADESH,AYODHYA,7.72,-,54.42,30.84780915,2018,Sep,20
2018/09/20,UTTAR PRADESH,KUSHINAGAR,7.06,-,54.14,29.78063046,2018,Sep,20
2018/09/20,UTTAR PRADESH,JALAUN,0.49,-,3.37,27.74207086,2018,Sep,20
2018/09/20,UTTAR PRADESH,GHAZIABAD,8.01,-,51.17,20.7112643,2018,Sep,20
2018/09/20,UTTAR PRADESH,ETAH,3.03,-,18.08,22.77963934,2018,Sep,20
2018/09/20,UTTAR PRADESH,BALLIA,4.32,-,28.98,31.52331104,2018,Sep,20
2018/09/20,UTTAR PRADESH,UNNAO,8.09,-,55.53,18.78673462,2018,Sep,20
2018/09/20,UTTAR PRADESH,MAU,9.76,-,64.75,36.01120459,2018,Sep,20
2018/09/20,UTTAR PRADESH,SITAPUR,7.01,-,45.45,19.87903616,2018,Sep,20
2018/09/20,UTTAR PRADESH,PRAYAGRAJ,4.8,-,42.05,32.52252787,2018,Sep,20
2018/09/20,UTTAR PRADESH,BAREILLY,8.53,-,55.63,21.94629779,2018,Sep,20
2018/09/20,UTTAR PRADESH,SHRAWASTI,7.18,-,55.92,21.62106401,2018,Sep,20
2018/09/20,UTTAR PRADESH,SULTANPUR,5.5,-,37.96,35.40757366,2018,Sep,20
2018/09/20,UTTAR PRADESH,GONDA,8.62,-,57.85,26.78550235,2018,Sep,20
2018/09/20,UTTAR PRADESH,GAUTAM BUDDHA NAGAR,4.88,-,31.05,21.68140526,2018,Sep,20
2018/09/20,UTTAR PRADESH,KANSIRAM NAGAR,6.55,-,48.24,21.2092383,2018,Sep,20
2018/09/20,UTTAR PRADESH,MAHARAJGANJ,6.73,-,48.45,25.49865338,2018,Sep,20
2018/09/20,UTTAR PRADESH,MAINPURI,4.45,-,29.24,19.38686516,2018,Sep,20
2018/09/20,UTTAR PRADESH,VARANASI,7.61,-,56.34,38.98312574,2018,Sep,20
2018/09/20,UTTAR PRADESH,AURAIYA,5.66,-,38.47,20.53877907,2018,Sep,20
2018/09/19,UTTAR PRADESH,FARRUKHABAD,8.23,-,54.43,20.0135164,2018,Sep,19
2018/09/19,UTTAR PRADESH,LUCKNOW,8.26,-,55.75,19.86806854,2018,Sep,19
2018/09/19,UTTAR PRADESH,KHERI,8.05,-,53.91,24.16826985,2018,Sep,19
2018/09/19,UTTAR PRADESH,CHANDAULI,4.1,-,31.67,21.54560212,2018,Sep,19
2018/09/19,UTTAR PRADESH,AMBEDKAR NAGAR,6.6,-,44.39,19.9537898,2018,Sep,19
2018/09/19,UTTAR PRADESH,BUDAUN,8.3,-,61.46,21.16489442,2018,Sep,19
2018/09/19,UTTAR PRADESH,BALRAMPUR,9.6,-,63.1,22.42761306,2018,Sep,19
2018/09/19,UTTAR PRADESH,BASTI,9.91,-,62.24,20.94552024,2018,Sep,19
2018/09/19,UTTAR PRADESH,RAMPUR,9.29,-,59.54,21.66397294,2018,Sep,19
2018/09/19,UTTAR PRADESH,MIRZAPUR,3.22,-,26.92,21.3279143,2018,Sep,19
2018/09/19,UTTAR PRADESH,JYOTIBA PHULE NAGAR,8.05,-,60.69,21.15132356,2018,Sep,19
2018/09/19,UTTAR PRADESH,LALITPUR,5.03,-,34.9,21.75612197,2018,Sep,19
2018/09/19,UTTAR PRADESH,MAHAMAYA NAGAR,2.75,-,17.35,23.28300773,2018,Sep,19
2018/09/19,UTTAR PRADESH,MATHURA,4.0,-,25.2,20.48274833,2018,Sep,19
2018/09/19,UTTAR PRADESH,MAHOBA,1.85,-,15.31,21.00469205,2018,Sep,19
2018/09/19,UTTAR PRADESH,CHITRAKOOT,2.8,-,23.02,21.27684054,2018,Sep,19
2018/09/19,UTTAR PRADESH,SAHARANPUR,8.95,-,61.95,22.72271741,2018,Sep,19
2018/09/19,UTTAR PRADESH,KANNAUJ,7.86,-,52.43,20.51068364,2018,Sep,19
2018/09/19,UTTAR PRADESH,SANT KABIR NAGAR,8.27,-,56.33,20.63702674,2018,Sep,19
2018/09/19,UTTAR PRADESH,SONBHADRA,4.45,-,29.71,25.14263655,2018,Sep,19
2018/09/19,UTTAR PRADESH,FATEHPUR,8.03,-,55.77,18.59531523,2018,Sep,19
2018/09/19,UTTAR PRADESH,BARA BANKI,8.36,-,54.24,21.66420037,2018,Sep,19
2018/09/19,UTTAR PRADESH,AZAMGARH,7.91,-,52.13,18.10822211,2018,Sep,19
2018/09/19,UTTAR PRADESH,BAGHPAT,8.99,-,59.88,21.63073439,2018,Sep,19
2018/09/19,UTTAR PRADESH,ALIGARH,2.91,-,19.31,22.5063829,2018,Sep,19
2018/09/19,UTTAR PRADESH,HARDOI,7.21,-,47.67,21.10885565,2018,Sep,19
2018/09/19,UTTAR PRADESH,RAE BARELI,7.05,-,51.87,19.50100883,2018,Sep,19
2018/09/19,UTTAR PRADESH,GHAZIPUR,7.5,-,54.79,18.22663509,2018,Sep,19
2018/09/19,UTTAR PRADESH,KAUSHAMBI,8.06,-,55.87,17.55329582,2018,Sep,19
2018/09/19,UTTAR PRADESH,BULANDSHAHR,7.96,-,50.34,23.06191638,2018,Sep,19
2018/09/19,UTTAR PRADESH,DEORIA,8.77,-,57.63,20.20450379,2018,Sep,19
2018/09/19,UTTAR PRADESH,BAHRAICH,7.05,-,54.53,21.07610194,2018,Sep,19
2018/09/19,UTTAR PRADESH,GORAKHPUR,9.0,-,59.07,20.73938246,2018,Sep,19
2018/09/19,UTTAR PRADESH,BIJNOR,8.57,-,58.91,22.17831847,2018,Sep,19
2018/09/19,UTTAR PRADESH,BANDA,1.69,-,14.96,22.38500332,2018,Sep,19
2018/09/19,UTTAR PRADESH,MUZAFFARNAGAR,8.34,-,56.12,22.56882559,2018,Sep,19
2018/09/19,UTTAR PRADESH,SANT RAVI DAS NAGAR(BHADOHI),5.69,-,39.49,20.2104261,2018,Sep,19
2018/09/19,UTTAR PRADESH,HAMIRPUR,0.48,-,4.0,24.42627532,2018,Sep,19
2018/09/19,UTTAR PRADESH,PRATAPGARH,3.36,-,24.31,20.78449705,2018,Sep,19
2018/09/19,UTTAR PRADESH,ETAWAH,7.13,-,47.78,21.82355079,2018,Sep,19
2018/09/19,UTTAR PRADESH,MORADABAD,8.26,-,56.75,21.57668264,2018,Sep,19
2018/09/19,UTTAR PRADESH,AGRA,3.96,-,28.14,22.24216534,2018,Sep,19
2018/09/19,UTTAR PRADESH,JAUNPUR,5.09,-,34.83,19.10584756,2018,Sep,19
2018/09/19,UTTAR PRADESH,KANPUR NAGAR,6.23,-,39.64,20.47063254,2018,Sep,19
2018/09/19,UTTAR PRADESH,JHANSI,4.08,-,31.36,23.58768225,2018,Sep,19
2018/09/19,UTTAR PRADESH,SIDDHARTH NAGAR,7.93,-,52.53,20.08358415,2018,Sep,19
2018/09/19,UTTAR PRADESH,MEERUT,8.58,-,55.23,23.05553023,2018,Sep,19
2018/09/19,UTTAR PRADESH,PILIBHIT,9.84,-,64.52,24.69307102,2018,Sep,19
2018/09/19,UTTAR PRADESH,SHAHJAHANPUR,7.28,-,51.6,23.39675506,2018,Sep,19
2018/09/19,UTTAR PRADESH,KANPUR DEHAT,5.53,-,35.15,19.92964856,2018,Sep,19
2018/09/19,UTTAR PRADESH,FIROZABAD,4.44,-,30.92,21.70722778,2018,Sep,19
2018/09/19,UTTAR PRADESH,AYODHYA,7.31,-,51.48,21.54872281,2018,Sep,19
2018/09/19,UTTAR PRADESH,KUSHINAGAR,7.25,-,55.57,22.7803771,2018,Sep,19
2018/09/19,UTTAR PRADESH,JALAUN,0.54,-,3.75,28.60812697,2018,Sep,19
2018/09/19,UTTAR PRADESH,GHAZIABAD,8.2,-,52.48,22.20396636,2018,Sep,19
2018/09/19,UTTAR PRADESH,ETAH,3.44,-,20.68,23.46745357,2018,Sep,19
2018/09/19,UTTAR PRADESH,BALLIA,3.21,-,21.18,16.41055108,2018,Sep,19
2018/09/19,UTTAR PRADESH,UNNAO,8.3,-,57.0,19.78916016,2018,Sep,19
2018/09/19,UTTAR PRADESH,MAU,6.41,-,42.25,16.45323563,2018,Sep,19
2018/09/19,UTTAR PRADESH,SITAPUR,7.2,-,46.71,21.31230974,2018,Sep,19
2018/09/19,UTTAR PRADESH,PRAYAGRAJ,3.91,-,34.44,20.4200156,2018,Sep,19
2018/09/19,UTTAR PRADESH,BAREILLY,8.59,-,56.03,23.446314,2018,Sep,19
2018/09/19,UTTAR PRADESH,SHRAWASTI,7.39,-,57.76,21.84525563,2018,Sep,19
2018/09/19,UTTAR PRADESH,SULTANPUR,5.12,-,35.92,21.36825463,2018,Sep,19
2018/09/19,UTTAR PRADESH,GONDA,8.69,-,58.37,24.3029867,2018,Sep,19
2018/09/19,UTTAR PRADESH,GAUTAM BUDDHA NAGAR,4.98,-,31.66,22.59495775,2018,Sep,19
2018/09/19,UTTAR PRADESH,KANSIRAM NAGAR,6.86,-,50.55,22.28257191,2018,Sep,19
2018/09/19,UTTAR PRADESH,MAHARAJGANJ,6.78,-,49.02,23.0981342,2018,Sep,19
2018/09/19,UTTAR PRADESH,MAINPURI,4.92,-,32.21,20.20389866,2018,Sep,19
2018/09/19,UTTAR PRADESH,VARANASI,4.43,-,33.05,21.1011578,2018,Sep,19
2018/09/19,UTTAR PRADESH,AURAIYA,5.88,-,39.98,21.81247626,2018,Sep,19
2018/09/18,UTTAR PRADESH,FARRUKHABAD,8.43,-,55.9,21.00599366,2018,Sep,18
2018/09/18,UTTAR PRADESH,LUCKNOW,8.36,-,56.48,21.10674629,2018,Sep,18
2018/09/18,UTTAR PRADESH,KHERI,8.22,-,55.14,25.7575611,2018,Sep,18
2018/09/18,UTTAR PRADESH,CHANDAULI,4.3,-,33.27,22.78473426,2018,Sep,18
2018/09/18,UTTAR PRADESH,AMBEDKAR NAGAR,6.76,-,45.57,21.39829804,2018,Sep,18
2018/09/18,UTTAR PRADESH,BUDAUN,8.49,-,62.83,22.87734047,2018,Sep,18
2018/09/18,UTTAR PRADESH,BALRAMPUR,9.64,-,63.41,23.85063939,2018,Sep,18
2018/09/18,UTTAR PRADESH,BASTI,9.92,-,62.31,22.45363243,2018,Sep,18
2018/09/18,UTTAR PRADESH,RAMPUR,9.36,-,60.07,23.28530473,2018,Sep,18
2018/09/18,UTTAR PRADESH,MIRZAPUR,3.37,-,28.19,22.52651456,2018,Sep,18
2018/09/18,UTTAR PRADESH,JYOTIBA PHULE NAGAR,8.29,-,62.3,22.68252293,2018,Sep,18
2018/09/18,UTTAR PRADESH,LALITPUR,5.19,-,36.02,23.03047131,2018,Sep,18
2018/09/18,UTTAR PRADESH,MAHAMAYA NAGAR,3.23,-,20.43,23.9383685,2018,Sep,18
2018/09/18,UTTAR PRADESH,MATHURA,4.3,-,27.09,21.23659606,2018,Sep,18
2018/09/18,UTTAR PRADESH,MAHOBA,1.93,-,16.03,22.32548481,2018,Sep,18
2018/09/18,UTTAR PRADESH,CHITRAKOOT,2.95,-,24.28,22.32104076,2018,Sep,18
2018/09/18,UTTAR PRADESH,SAHARANPUR,9.03,-,62.59,23.97302426,2018,Sep,18
2018/09/18,UTTAR PRADESH,KANNAUJ,8.03,-,53.54,21.36878954,2018,Sep,18
2018/09/18,UTTAR PRADESH,SANT KABIR NAGAR,8.28,-,56.37,22.0936598,2018,Sep,18
2018/09/18,UTTAR PRADESH,SONBHADRA,4.64,-,31.13,26.0819897,2018,Sep,18
2018/09/18,UTTAR PRADESH,FATEHPUR,8.19,-,56.93,19.78372542,2018,Sep,18
2018/09/18,UTTAR PRADESH,BARA BANKI,8.48,-,55.16,23.19182677,2018,Sep,18
2018/09/18,UTTAR PRADESH,AZAMGARH,8.03,-,52.91,19.58876925,2018,Sep,18
2018/09/18,UTTAR PRADESH,BAGHPAT,9.15,-,61.04,23.02765555,2018,Sep,18
2018/09/18,UTTAR PRADESH,ALIGARH,3.26,-,21.59,23.20965306,2018,Sep,18
2018/09/18,UTTAR PRADESH,HARDOI,7.4,-,48.96,22.43507801,2018,Sep,18
2018/09/18,UTTAR PRADESH,RAE BARELI,7.25,-,53.44,20.87470309,2018,Sep,18
2018/09/18,UTTAR PRADESH,GHAZIPUR,7.67,-,56.07,19.66799925,2018,Sep,18
2018/09/18,UTTAR PRADESH,KAUSHAMBI,8.25,-,57.24,18.92242628,2018,Sep,18
2018/09/18,UTTAR PRADESH,BULANDSHAHR,8.21,-,51.95,24.30701763,2018,Sep,18
2018/09/18,UTTAR PRADESH,DEORIA,9.07,-,59.87,21.24286289,2018,Sep,18
2018/09/18,UTTAR PRADESH,BAHRAICH,7.24,-,55.92,22.47340601,2018,Sep,18
2018/09/18,UTTAR PRADESH,GORAKHPUR,9.03,-,59.35,22.13489896,2018,Sep,18
2018/09/18,UTTAR PRADESH,BIJNOR,8.71,-,60.05,23.50676301,2018,Sep,18
2018/09/18,UTTAR PRADESH,BANDA,1.79,-,15.89,23.51279238,2018,Sep,18
2018/09/18,UTTAR PRADESH,MUZAFFARNAGAR,8.52,-,57.4,23.86095501,2018,Sep,18
2018/09/18,UTTAR PRADESH,SANT RAVI DAS NAGAR(BHADOHI),5.91,-,41.12,21.71415085,2018,Sep,18
2018/09/18,UTTAR PRADESH,HAMIRPUR,0.52,-,4.43,25.53788818,2018,Sep,18
2018/09/18,UTTAR PRADESH,PRATAPGARH,3.74,-,27.42,22.03146422,2018,Sep,18
2018/09/18,UTTAR PRADESH,ETAWAH,7.33,-,49.05,23.06928612,2018,Sep,18
2018/09/18,UTTAR PRADESH,MORADABAD,8.48,-,58.31,23.21193684,2018,Sep,18
2018/09/18,UTTAR PRADESH,AGRA,4.24,-,30.03,23.13052465,2018,Sep,18
2018/09/18,UTTAR PRADESH,JAUNPUR,5.38,-,36.74,20.50663544,2018,Sep,18
2018/09/18,UTTAR PRADESH,KANPUR NAGAR,6.47,-,41.25,21.54170067,2018,Sep,18
2018/09/18,UTTAR PRADESH,JHANSI,4.28,-,33.06,24.75273963,2018,Sep,18
2018/09/18,UTTAR PRADESH,SIDDHARTH NAGAR,8.01,-,53.24,21.58493953,2018,Sep,18
2018/09/18,UTTAR PRADESH,MEERUT,8.79,-,56.63,24.51830455,2018,Sep,18
2018/09/18,UTTAR PRADESH,PILIBHIT,9.96,-,65.44,26.28173847,2018,Sep,18
2018/09/18,UTTAR PRADESH,SHAHJAHANPUR,7.51,-,53.27,25.00632809,2018,Sep,18
2018/09/18,UTTAR PRADESH,KANPUR DEHAT,5.77,-,36.76,21.2279354,2018,Sep,18
2018/09/18,UTTAR PRADESH,FIROZABAD,4.77,-,33.06,22.55435195,2018,Sep,18
2018/09/18,UTTAR PRADESH,AYODHYA,7.34,-,51.71,23.07924687,2018,Sep,18
2018/09/18,UTTAR PRADESH,KUSHINAGAR,7.48,-,57.35,24.35675534,2018,Sep,18
2018/09/18,UTTAR PRADESH,JALAUN,0.59,-,4.2,29.54828351,2018,Sep,18
2018/09/18,UTTAR PRADESH,GHAZIABAD,8.39,-,53.68,23.72367069,2018,Sep,18
2018/09/18,UTTAR PRADESH,ETAH,3.94,-,23.88,24.27022494,2018,Sep,18
2018/09/18,UTTAR PRADESH,BALLIA,3.56,-,23.51,17.43140314,2018,Sep,18
2018/09/18,UTTAR PRADESH,UNNAO,8.48,-,58.21,20.91299278,2018,Sep,18
2018/09/18,UTTAR PRADESH,MAU,6.66,-,43.92,17.59794437,2018,Sep,18
2018/09/18,UTTAR PRADESH,SITAPUR,7.37,-,47.87,22.8699493,2018,Sep,18
2018/09/18,UTTAR PRADESH,PRAYAGRAJ,4.09,-,36.18,21.64252608,2018,Sep,18
2018/09/18,UTTAR PRADESH,BAREILLY,8.64,-,56.39,25.18235097,2018,Sep,18
2018/09/18,UTTAR PRADESH,SHRAWASTI,7.55,-,59.2,23.07833202,2018,Sep,18
2018/09/18,UTTAR PRADESH,SULTANPUR,5.42,-,38.62,22.48269567,2018,Sep,18
2018/09/18,UTTAR PRADESH,GONDA,8.78,-,58.97,25.88199748,2018,Sep,18
2018/09/18,UTTAR PRADESH,GAUTAM BUDDHA NAGAR,5.09,-,32.39,23.56701842,2018,Sep,18
2018/09/18,UTTAR PRADESH,KANSIRAM NAGAR,7.21,-,53.2,23.51421419,2018,Sep,18
2018/09/18,UTTAR PRADESH,MAHARAJGANJ,6.83,-,49.55,24.43350171,2018,Sep,18
2018/09/18,UTTAR PRADESH,MAINPURI,5.39,-,35.11,21.22043757,2018,Sep,18
2018/09/18,UTTAR PRADESH,VARANASI,4.81,-,36.12,22.44477844,2018,Sep,18
2018/09/18,UTTAR PRADESH,AURAIYA,6.09,-,41.39,23.20830556,2018,Sep,18
2018/09/17,UTTAR PRADESH,FARRUKHABAD,8.63,-,57.29,22.03932967,2018,Sep,17
2018/09/17,UTTAR PRADESH,LUCKNOW,8.45,-,57.1,22.36377175,2018,Sep,17
2018/09/17,UTTAR PRADESH,KHERI,8.38,-,56.27,27.60857768,2018,Sep,17
2018/09/17,UTTAR PRADESH,CHANDAULI,4.48,-,34.77,24.07335478,2018,Sep,17
2018/09/17,UTTAR PRADESH,AMBEDKAR NAGAR,6.92,-,46.85,22.93968569,2018,Sep,17
2018/09/17,UTTAR PRADESH,BUDAUN,8.67,-,64.12,24.58426743,2018,Sep,17
2018/09/17,UTTAR PRADESH,BALRAMPUR,9.69,-,63.8,25.48198059,2018,Sep,17
2018/09/17,UTTAR PRADESH,BASTI,9.93,-,62.38,24.09073221,2018,Sep,17
2018/09/17,UTTAR PRADESH,RAMPUR,9.45,-,60.69,24.94743106,2018,Sep,17
2018/09/17,UTTAR PRADESH,MIRZAPUR,3.52,-,29.57,23.79944884,2018,Sep,17
2018/09/17,UTTAR PRADESH,JYOTIBA PHULE NAGAR,8.51,-,63.87,24.23364919,2018,Sep,17
2018/09/17,UTTAR PRADESH,LALITPUR,5.39,-,37.37,24.42518703,2018,Sep,17
2018/09/17,UTTAR PRADESH,MAHAMAYA NAGAR,3.68,-,23.44,24.62013817,2018,Sep,17
2018/09/17,UTTAR PRADESH,MATHURA,4.59,-,28.98,22.09135046,2018,Sep,17
2018/09/17,UTTAR PRADESH,MAHOBA,2.01,-,16.74,23.72217121,2018,Sep,17
2018/09/17,UTTAR PRADESH,CHITRAKOOT,3.11,-,25.52,23.4244917,2018,Sep,17
2018/09/17,UTTAR PRADESH,SAHARANPUR,9.11,-,63.31,25.2820169,2018,Sep,17
2018/09/17,UTTAR PRADESH,KANNAUJ,8.2,-,54.64,22.31855453,2018,Sep,17
2018/09/17,UTTAR PRADESH,SANT KABIR NAGAR,8.28,-,56.41,23.59390436,2018,Sep,17
2018/09/17,UTTAR PRADESH,SONBHADRA,4.83,-,32.5,27.106516,2018,Sep,17
2018/09/17,UTTAR PRADESH,FATEHPUR,8.36,-,58.18,21.02106307,2018,Sep,17
2018/09/17,UTTAR PRADESH,BARA BANKI,8.6,-,55.98,24.79248016,2018,Sep,17
2018/09/17,UTTAR PRADESH,AZAMGARH,8.14,-,53.63,21.09869917,2018,Sep,17
2018/09/17,UTTAR PRADESH,BAGHPAT,9.3,-,62.17,24.42821059,2018,Sep,17
2018/09/17,UTTAR PRADESH,ALIGARH,3.63,-,23.93,23.95652363,2018,Sep,17
2018/09/17,UTTAR PRADESH,HARDOI,7.57,-,50.11,23.80884053,2018,Sep,17
2018/09/17,UTTAR PRADESH,RAE BARELI,7.41,-,54.71,22.29584721,2018,Sep,17
2018/09/17,UTTAR PRADESH,GHAZIPUR,7.83,-,57.3,21.11820963,2018,Sep,17
2018/09/17,UTTAR PRADESH,KAUSHAMBI,8.44,-,58.63,20.29113565,2018,Sep,17
2018/09/17,UTTAR PRADESH,BULANDSHAHR,8.43,-,53.37,25.57627866,2018,Sep,17
2018/09/17,UTTAR PRADESH,DEORIA,9.28,-,61.53,22.41016627,2018,Sep,17
2018/09/17,UTTAR PRADESH,BAHRAICH,7.44,-,57.46,24.04799857,2018,Sep,17
2018/09/17,UTTAR PRADESH,GORAKHPUR,9.06,-,59.54,23.52529659,2018,Sep,17
2018/09/17,UTTAR PRADESH,BIJNOR,8.86,-,61.25,24.88359482,2018,Sep,17
2018/09/17,UTTAR PRADESH,BANDA,1.9,-,16.89,24.70540834,2018,Sep,17
2018/09/17,UTTAR PRADESH,MUZAFFARNAGAR,8.69,-,58.6,25.2399227,2018,Sep,17
2018/09/17,UTTAR PRADESH,SANT RAVI DAS NAGAR(BHADOHI),6.15,-,42.86,23.20297755,2018,Sep,17
2018/09/17,UTTAR PRADESH,HAMIRPUR,0.58,-,4.93,26.7057476,2018,Sep,17
2018/09/17,UTTAR PRADESH,PRATAPGARH,4.04,-,29.75,23.42181387,2018,Sep,17
2018/09/17,UTTAR PRADESH,ETAWAH,7.52,-,50.3,24.40000379,2018,Sep,17
2018/09/17,UTTAR PRADESH,MORADABAD,8.68,-,59.86,24.84610384,2018,Sep,17
2018/09/17,UTTAR PRADESH,AGRA,4.54,-,32.06,24.06515849,2018,Sep,17
2018/09/17,UTTAR PRADESH,JAUNPUR,5.63,-,38.43,21.93346834,2018,Sep,17
2018/09/17,UTTAR PRADESH,KANPUR NAGAR,6.69,-,42.74,22.68620114,2018,Sep,17
2018/09/17,UTTAR PRADESH,JHANSI,4.52,-,35.05,25.99569464,2018,Sep,17
2018/09/17,UTTAR PRADESH,SIDDHARTH NAGAR,8.08,-,53.88,23.21828965,2018,Sep,17
2018/09/17,UTTAR PRADESH,MEERUT,8.97,-,57.82,26.02722744,2018,Sep,17
2018/09/17,UTTAR PRADESH,PILIBHIT,10.11,-,66.51,28.07234477,2018,Sep,17
2018/09/17,UTTAR PRADESH,SHAHJAHANPUR,7.74,-,54.88,26.68219867,2018,Sep,17
2018/09/17,UTTAR PRADESH,KANPUR DEHAT,5.99,-,38.29,22.58582559,2018,Sep,17
2018/09/17,UTTAR PRADESH,FIROZABAD,5.17,-,35.71,23.44704065,2018,Sep,17
2018/09/17,UTTAR PRADESH,AYODHYA,7.36,-,51.97,24.68457927,2018,Sep,17
2018/09/17,UTTAR PRADESH,KUSHINAGAR,7.68,-,58.81,25.8953446,2018,Sep,17
2018/09/17,UTTAR PRADESH,JALAUN,0.65,-,4.71,30.52597408,2018,Sep,17
2018/09/17,UTTAR PRADESH,GHAZIABAD,8.54,-,54.71,25.27942109,2018,Sep,17
2018/09/17,UTTAR PRADESH,ETAH,4.48,-,27.4,25.14024603,2018,Sep,17
2018/09/17,UTTAR PRADESH,BALLIA,3.84,-,25.45,18.60768528,2018,Sep,17
2018/09/17,UTTAR PRADESH,UNNAO,8.62,-,59.17,22.05214018,2018,Sep,17
2018/09/17,UTTAR PRADESH,MAU,6.86,-,45.23,18.94384357,2018,Sep,17
2018/09/17,UTTAR PRADESH,SITAPUR,7.53,-,48.93,24.53653293,2018,Sep,17
2018/09/17,UTTAR PRADESH,PRAYAGRAJ,4.26,-,37.64,22.99583336,2018,Sep,17
2018/09/17,UTTAR PRADESH,BAREILLY,8.72,-,56.91,27.04236162,2018,Sep,17
2018/09/17,UTTAR PRADESH,SHRAWASTI,7.71,-,60.59,24.53747805,2018,Sep,17
2018/09/17,UTTAR PRADESH,SULTANPUR,5.61,-,40.25,23.93747181,2018,Sep,17
2018/09/17,UTTAR PRADESH,GONDA,8.86,-,59.54,27.68188738,2018,Sep,17
2018/09/17,UTTAR PRADESH,GAUTAM BUDDHA NAGAR,5.21,-,33.17,24.57788913,2018,Sep,17
2018/09/17,UTTAR PRADESH,KANSIRAM NAGAR,7.54,-,55.79,24.76495264,2018,Sep,17
2018/09/17,UTTAR PRADESH,MAHARAJGANJ,6.88,-,50.04,25.83975824,2018,Sep,17
2018/09/17,UTTAR PRADESH,MAINPURI,5.83,-,37.94,22.33195922,2018,Sep,17
2018/09/17,UTTAR PRADESH,VARANASI,5.13,-,38.7,23.85383407,2018,Sep,17
2018/09/17,UTTAR PRADESH,AURAIYA,6.28,-,42.67,24.67548826,2018,Sep,17
2018/09/16,UTTAR PRADESH,FARRUKHABAD,8.8,-,58.5,23.12271295,2018,Sep,16
2018/09/16,UTTAR PRADESH,LUCKNOW,8.54,-,57.8,23.65892708,2018,Sep,16
2018/09/16,UTTAR PRADESH,KHERI,8.84,-,59.38,29.75832071,2018,Sep,16
2018/09/16,UTTAR PRADESH,CHANDAULI,4.65,-,36.24,25.5300498,2018,Sep,16
2018/09/16,UTTAR PRADESH,AMBEDKAR NAGAR,7.08,-,48.14,24.55841582,2018,Sep,16
2018/09/16,UTTAR PRADESH,BUDAUN,8.84,-,65.4,26.50077518,2018,Sep,16
2018/09/16,UTTAR PRADESH,BALRAMPUR,9.79,-,64.53,27.31874199,2018,Sep,16
2018/09/16,UTTAR PRADESH,BASTI,9.97,-,62.68,25.9054774,2018,Sep,16
2018/09/16,UTTAR PRADESH,RAMPUR,9.6,-,61.72,26.8449979,2018,Sep,16
2018/09/16,UTTAR PRADESH,MIRZAPUR,3.69,-,31.06,25.21999857,2018,Sep,16
2018/09/16,UTTAR PRADESH,JYOTIBA PHULE NAGAR,8.74,-,65.48,25.97275716,2018,Sep,16
2018/09/16,UTTAR PRADESH,LALITPUR,5.63,-,39.04,25.9439323,2018,Sep,16
2018/09/16,UTTAR PRADESH,MAHAMAYA NAGAR,4.17,-,26.59,25.37242368,2018,Sep,16
2018/09/16,UTTAR PRADESH,MATHURA,4.88,-,30.89,23.03827681,2018,Sep,16
2018/09/16,UTTAR PRADESH,MAHOBA,2.1,-,17.59,25.23630371,2018,Sep,16
2018/09/16,UTTAR PRADESH,CHITRAKOOT,3.27,-,26.78,24.6256258,2018,Sep,16
2018/09/16,UTTAR PRADESH,SAHARANPUR,9.23,-,64.28,26.80753894,2018,Sep,16
2018/09/16,UTTAR PRADESH,KANNAUJ,8.34,-,55.67,23.32441741,2018,Sep,16
2018/09/16,UTTAR PRADESH,SANT KABIR NAGAR,8.28,-,56.44,25.25186261,2018,Sep,16
2018/09/16,UTTAR PRADESH,SONBHADRA,5.02,-,33.9,28.28355644,2018,Sep,16
2018/09/16,UTTAR PRADESH,FATEHPUR,8.54,-,59.57,22.36927024,2018,Sep,16
2018/09/16,UTTAR PRADESH,BARA BANKI,8.7,-,56.75,26.47650757,2018,Sep,16
2018/09/16,UTTAR PRADESH,AZAMGARH,8.24,-,54.31,22.67289103,2018,Sep,16
2018/09/16,UTTAR PRADESH,BAGHPAT,9.45,-,63.3,25.95365491,2018,Sep,16
2018/09/16,UTTAR PRADESH,ALIGARH,4.0,-,26.32,24.78948752,2018,Sep,16
2018/09/16,UTTAR PRADESH,HARDOI,7.77,-,51.48,25.30414878,2018,Sep,16
2018/09/16,UTTAR PRADESH,RAE BARELI,7.59,-,56.03,23.82635705,2018,Sep,16
2018/09/16,UTTAR PRADESH,GHAZIPUR,8.01,-,58.69,22.66828324,2018,Sep,16
2018/09/16,UTTAR PRADESH,KAUSHAMBI,8.67,-,60.36,21.78670703,2018,Sep,16
2018/09/16,UTTAR PRADESH,BULANDSHAHR,8.63,-,54.69,27.00514569,2018,Sep,16
2018/09/16,UTTAR PRADESH,DEORIA,9.45,-,62.83,23.83715752,2018,Sep,16
2018/09/16,UTTAR PRADESH,BAHRAICH,7.67,-,59.14,25.72906728,2018,Sep,16
2018/09/16,UTTAR PRADESH,GORAKHPUR,9.07,-,59.67,25.0477038,2018,Sep,16
2018/09/16,UTTAR PRADESH,BIJNOR,9.04,-,62.7,26.46591429,2018,Sep,16
2018/09/16,UTTAR PRADESH,BANDA,2.03,-,17.99,26.01671373,2018,Sep,16
2018/09/16,UTTAR PRADESH,MUZAFFARNAGAR,8.88,-,60.03,26.90204388,2018,Sep,16
2018/09/16,UTTAR PRADESH,SANT RAVI DAS NAGAR(BHADOHI),6.4,-,44.75,24.81220118,2018,Sep,16
2018/09/16,UTTAR PRADESH,HAMIRPUR,0.65,-,5.62,27.9744047,2018,Sep,16
2018/09/16,UTTAR PRADESH,PRATAPGARH,4.36,-,32.18,24.96014825,2018,Sep,16
2018/09/16,UTTAR PRADESH,ETAWAH,7.68,-,51.32,25.85065135,2018,Sep,16
2018/09/16,UTTAR PRADESH,MORADABAD,8.89,-,61.32,26.68759635,2018,Sep,16
2018/09/16,UTTAR PRADESH,AGRA,4.85,-,34.19,25.08903777,2018,Sep,16
2018/09/16,UTTAR PRADESH,JAUNPUR,5.88,-,40.16,23.46225725,2018,Sep,16
2018/09/16,UTTAR PRADESH,KANPUR NAGAR,6.9,-,44.17,23.89945321,2018,Sep,16
2018/09/16,UTTAR PRADESH,JHANSI,4.79,-,37.34,27.36456512,2018,Sep,16
2018/09/16,UTTAR PRADESH,SIDDHARTH NAGAR,8.15,-,54.45,24.95161329,2018,Sep,16
2018/09/16,UTTAR PRADESH,MEERUT,9.18,-,59.22,27.81047171,2018,Sep,16
2018/09/16,UTTAR PRADESH,PILIBHIT,10.42,-,68.5,30.20706031,2018,Sep,16
2018/09/16,UTTAR PRADESH,SHAHJAHANPUR,8.04,-,56.9,28.61392977,2018,Sep,16
2018/09/16,UTTAR PRADESH,KANPUR DEHAT,6.21,-,39.83,24.00379966,2018,Sep,16
2018/09/16,UTTAR PRADESH,FIROZABAD,5.59,-,38.41,24.42174717,2018,Sep,16
2018/09/16,UTTAR PRADESH,AYODHYA,7.39,-,52.27,26.36596611,2018,Sep,16
2018/09/16,UTTAR PRADESH,KUSHINAGAR,7.88,-,60.3,27.61177803,2018,Sep,16
2018/09/16,UTTAR PRADESH,JALAUN,0.73,-,5.4,31.63178196,2018,Sep,16
2018/09/16,UTTAR PRADESH,GHAZIABAD,8.7,-,55.74,27.03555086,2018,Sep,16
2018/09/16,UTTAR PRADESH,ETAH,5.07,-,31.3,26.07793108,2018,Sep,16
2018/09/16,UTTAR PRADESH,BALLIA,4.1,-,27.23,20.03654787,2018,Sep,16
2018/09/16,UTTAR PRADESH,UNNAO,8.74,-,60.03,23.2510809,2018,Sep,16
2018/09/16,UTTAR PRADESH,MAU,7.04,-,46.38,20.43485078,2018,Sep,16
2018/09/16,UTTAR PRADESH,SITAPUR,7.78,-,50.64,26.34380555,2018,Sep,16
2018/09/16,UTTAR PRADESH,PRAYAGRAJ,4.43,-,39.25,24.53833781,2018,Sep,16
2018/09/16,UTTAR PRADESH,BAREILLY,8.99,-,58.77,29.20500026,2018,Sep,16
2018/09/16,UTTAR PRADESH,SHRAWASTI,7.88,-,62.12,26.04376052,2018,Sep,16
2018/09/16,UTTAR PRADESH,SULTANPUR,5.81,-,41.92,25.50331856,2018,Sep,16
2018/09/16,UTTAR PRADESH,GONDA,9.02,-,60.58,29.73384879,2018,Sep,16
2018/09/16,UTTAR PRADESH,GAUTAM BUDDHA NAGAR,5.34,-,33.97,25.70583793,2018,Sep,16
2018/09/16,UTTAR PRADESH,KANSIRAM NAGAR,7.87,-,58.28,26.10015327,2018,Sep,16
2018/09/16,UTTAR PRADESH,MAHARAJGANJ,6.99,-,50.89,27.37266996,2018,Sep,16
2018/09/16,UTTAR PRADESH,MAINPURI,6.27,-,40.74,23.49504918,2018,Sep,16
2018/09/16,UTTAR PRADESH,VARANASI,5.43,-,41.2,25.36159583,2018,Sep,16
2018/09/16,UTTAR PRADESH,AURAIYA,6.46,-,43.8,26.24818283,2018,Sep,16
2018/09/15,UTTAR PRADESH,FARRUKHABAD,8.94,-,59.53,24.29862192,2018,Sep,15
2018/09/15,UTTAR PRADESH,LUCKNOW,8.64,-,58.52,25.07398097,2018,Sep,15
2018/09/15,UTTAR PRADESH,KHERI,9.62,-,64.59,32.07640508,2018,Sep,15
2018/09/15,UTTAR PRADESH,CHANDAULI,4.83,-,37.74,27.04340034,2018,Sep,15
2018/09/15,UTTAR PRADESH,AMBEDKAR NAGAR,7.22,-,49.26,26.13186775,2018,Sep,15
2018/09/15,UTTAR PRADESH,BUDAUN,9.1,-,67.23,28.69592286,2018,Sep,15
2018/09/15,UTTAR PRADESH,BALRAMPUR,10.04,-,66.07,29.21925895,2018,Sep,15
2018/09/15,UTTAR PRADESH,BASTI,10.14,-,63.7,27.68678088,2018,Sep,15
2018/09/15,UTTAR PRADESH,RAMPUR,9.85,-,63.39,28.81859416,2018,Sep,15
2018/09/15,UTTAR PRADESH,MIRZAPUR,3.84,-,32.35,26.70297706,2018,Sep,15
2018/09/15,UTTAR PRADESH,JYOTIBA PHULE NAGAR,8.95,-,66.98,27.78338504,2018,Sep,15
2018/09/15,UTTAR PRADESH,LALITPUR,5.93,-,41.09,27.6225618,2018,Sep,15
2018/09/15,UTTAR PRADESH,MAHAMAYA NAGAR,4.65,-,29.79,26.16941006,2018,Sep,15
2018/09/15,UTTAR PRADESH,MATHURA,5.16,-,32.67,24.05244318,2018,Sep,15
2018/09/15,UTTAR PRADESH,MAHOBA,2.2,-,18.54,26.84198071,2018,Sep,15
2018/09/15,UTTAR PRADESH,CHITRAKOOT,3.42,-,28.07,25.9134121,2018,Sep,15
2018/09/15,UTTAR PRADESH,SAHARANPUR,9.43,-,65.82,28.55842078,2018,Sep,15
2018/09/15,UTTAR PRADESH,KANNAUJ,8.49,-,56.65,24.41358901,2018,Sep,15
2018/09/15,UTTAR PRADESH,SANT KABIR NAGAR,8.28,-,56.45,26.98008149,2018,Sep,15
2018/09/15,UTTAR PRADESH,SONBHADRA,5.17,-,35.04,29.54379136,2018,Sep,15
2018/09/15,UTTAR PRADESH,FATEHPUR,8.74,-,61.08,23.80779921,2018,Sep,15
2018/09/15,UTTAR PRADESH,BARA BANKI,8.92,-,58.22,28.33921705,2018,Sep,15
2018/09/15,UTTAR PRADESH,AZAMGARH,8.33,-,54.92,24.23183394,2018,Sep,15
2018/09/15,UTTAR PRADESH,BAGHPAT,9.62,-,64.44,27.56172343,2018,Sep,15
2018/09/15,UTTAR PRADESH,ALIGARH,4.35,-,28.6,25.68322603,2018,Sep,15
2018/09/15,UTTAR PRADESH,HARDOI,8.08,-,53.54,27.03556943,2018,Sep,15
2018/09/15,UTTAR PRADESH,RAE BARELI,7.75,-,57.29,25.41570733,2018,Sep,15
2018/09/15,UTTAR PRADESH,GHAZIPUR,8.21,-,60.15,24.25787465,2018,Sep,15
2018/09/15,UTTAR PRADESH,KAUSHAMBI,8.93,-,62.32,23.36400619,2018,Sep,15
2018/09/15,UTTAR PRADESH,BULANDSHAHR,8.84,-,55.99,28.7614545,2018,Sep,15
2018/09/15,UTTAR PRADESH,DEORIA,9.57,-,63.73,25.24466942,2018,Sep,15
2018/09/15,UTTAR PRADESH,BAHRAICH,7.93,-,61.05,27.52762996,2018,Sep,15
2018/09/15,UTTAR PRADESH,GORAKHPUR,9.09,-,59.78,26.55648288,2018,Sep,15
2018/09/15,UTTAR PRADESH,BIJNOR,9.24,-,64.23,28.1750229,2018,Sep,15
2018/09/15,UTTAR PRADESH,BANDA,2.17,-,19.15,27.41136695,2018,Sep,15
2018/09/15,UTTAR PRADESH,MUZAFFARNAGAR,9.31,-,62.91,28.72043076,2018,Sep,15
2018/09/15,UTTAR PRADESH,SANT RAVI DAS NAGAR(BHADOHI),6.64,-,46.54,26.45613486,2018,Sep,15
2018/09/15,UTTAR PRADESH,HAMIRPUR,0.74,-,6.47,29.32981911,2018,Sep,15
2018/09/15,UTTAR PRADESH,PRATAPGARH,4.66,-,34.57,26.54486928,2018,Sep,15
2018/09/15,UTTAR PRADESH,ETAWAH,7.84,-,52.34,27.53046624,2018,Sep,15
2018/09/15,UTTAR PRADESH,MORADABAD,9.06,-,62.5,28.61830667,2018,Sep,15
2018/09/15,UTTAR PRADESH,AGRA,5.16,-,36.26,26.20879021,2018,Sep,15
2018/09/15,UTTAR PRADESH,JAUNPUR,6.12,-,41.73,25.0277064,2018,Sep,15
2018/09/15,UTTAR PRADESH,KANPUR NAGAR,7.12,-,45.61,25.22169543,2018,Sep,15
2018/09/15,UTTAR PRADESH,JHANSI,5.09,-,39.89,28.82071285,2018,Sep,15
2018/09/15,UTTAR PRADESH,SIDDHARTH NAGAR,8.22,-,55.0,26.71931228,2018,Sep,15
2018/09/15,UTTAR PRADESH,MEERUT,9.55,-,61.55,29.80559104,2018,Sep,15
2018/09/15,UTTAR PRADESH,PILIBHIT,11.09,-,72.76,32.56224339,2018,Sep,15
2018/09/15,UTTAR PRADESH,SHAHJAHANPUR,8.6,-,60.69,30.83910874,2018,Sep,15
2018/09/15,UTTAR PRADESH,KANPUR DEHAT,6.43,-,41.34,25.50511107,2018,Sep,15
2018/09/15,UTTAR PRADESH,FIROZABAD,5.97,-,40.91,25.45377743,2018,Sep,15
2018/09/15,UTTAR PRADESH,AYODHYA,7.45,-,52.74,28.05578039,2018,Sep,15
2018/09/15,UTTAR PRADESH,KUSHINAGAR,8.12,-,62.1,29.24128281,2018,Sep,15
2018/09/15,UTTAR PRADESH,JALAUN,0.86,-,6.67,32.80326973,2018,Sep,15
2018/09/15,UTTAR PRADESH,GHAZIABAD,8.97,-,57.52,28.94218324,2018,Sep,15
2018/09/15,UTTAR PRADESH,ETAH,5.64,-,35.19,27.07688933,2018,Sep,15
2018/09/15,UTTAR PRADESH,BALLIA,4.34,-,28.85,21.39263372,2018,Sep,15
2018/09/15,UTTAR PRADESH,UNNAO,8.87,-,60.87,24.56344602,2018,Sep,15
2018/09/15,UTTAR PRADESH,MAU,7.2,-,47.47,21.87924368,2018,Sep,15
2018/09/15,UTTAR PRADESH,SITAPUR,8.27,-,53.84,28.31055806,2018,Sep,15
2018/09/15,UTTAR PRADESH,PRAYAGRAJ,4.61,-,40.8,26.13961054,2018,Sep,15
2018/09/15,UTTAR PRADESH,BAREILLY,9.63,-,63.16,31.53641027,2018,Sep,15
2018/09/15,UTTAR PRADESH,SHRAWASTI,8.04,-,63.55,27.52762094,2018,Sep,15
2018/09/15,UTTAR PRADESH,SULTANPUR,5.98,-,43.47,27.06563309,2018,Sep,15
2018/09/15,UTTAR PRADESH,GONDA,9.51,-,63.84,31.9447448,2018,Sep,15
2018/09/15,UTTAR PRADESH,GAUTAM BUDDHA NAGAR,5.5,-,35.02,26.97980758,2018,Sep,15
2018/09/15,UTTAR PRADESH,KANSIRAM NAGAR,8.16,-,60.6,27.54670529,2018,Sep,15
2018/09/15,UTTAR PRADESH,MAHARAJGANJ,7.15,-,52.18,28.88700176,2018,Sep,15
2018/09/15,UTTAR PRADESH,MAINPURI,6.68,-,43.29,24.72755004,2018,Sep,15
2018/09/15,UTTAR PRADESH,VARANASI,5.72,-,43.45,26.90164946,2018,Sep,15
2018/09/15,UTTAR PRADESH,AURAIYA,6.65,-,45.08,28.0497147,2018,Sep,15
2018/09/14,UTTAR PRADESH,FARRUKHABAD,9.09,-,60.56,25.58994572,2018,Sep,14
2018/09/14,UTTAR PRADESH,LUCKNOW,8.75,-,59.3,26.63708505,2018,Sep,14
2018/09/14,UTTAR PRADESH,KHERI,10.59,-,70.98,34.51896014,2018,Sep,14
2018/09/14,UTTAR PRADESH,CHANDAULI,5.05,-,39.56,28.69636616,2018,Sep,14
2018/09/14,UTTAR PRADESH,AMBEDKAR NAGAR,7.35,-,50.32,27.87409993,2018,Sep,14
2018/09/14,UTTAR PRADESH,BUDAUN,9.62,-,70.76,31.16427159,2018,Sep,14
2018/09/14,UTTAR PRADESH,BALRAMPUR,10.44,-,68.72,31.33270651,2018,Sep,14
2018/09/14,UTTAR PRADESH,BASTI,10.41,-,65.46,29.68012852,2018,Sep,14
2018/09/14,UTTAR PRADESH,RAMPUR,10.46,-,67.17,31.05473569,2018,Sep,14
2018/09/14,UTTAR PRADESH,MIRZAPUR,3.97,-,33.43,28.34096725,2018,Sep,14
2018/09/14,UTTAR PRADESH,JYOTIBA PHULE NAGAR,9.22,-,68.86,29.96976642,2018,Sep,14
2018/09/14,UTTAR PRADESH,LALITPUR,6.33,-,43.84,29.50827306,2018,Sep,14
2018/09/14,UTTAR PRADESH,MAHAMAYA NAGAR,5.16,-,33.15,27.0689155,2018,Sep,14
2018/09/14,UTTAR PRADESH,MATHURA,5.43,-,34.47,25.18986714,2018,Sep,14
2018/09/14,UTTAR PRADESH,MAHOBA,2.31,-,19.48,28.56157263,2018,Sep,14
2018/09/14,UTTAR PRADESH,CHITRAKOOT,3.59,-,29.39,27.32307605,2018,Sep,14
2018/09/14,UTTAR PRADESH,SAHARANPUR,9.88,-,69.0,30.74693786,2018,Sep,14
2018/09/14,UTTAR PRADESH,KANNAUJ,8.63,-,57.74,25.60198109,2018,Sep,14
2018/09/14,UTTAR PRADESH,SANT KABIR NAGAR,8.5,-,57.85,28.98583464,2018,Sep,14
2018/09/14,UTTAR PRADESH,SONBHADRA,5.29,-,36.03,30.91301334,2018,Sep,14
2018/09/14,UTTAR PRADESH,FATEHPUR,8.97,-,62.78,25.35621893,2018,Sep,14
2018/09/14,UTTAR PRADESH,BARA BANKI,9.38,-,61.25,30.37674965,2018,Sep,14
2018/09/14,UTTAR PRADESH,AZAMGARH,8.41,-,55.47,25.9115203,2018,Sep,14
2018/09/14,UTTAR PRADESH,BAGHPAT,9.92,-,66.41,29.52716292,2018,Sep,14
2018/09/14,UTTAR PRADESH,ALIGARH,4.72,-,30.96,26.7022997,2018,Sep,14
2018/09/14,UTTAR PRADESH,HARDOI,8.61,-,57.0,28.98813921,2018,Sep,14
2018/09/14,UTTAR PRADESH,RAE BARELI,7.9,-,58.43,27.12177906,2018,Sep,14
2018/09/14,UTTAR PRADESH,GHAZIPUR,8.45,-,61.92,26.07353344,2018,Sep,14
2018/09/14,UTTAR PRADESH,KAUSHAMBI,9.21,-,64.33,25.01467638,2018,Sep,14
2018/09/14,UTTAR PRADESH,BULANDSHAHR,9.53,-,60.31,31.08861953,2018,Sep,14
2018/09/14,UTTAR PRADESH,DEORIA,9.69,-,64.63,26.76174182,2018,Sep,14
2018/09/14,UTTAR PRADESH,BAHRAICH,8.27,-,63.52,29.56231782,2018,Sep,14
2018/09/14,UTTAR PRADESH,GORAKHPUR,9.14,-,60.25,28.25590473,2018,Sep,14
2018/09/14,UTTAR PRADESH,BIJNOR,9.61,-,66.87,30.35515964,2018,Sep,14
2018/09/14,UTTAR PRADESH,BANDA,2.3,-,20.32,28.87989089,2018,Sep,14
2018/09/14,UTTAR PRADESH,MUZAFFARNAGAR,9.99,-,67.26,30.90010848,2018,Sep,14
2018/09/14,UTTAR PRADESH,SANT RAVI DAS NAGAR(BHADOHI),6.86,-,48.16,28.26922126,2018,Sep,14
2018/09/14,UTTAR PRADESH,HAMIRPUR,0.82,-,7.37,30.78713235,2018,Sep,14
2018/09/14,UTTAR PRADESH,PRATAPGARH,4.94,-,36.77,28.17998147,2018,Sep,14
2018/09/14,UTTAR PRADESH,ETAWAH,8.29,-,55.35,29.50539691,2018,Sep,14
2018/09/14,UTTAR PRADESH,MORADABAD,9.43,-,64.98,30.93337472,2018,Sep,14
2018/09/14,UTTAR PRADESH,AGRA,5.46,-,38.39,27.51268925,2018,Sep,14
2018/09/14,UTTAR PRADESH,JAUNPUR,6.33,-,43.19,26.72728334,2018,Sep,14
2018/09/14,UTTAR PRADESH,KANPUR NAGAR,7.32,-,47.0,26.65325787,2018,Sep,14
2018/09/14,UTTAR PRADESH,JHANSI,5.44,-,42.83,30.38265649,2018,Sep,14
2018/09/14,UTTAR PRADESH,SIDDHARTH NAGAR,8.39,-,56.23,28.63994437,2018,Sep,14
2018/09/14,UTTAR PRADESH,MEERUT,10.34,-,66.6,32.29371133,2018,Sep,14
2018/09/14,UTTAR PRADESH,PILIBHIT,12.06,-,78.82,35.08698885,2018,Sep,14
2018/09/14,UTTAR PRADESH,SHAHJAHANPUR,9.41,-,66.2,33.19284344,2018,Sep,14
2018/09/14,UTTAR PRADESH,KANPUR DEHAT,6.64,-,42.83,27.12550488,2018,Sep,14
2018/09/14,UTTAR PRADESH,FIROZABAD,6.33,-,43.3,26.63430087,2018,Sep,14
2018/09/14,UTTAR PRADESH,AYODHYA,7.61,-,53.84,29.96536653,2018,Sep,14
2018/09/14,UTTAR PRADESH,KUSHINAGAR,8.3,-,63.45,30.61616467,2018,Sep,14
2018/09/14,UTTAR PRADESH,JALAUN,1.11,-,9.17,34.051185,2018,Sep,14
2018/09/14,UTTAR PRADESH,GHAZIABAD,9.42,-,60.4,31.27109616,2018,Sep,14
2018/09/14,UTTAR PRADESH,ETAH,6.21,-,39.05,28.19169872,2018,Sep,14
2018/09/14,UTTAR PRADESH,BALLIA,4.59,-,30.55,22.82554793,2018,Sep,14
2018/09/14,UTTAR PRADESH,UNNAO,9.0,-,61.79,26.03107061,2018,Sep,14
2018/09/14,UTTAR PRADESH,MAU,7.37,-,48.55,23.39228609,2018,Sep,14
2018/09/14,UTTAR PRADESH,SITAPUR,8.85,-,57.64,30.42898824,2018,Sep,14
2018/09/14,UTTAR PRADESH,PRAYAGRAJ,4.78,-,42.36,27.82771945,2018,Sep,14
2018/09/14,UTTAR PRADESH,BAREILLY,10.62,-,69.77,34.0104865,2018,Sep,14
2018/09/14,UTTAR PRADESH,SHRAWASTI,8.23,-,65.23,29.16452636,2018,Sep,14
2018/09/14,UTTAR PRADESH,SULTANPUR,6.16,-,45.02,28.68102714,2018,Sep,14
2018/09/14,UTTAR PRADESH,GONDA,10.43,-,69.99,34.36561545,2018,Sep,14
2018/09/14,UTTAR PRADESH,GAUTAM BUDDHA NAGAR,5.89,-,37.48,28.49785844,2018,Sep,14
2018/09/14,UTTAR PRADESH,KANSIRAM NAGAR,8.44,-,62.82,29.15283387,2018,Sep,14
2018/09/14,UTTAR PRADESH,MAHARAJGANJ,7.26,-,53.14,30.15145776,2018,Sep,14
2018/09/14,UTTAR PRADESH,MAINPURI,7.07,-,45.8,26.07184024,2018,Sep,14
2018/09/14,UTTAR PRADESH,VARANASI,5.97,-,45.55,28.60947324,2018,Sep,14
2018/09/14,UTTAR PRADESH,AURAIYA,7.17,-,48.45,30.20138049,2018,Sep,14
2018/09/13,UTTAR PRADESH,FARRUKHABAD,9.24,-,61.69,27.03213886,2018,Sep,13
2018/09/13,UTTAR PRADESH,LUCKNOW,8.87,-,60.16,28.42138726,2018,Sep,13
2018/09/13,UTTAR PRADESH,KHERI,11.67,-,78.01,36.98847087,2018,Sep,13
2018/09/13,UTTAR PRADESH,CHANDAULI,5.3,-,41.57,30.34757067,2018,Sep,13
2018/09/13,UTTAR PRADESH,AMBEDKAR NAGAR,7.5,-,51.46,29.82653628,2018,Sep,13
2018/09/13,UTTAR PRADESH,BUDAUN,10.43,-,76.16,33.78914418,2018,Sep,13
2018/09/13,UTTAR PRADESH,BALRAMPUR,11.04,-,72.67,33.30077585,2018,Sep,13
2018/09/13,UTTAR PRADESH,BASTI,10.82,-,68.02,31.97059308,2018,Sep,13
2018/09/13,UTTAR PRADESH,RAMPUR,11.27,-,72.23,33.43396236,2018,Sep,13
2018/09/13,UTTAR PRADESH,MIRZAPUR,4.09,-,34.47,29.98038948,2018,Sep,13
2018/09/13,UTTAR PRADESH,JYOTIBA PHULE NAGAR,9.71,-,72.21,32.44116204,2018,Sep,13
2018/09/13,UTTAR PRADESH,LALITPUR,6.84,-,47.55,31.51819629,2018,Sep,13
2018/09/13,UTTAR PRADESH,MAHAMAYA NAGAR,5.63,-,36.26,28.05140163,2018,Sep,13
2018/09/13,UTTAR PRADESH,MATHURA,5.71,-,36.32,26.42121852,2018,Sep,13
2018/09/13,UTTAR PRADESH,MAHOBA,2.42,-,20.45,30.398307,2018,Sep,13
2018/09/13,UTTAR PRADESH,CHITRAKOOT,3.77,-,30.89,28.94111497,2018,Sep,13
2018/09/13,UTTAR PRADESH,SAHARANPUR,10.78,-,75.1,33.27466286,2018,Sep,13
2018/09/13,UTTAR PRADESH,KANNAUJ,8.78,-,58.8,26.88426643,2018,Sep,13
2018/09/13,UTTAR PRADESH,SANT KABIR NAGAR,9.02,-,61.29,31.29944093,2018,Sep,13
2018/09/13,UTTAR PRADESH,SONBHADRA,5.42,-,37.08,32.31585014,2018,Sep,13
2018/09/13,UTTAR PRADESH,FATEHPUR,9.19,-,64.42,27.10171178,2018,Sep,13
2018/09/13,UTTAR PRADESH,BARA BANKI,9.91,-,64.65,32.56431293,2018,Sep,13
2018/09/13,UTTAR PRADESH,AZAMGARH,8.47,-,55.85,27.82490281,2018,Sep,13
2018/09/13,UTTAR PRADESH,BAGHPAT,10.54,-,70.36,31.81053163,2018,Sep,13
2018/09/13,UTTAR PRADESH,ALIGARH,5.11,-,33.48,27.82424952,2018,Sep,13
2018/09/13,UTTAR PRADESH,HARDOI,9.25,-,61.16,31.02458435,2018,Sep,13
2018/09/13,UTTAR PRADESH,RAE BARELI,8.12,-,59.98,29.05107423,2018,Sep,13
2018/09/13,UTTAR PRADESH,GHAZIPUR,8.71,-,63.74,28.0899008,2018,Sep,13
2018/09/13,UTTAR PRADESH,KAUSHAMBI,9.52,-,66.58,26.88584748,2018,Sep,13
2018/09/13,UTTAR PRADESH,BULANDSHAHR,10.64,-,67.35,33.62482078,2018,Sep,13
2018/09/13,UTTAR PRADESH,DEORIA,9.84,-,65.72,28.46917945,2018,Sep,13
2018/09/13,UTTAR PRADESH,BAHRAICH,8.71,-,66.55,31.71897133,2018,Sep,13
2018/09/13,UTTAR PRADESH,GORAKHPUR,9.37,-,62.07,30.34756255,2018,Sep,13
2018/09/13,UTTAR PRADESH,BIJNOR,10.37,-,72.08,32.8355996,2018,Sep,13
2018/09/13,UTTAR PRADESH,BANDA,2.42,-,21.38,30.47397558,2018,Sep,13
2018/09/13,UTTAR PRADESH,MUZAFFARNAGAR,10.81,-,72.54,33.24578576,2018,Sep,13
2018/09/13,UTTAR PRADESH,SANT RAVI DAS NAGAR(BHADOHI),7.1,-,49.88,30.28504522,2018,Sep,13
2018/09/13,UTTAR PRADESH,HAMIRPUR,0.92,-,8.36,32.35298201,2018,Sep,13
2018/09/13,UTTAR PRADESH,PRATAPGARH,5.21,-,38.91,29.97142747,2018,Sep,13
2018/09/13,UTTAR PRADESH,ETAWAH,8.86,-,59.14,31.65427775,2018,Sep,13
2018/09/13,UTTAR PRADESH,MORADABAD,10.17,-,69.75,33.44109039,2018,Sep,13
2018/09/13,UTTAR PRADESH,AGRA,5.77,-,40.65,29.04664322,2018,Sep,13
2018/09/13,UTTAR PRADESH,JAUNPUR,6.55,-,44.67,28.62533383,2018,Sep,13
2018/09/13,UTTAR PRADESH,KANPUR NAGAR,7.5,-,48.2,28.22729658,2018,Sep,13
2018/09/13,UTTAR PRADESH,JHANSI,5.82,-,45.97,32.04605556,2018,Sep,13
2018/09/13,UTTAR PRADESH,SIDDHARTH NAGAR,8.73,-,58.67,30.62824876,2018,Sep,13
2018/09/13,UTTAR PRADESH,MEERUT,11.49,-,73.86,34.87513829,2018,Sep,13
2018/09/13,UTTAR PRADESH,PILIBHIT,13.14,-,85.62,37.73443264,2018,Sep,13
2018/09/13,UTTAR PRADESH,SHAHJAHANPUR,10.34,-,72.55,35.71928282,2018,Sep,13
2018/09/13,UTTAR PRADESH,KANPUR DEHAT,6.8,-,43.98,28.8723602,2018,Sep,13
2018/09/13,UTTAR PRADESH,FIROZABAD,6.63,-,45.27,27.99012336,2018,Sep,13
2018/09/13,UTTAR PRADESH,AYODHYA,7.97,-,56.33,32.11310485,2018,Sep,13
2018/09/13,UTTAR PRADESH,KUSHINAGAR,8.59,-,65.7,32.55586339,2018,Sep,13
2018/09/13,UTTAR PRADESH,JALAUN,1.41,-,12.04,35.37476834,2018,Sep,13
2018/09/13,UTTAR PRADESH,GHAZIABAD,10.48,-,67.07,33.82866866,2018,Sep,13
2018/09/13,UTTAR PRADESH,ETAH,6.68,-,42.3,29.46790836,2018,Sep,13
2018/09/13,UTTAR PRADESH,BALLIA,4.83,-,32.23,24.3647288,2018,Sep,13
2018/09/13,UTTAR PRADESH,UNNAO,9.14,-,62.8,27.74151626,2018,Sep,13
2018/09/13,UTTAR PRADESH,MAU,7.51,-,49.47,25.00527742,2018,Sep,13
2018/09/13,UTTAR PRADESH,SITAPUR,9.51,-,61.99,32.74884164,2018,Sep,13
2018/09/13,UTTAR PRADESH,PRAYAGRAJ,4.95,-,43.96,29.69233178,2018,Sep,13
2018/09/13,UTTAR PRADESH,BAREILLY,11.73,-,77.27,36.60850787,2018,Sep,13
2018/09/13,UTTAR PRADESH,SHRAWASTI,8.46,-,67.31,30.82595584,2018,Sep,13
2018/09/13,UTTAR PRADESH,SULTANPUR,6.32,-,46.48,30.38880168,2018,Sep,13
2018/09/13,UTTAR PRADESH,GONDA,11.49,-,77.22,36.78756075,2018,Sep,13
2018/09/13,UTTAR PRADESH,GAUTAM BUDDHA NAGAR,6.55,-,41.63,30.19927817,2018,Sep,13
2018/09/13,UTTAR PRADESH,KANSIRAM NAGAR,8.71,-,64.91,31.00408963,2018,Sep,13
2018/09/13,UTTAR PRADESH,MAHARAJGANJ,7.5,-,54.94,31.84900733,2018,Sep,13
2018/09/13,UTTAR PRADESH,MAINPURI,7.38,-,47.8,27.53021954,2018,Sep,13
2018/09/13,UTTAR PRADESH,VARANASI,6.26,-,47.8,30.4442071,2018,Sep,13
2018/09/13,UTTAR PRADESH,AURAIYA,7.91,-,53.47,32.53077892,2018,Sep,13
2018/09/12,UTTAR PRADESH,FARRUKHABAD,9.37,-,62.68,28.67541115,2018,Sep,12
2018/09/12,UTTAR PRADESH,LUCKNOW,9.01,-,61.17,30.48538242,2018,Sep,12
2018/09/12,UTTAR PRADESH,KHERI,12.17,-,81.18,38.26218391,2018,Sep,12
2018/09/12,UTTAR PRADESH,CHANDAULI,5.75,-,45.07,32.44025187,2018,Sep,12
2018/09/12,UTTAR PRADESH,AMBEDKAR NAGAR,7.85,-,53.83,31.93340097,2018,Sep,12
2018/09/12,UTTAR PRADESH,BUDAUN,11.3,-,81.89,36.31119355,2018,Sep,12
2018/09/12,UTTAR PRADESH,BALRAMPUR,11.63,-,76.53,35.09141902,2018,Sep,12
2018/09/12,UTTAR PRADESH,BASTI,11.58,-,72.77,34.17950194,2018,Sep,12
2018/09/12,UTTAR PRADESH,RAMPUR,12.05,-,77.16,35.43477397,2018,Sep,12
2018/09/12,UTTAR PRADESH,MIRZAPUR,4.35,-,36.69,32.05870728,2018,Sep,12
2018/09/12,UTTAR PRADESH,JYOTIBA PHULE NAGAR,10.48,-,77.27,34.90895077,2018,Sep,12
2018/09/12,UTTAR PRADESH,LALITPUR,7.25,-,50.68,33.16781657,2018,Sep,12
2018/09/12,UTTAR PRADESH,MAHAMAYA NAGAR,6.17,-,39.79,29.2099137,2018,Sep,12
2018/09/12,UTTAR PRADESH,MATHURA,6.0,-,38.18,27.85245643,2018,Sep,12
2018/09/12,UTTAR PRADESH,MAHOBA,2.58,-,21.77,32.46548817,2018,Sep,12
2018/09/12,UTTAR PRADESH,CHITRAKOOT,4.07,-,33.42,30.85996404,2018,Sep,12
2018/09/12,UTTAR PRADESH,SAHARANPUR,11.38,-,79.11,34.66249953,2018,Sep,12
2018/09/12,UTTAR PRADESH,KANNAUJ,8.96,-,60.16,28.38208412,2018,Sep,12
2018/09/12,UTTAR PRADESH,SANT KABIR NAGAR,9.72,-,65.94,33.52353491,2018,Sep,12
2018/09/12,UTTAR PRADESH,SONBHADRA,5.64,-,38.75,34.01776586,2018,Sep,12
2018/09/12,UTTAR PRADESH,FATEHPUR,9.43,-,66.15,29.18584618,2018,Sep,12
2018/09/12,UTTAR PRADESH,BARA BANKI,10.67,-,69.46,34.75325277,2018,Sep,12
2018/09/12,UTTAR PRADESH,AZAMGARH,8.62,-,56.85,30.11288021,2018,Sep,12
2018/09/12,UTTAR PRADESH,BAGHPAT,11.72,-,77.66,35.01054657,2018,Sep,12
2018/09/12,UTTAR PRADESH,ALIGARH,5.61,-,36.73,29.08921322,2018,Sep,12
2018/09/12,UTTAR PRADESH,HARDOI,9.64,-,63.73,32.48489738,2018,Sep,12
2018/09/12,UTTAR PRADESH,RAE BARELI,8.41,-,62.01,31.18212218,2018,Sep,12
2018/09/12,UTTAR PRADESH,GHAZIPUR,9.2,-,67.24,30.54294449,2018,Sep,12
2018/09/12,UTTAR PRADESH,KAUSHAMBI,9.81,-,68.71,29.1507695,2018,Sep,12
2018/09/12,UTTAR PRADESH,BULANDSHAHR,11.89,-,75.19,36.27040836,2018,Sep,12
2018/09/12,UTTAR PRADESH,DEORIA,10.08,-,67.4,30.29239512,2018,Sep,12
2018/09/12,UTTAR PRADESH,BAHRAICH,9.21,-,69.97,33.57900305,2018,Sep,12
2018/09/12,UTTAR PRADESH,GORAKHPUR,9.99,-,66.45,32.47361622,2018,Sep,12
2018/09/12,UTTAR PRADESH,BIJNOR,11.08,-,76.84,34.6036658,2018,Sep,12
2018/09/12,UTTAR PRADESH,BANDA,2.56,-,22.69,32.32401361,2018,Sep,12
2018/09/12,UTTAR PRADESH,MUZAFFARNAGAR,11.77,-,78.6,35.70507764,2018,Sep,12
2018/09/12,UTTAR PRADESH,SANT RAVI DAS NAGAR(BHADOHI),7.57,-,53.07,32.76052425,2018,Sep,12
2018/09/12,UTTAR PRADESH,HAMIRPUR,1.1,-,10.18,34.1614277,2018,Sep,12
2018/09/12,UTTAR PRADESH,PRATAPGARH,5.48,-,41.02,32.04120778,2018,Sep,12
2018/09/12,UTTAR PRADESH,ETAWAH,9.63,-,64.5,33.95515068,2018,Sep,12
2018/09/12,UTTAR PRADESH,MORADABAD,10.97,-,74.92,35.51518581,2018,Sep,12
2018/09/12,UTTAR PRADESH,AGRA,6.18,-,43.61,30.92258392,2018,Sep,12
2018/09/12,UTTAR PRADESH,JAUNPUR,6.96,-,47.49,30.88381131,2018,Sep,12
2018/09/12,UTTAR PRADESH,KANPUR NAGAR,7.63,-,49.07,30.12579288,2018,Sep,12
2018/09/12,UTTAR PRADESH,JHANSI,6.25,-,49.48,33.90769233,2018,Sep,12
2018/09/12,UTTAR PRADESH,SIDDHARTH NAGAR,9.22,-,62.17,32.67456845,2018,Sep,12
2018/09/12,UTTAR PRADESH,MEERUT,12.61,-,80.96,37.34800638,2018,Sep,12
2018/09/12,UTTAR PRADESH,PILIBHIT,13.88,-,90.32,39.56634581,2018,Sep,12
2018/09/12,UTTAR PRADESH,SHAHJAHANPUR,10.71,-,75.2,36.88391012,2018,Sep,12
2018/09/12,UTTAR PRADESH,KANPUR DEHAT,6.96,-,45.08,30.92155301,2018,Sep,12
2018/09/12,UTTAR PRADESH,FIROZABAD,6.82,-,46.54,29.80800555,2018,Sep,12
2018/09/12,UTTAR PRADESH,AYODHYA,8.54,-,60.32,34.39466741,2018,Sep,12
2018/09/12,UTTAR PRADESH,KUSHINAGAR,8.95,-,68.52,34.55166369,2018,Sep,12
2018/09/12,UTTAR PRADESH,JALAUN,1.73,-,15.26,36.89170174,2018,Sep,12
2018/09/12,UTTAR PRADESH,GHAZIABAD,11.66,-,74.59,36.38873924,2018,Sep,12
2018/09/12,UTTAR PRADESH,ETAH,7.05,-,44.91,31.11291529,2018,Sep,12
2018/09/12,UTTAR PRADESH,BALLIA,5.1,-,34.15,26.09913108,2018,Sep,12
2018/09/12,UTTAR PRADESH,UNNAO,9.4,-,64.49,29.85136444,2018,Sep,12
2018/09/12,UTTAR PRADESH,MAU,7.64,-,50.34,26.83311552,2018,Sep,12
2018/09/12,UTTAR PRADESH,SITAPUR,10.24,-,66.78,34.89876301,2018,Sep,12
2018/09/12,UTTAR PRADESH,PRAYAGRAJ,5.27,-,46.76,31.87480239,2018,Sep,12
2018/09/12,UTTAR PRADESH,BAREILLY,12.66,-,83.44,38.5870035,2018,Sep,12
2018/09/12,UTTAR PRADESH,SHRAWASTI,8.68,-,69.27,32.30861774,2018,Sep,12
2018/09/12,UTTAR PRADESH,SULTANPUR,6.49,-,47.94,32.26021642,2018,Sep,12
2018/09/12,UTTAR PRADESH,GONDA,12.46,-,83.8,39.08656983,2018,Sep,12
2018/09/12,UTTAR PRADESH,GAUTAM BUDDHA NAGAR,7.32,-,46.48,31.99969544,2018,Sep,12
2018/09/12,UTTAR PRADESH,KANSIRAM NAGAR,9.05,-,67.49,33.09472526,2018,Sep,12
2018/09/12,UTTAR PRADESH,MAHARAJGANJ,7.8,-,57.33,33.4650433,2018,Sep,12
2018/09/12,UTTAR PRADESH,MAINPURI,7.6,-,49.23,29.33499302,2018,Sep,12
2018/09/12,UTTAR PRADESH,VARANASI,6.78,-,51.65,32.61754091,2018,Sep,12
2018/09/12,UTTAR PRADESH,AURAIYA,8.82,-,59.68,34.98761242,2018,Sep,12
2018/09/11,UTTAR PRADESH,FARRUKHABAD,9.41,-,62.92,29.69424432,2018,Sep,11
2018/09/11,UTTAR PRADESH,LUCKNOW,9.65,-,65.4,32.36411043,2018,Sep,11
2018/09/11,UTTAR PRADESH,KHERI,10.77,-,72.09,34.95766114,2018,Sep,11
2018/09/11,UTTAR PRADESH,CHANDAULI,6.22,-,48.71,34.28488417,2018,Sep,11
2018/09/11,UTTAR PRADESH,AMBEDKAR NAGAR,7.78,-,53.52,31.29925081,2018,Sep,11
2018/09/11,UTTAR PRADESH,BUDAUN,9.85,-,72.33,32.86242765,2018,Sep,11
2018/09/11,UTTAR PRADESH,BALRAMPUR,9.83,-,64.88,29.84531223,2018,Sep,11
2018/09/11,UTTAR PRADESH,BASTI,10.07,-,63.3,30.20753244,2018,Sep,11
2018/09/11,UTTAR PRADESH,RAMPUR,11.2,-,71.76,33.14736637,2018,Sep,11
2018/09/11,UTTAR PRADESH,MIRZAPUR,4.77,-,40.23,33.93686064,2018,Sep,11
2018/09/11,UTTAR PRADESH,JYOTIBA PHULE NAGAR,10.4,-,76.9,34.98280775,2018,Sep,11
2018/09/11,UTTAR PRADESH,LALITPUR,7.69,-,54.1,35.21674062,2018,Sep,11
2018/09/11,UTTAR PRADESH,MAHAMAYA NAGAR,6.77,-,43.68,30.55169861,2018,Sep,11
2018/09/11,UTTAR PRADESH,MATHURA,6.45,-,41.19,29.78098529,2018,Sep,11
2018/09/11,UTTAR PRADESH,MAHOBA,2.85,-,24.3,34.32400163,2018,Sep,11
2018/09/11,UTTAR PRADESH,CHITRAKOOT,4.55,-,37.97,32.79386956,2018,Sep,11
2018/09/11,UTTAR PRADESH,SAHARANPUR,11.37,-,79.11,34.70551114,2018,Sep,11
2018/09/11,UTTAR PRADESH,KANNAUJ,9.25,-,62.33,30.02078297,2018,Sep,11
2018/09/11,UTTAR PRADESH,SANT KABIR NAGAR,9.3,-,63.24,32.28076748,2018,Sep,11
2018/09/11,UTTAR PRADESH,SONBHADRA,5.94,-,40.81,35.68053184,2018,Sep,11
2018/09/11,UTTAR PRADESH,FATEHPUR,9.65,-,67.65,30.68913429,2018,Sep,11
2018/09/11,UTTAR PRADESH,BARA BANKI,9.54,-,62.48,32.5836714,2018,Sep,11
2018/09/11,UTTAR PRADESH,AZAMGARH,9.04,-,59.62,31.47857424,2018,Sep,11
2018/09/11,UTTAR PRADESH,BAGHPAT,10.41,-,69.45,30.44515027,2018,Sep,11
2018/09/11,UTTAR PRADESH,ALIGARH,6.08,-,39.7,30.09848796,2018,Sep,11
2018/09/11,UTTAR PRADESH,HARDOI,9.81,-,64.87,33.34365547,2018,Sep,11
2018/09/11,UTTAR PRADESH,RAE BARELI,8.81,-,64.89,32.80863238,2018,Sep,11
2018/09/11,UTTAR PRADESH,GHAZIPUR,9.75,-,71.03,32.80696835,2018,Sep,11
2018/09/11,UTTAR PRADESH,KAUSHAMBI,10.39,-,72.51,31.52209304,2018,Sep,11
2018/09/11,UTTAR PRADESH,BULANDSHAHR,12.64,-,79.92,37.89973994,2018,Sep,11
2018/09/11,UTTAR PRADESH,DEORIA,10.37,-,69.26,32.04237615,2018,Sep,11
2018/09/11,UTTAR PRADESH,BAHRAICH,8.78,-,67.25,32.41486496,2018,Sep,11
2018/09/11,UTTAR PRADESH,GORAKHPUR,9.9,-,65.87,32.41637256,2018,Sep,11
2018/09/11,UTTAR PRADESH,BIJNOR,10.9,-,75.22,33.96901468,2018,Sep,11
2018/09/11,UTTAR PRADESH,BANDA,2.78,-,24.78,33.77219704,2018,Sep,11
2018/09/11,UTTAR PRADESH,MUZAFFARNAGAR,10.48,-,70.52,32.30123292,2018,Sep,11
2018/09/11,UTTAR PRADESH,SANT RAVI DAS NAGAR(BHADOHI),8.16,-,57.05,34.61438698,2018,Sep,11
2018/09/11,UTTAR PRADESH,HAMIRPUR,1.24,-,11.54,34.82096211,2018,Sep,11
2018/09/11,UTTAR PRADESH,PRATAPGARH,6.08,-,45.34,34.07872125,2018,Sep,11
2018/09/11,UTTAR PRADESH,ETAWAH,8.65,-,57.81,31.98089285,2018,Sep,11
2018/09/11,UTTAR PRADESH,MORADABAD,10.23,-,70.19,33.21922275,2018,Sep,11
2018/09/11,UTTAR PRADESH,AGRA,6.36,-,44.66,31.71989251,2018,Sep,11
2018/09/11,UTTAR PRADESH,JAUNPUR,7.49,-,51.17,32.58623378,2018,Sep,11
2018/09/11,UTTAR PRADESH,KANPUR NAGAR,7.78,-,50.1,31.01418,2018,Sep,11
2018/09/11,UTTAR PRADESH,JHANSI,6.7,-,53.31,35.94830481,2018,Sep,11
2018/09/11,UTTAR PRADESH,SIDDHARTH NAGAR,9.01,-,60.94,32.2087033,2018,Sep,11
2018/09/11,UTTAR PRADESH,MEERUT,11.71,-,75.28,35.43309577,2018,Sep,11
2018/09/11,UTTAR PRADESH,PILIBHIT,13.29,-,86.57,37.86029287,2018,Sep,11
2018/09/11,UTTAR PRADESH,SHAHJAHANPUR,8.99,-,63.28,32.17372737,2018,Sep,11
2018/09/11,UTTAR PRADESH,KANPUR DEHAT,7.18,-,46.51,31.69701766,2018,Sep,11
2018/09/11,UTTAR PRADESH,FIROZABAD,7.81,-,53.14,32.36879123,2018,Sep,11
2018/09/11,UTTAR PRADESH,AYODHYA,7.51,-,53.38,30.20504476,2018,Sep,11
2018/09/11,UTTAR PRADESH,KUSHINAGAR,9.08,-,69.55,35.37155299,2018,Sep,11
2018/09/11,UTTAR PRADESH,JALAUN,1.94,-,17.52,37.23253985,2018,Sep,11
2018/09/11,UTTAR PRADESH,GHAZIABAD,11.89,-,76.03,36.88747845,2018,Sep,11
2018/09/11,UTTAR PRADESH,ETAH,7.63,-,48.84,32.83180957,2018,Sep,11
2018/09/11,UTTAR PRADESH,BALLIA,5.34,-,35.81,27.89951007,2018,Sep,11
2018/09/11,UTTAR PRADESH,UNNAO,9.88,-,67.62,31.49610332,2018,Sep,11
2018/09/11,UTTAR PRADESH,MAU,7.83,-,51.58,28.74201565,2018,Sep,11
2018/09/11,UTTAR PRADESH,SITAPUR,8.81,-,57.66,31.90575054,2018,Sep,11
2018/09/11,UTTAR PRADESH,PRAYAGRAJ,5.7,-,50.56,33.92512193,2018,Sep,11
2018/09/11,UTTAR PRADESH,BAREILLY,10.47,-,67.75,33.15005975,2018,Sep,11
2018/09/11,UTTAR PRADESH,SHRAWASTI,8.63,-,68.97,31.1693597,2018,Sep,11
2018/09/11,UTTAR PRADESH,SULTANPUR,6.65,-,49.28,33.19866734,2018,Sep,11
2018/09/11,UTTAR PRADESH,GONDA,9.03,-,60.81,30.1691962,2018,Sep,11
2018/09/11,UTTAR PRADESH,GAUTAM BUDDHA NAGAR,7.87,-,50.01,33.41249292,2018,Sep,11
2018/09/11,UTTAR PRADESH,KANSIRAM NAGAR,9.03,-,67.49,32.48791101,2018,Sep,11
2018/09/11,UTTAR PRADESH,MAHARAJGANJ,7.81,-,57.52,34.01612491,2018,Sep,11
2018/09/11,UTTAR PRADESH,MAINPURI,8.27,-,53.65,31.79559058,2018,Sep,11
2018/09/11,UTTAR PRADESH,VARANASI,7.25,-,55.13,34.46684416,2018,Sep,11
2018/09/11,UTTAR PRADESH,AURAIYA,6.9,-,46.81,30.37883081,2018,Sep,11
2018/09/10,UTTAR PRADESH,FARRUKHABAD,9.79,-,65.41,31.05351729,2018,Sep,10
2018/09/10,UTTAR PRADESH,LUCKNOW,10.26,-,69.53,33.89117852,2018,Sep,10
2018/09/10,UTTAR PRADESH,KHERI,9.04,-,60.76,31.19232564,2018,Sep,10
2018/09/10,UTTAR PRADESH,CHANDAULI,6.55,-,51.35,35.51015175,2018,Sep,10
2018/09/10,UTTAR PRADESH,AMBEDKAR NAGAR,8.01,-,55.21,32.32324275,2018,Sep,10
2018/09/10,UTTAR PRADESH,BUDAUN,9.56,-,70.32,31.65040117,2018,Sep,10
2018/09/10,UTTAR PRADESH,BALRAMPUR,10.08,-,66.57,30.90347579,2018,Sep,10
2018/09/10,UTTAR PRADESH,BASTI,10.27,-,64.51,31.49635716,2018,Sep,10
2018/09/10,UTTAR PRADESH,RAMPUR,10.41,-,66.89,31.58188938,2018,Sep,10
2018/09/10,UTTAR PRADESH,MIRZAPUR,5.09,-,42.96,35.30271158,2018,Sep,10
2018/09/10,UTTAR PRADESH,JYOTIBA PHULE NAGAR,10.25,-,75.63,33.86021819,2018,Sep,10
2018/09/10,UTTAR PRADESH,LALITPUR,7.64,-,53.71,35.50732224,2018,Sep,10
2018/09/10,UTTAR PRADESH,MAHAMAYA NAGAR,7.01,-,45.29,31.35206771,2018,Sep,10
2018/09/10,UTTAR PRADESH,MATHURA,7.05,-,45.06,31.5143009,2018,Sep,10
2018/09/10,UTTAR PRADESH,MAHOBA,3.05,-,26.27,35.6596587,2018,Sep,10
2018/09/10,UTTAR PRADESH,CHITRAKOOT,4.95,-,42.0,34.19647492,2018,Sep,10
2018/09/10,UTTAR PRADESH,SAHARANPUR,11.86,-,82.42,35.97121492,2018,Sep,10
2018/09/10,UTTAR PRADESH,KANNAUJ,9.64,-,65.24,31.39851925,2018,Sep,10
2018/09/10,UTTAR PRADESH,SANT KABIR NAGAR,9.67,-,65.73,33.51362388,2018,Sep,10
2018/09/10,UTTAR PRADESH,SONBHADRA,6.18,-,42.49,36.93154313,2018,Sep,10
2018/09/10,UTTAR PRADESH,FATEHPUR,10.21,-,71.35,32.36302062,2018,Sep,10
2018/09/10,UTTAR PRADESH,BARA BANKI,10.15,-,66.32,34.15269221,2018,Sep,10
2018/09/10,UTTAR PRADESH,AZAMGARH,9.53,-,62.85,32.57233671,2018,Sep,10
2018/09/10,UTTAR PRADESH,BAGHPAT,10.73,-,71.44,31.53812838,2018,Sep,10
2018/09/10,UTTAR PRADESH,ALIGARH,6.37,-,41.57,30.59346464,2018,Sep,10
2018/09/10,UTTAR PRADESH,HARDOI,8.86,-,59.05,31.68494487,2018,Sep,10
2018/09/10,UTTAR PRADESH,RAE BARELI,9.39,-,68.89,34.46498715,2018,Sep,10
2018/09/10,UTTAR PRADESH,GHAZIPUR,10.02,-,72.95,33.98640884,2018,Sep,10
2018/09/10,UTTAR PRADESH,KAUSHAMBI,10.99,-,76.44,33.19667061,2018,Sep,10
2018/09/10,UTTAR PRADESH,BULANDSHAHR,11.34,-,71.73,34.87765735,2018,Sep,10
2018/09/10,UTTAR PRADESH,DEORIA,10.53,-,70.31,32.9936682,2018,Sep,10
2018/09/10,UTTAR PRADESH,BAHRAICH,8.91,-,68.24,32.77340977,2018,Sep,10
2018/09/10,UTTAR PRADESH,GORAKHPUR,10.09,-,66.84,33.06080178,2018,Sep,10
2018/09/10,UTTAR PRADESH,BIJNOR,10.62,-,73.46,33.35826358,2018,Sep,10
2018/09/10,UTTAR PRADESH,BANDA,3.05,-,27.44,35.1971524,2018,Sep,10
2018/09/10,UTTAR PRADESH,MUZAFFARNAGAR,10.82,-,72.66,33.27540878,2018,Sep,10
2018/09/10,UTTAR PRADESH,SANT RAVI DAS NAGAR(BHADOHI),8.7,-,60.66,36.13592155,2018,Sep,10
2018/09/10,UTTAR PRADESH,HAMIRPUR,1.43,-,13.52,36.15671726,2018,Sep,10
2018/09/10,UTTAR PRADESH,PRATAPGARH,6.51,-,48.37,35.39706079,2018,Sep,10
2018/09/10,UTTAR PRADESH,ETAWAH,9.29,-,62.29,33.40285895,2018,Sep,10
2018/09/10,UTTAR PRADESH,MORADABAD,9.58,-,65.94,31.34467901,2018,Sep,10
2018/09/10,UTTAR PRADESH,AGRA,6.87,-,48.39,32.94617668,2018,Sep,10
2018/09/10,UTTAR PRADESH,JAUNPUR,7.78,-,53.17,33.34009833,2018,Sep,10
2018/09/10,UTTAR PRADESH,KANPUR NAGAR,8.39,-,53.95,32.50538401,2018,Sep,10
2018/09/10,UTTAR PRADESH,JHANSI,6.88,-,54.82,37.12177754,2018,Sep,10
2018/09/10,UTTAR PRADESH,SIDDHARTH NAGAR,9.37,-,63.4,33.20653048,2018,Sep,10
2018/09/10,UTTAR PRADESH,MEERUT,11.98,-,77.03,36.05603194,2018,Sep,10
2018/09/10,UTTAR PRADESH,PILIBHIT,10.22,-,67.25,29.69194166,2018,Sep,10
2018/09/10,UTTAR PRADESH,SHAHJAHANPUR,8.31,-,58.83,30.79298893,2018,Sep,10
2018/09/10,UTTAR PRADESH,KANPUR DEHAT,7.78,-,50.34,33.16925646,2018,Sep,10
2018/09/10,UTTAR PRADESH,FIROZABAD,8.44,-,57.49,33.72165805,2018,Sep,10
2018/09/10,UTTAR PRADESH,AYODHYA,7.63,-,54.23,31.68249968,2018,Sep,10
2018/09/10,UTTAR PRADESH,KUSHINAGAR,8.62,-,66.02,32.98600676,2018,Sep,10
2018/09/10,UTTAR PRADESH,JALAUN,2.07,-,18.78,38.30540677,2018,Sep,10
2018/09/10,UTTAR PRADESH,GHAZIABAD,11.71,-,74.87,36.3800981,2018,Sep,10
2018/09/10,UTTAR PRADESH,ETAH,8.11,-,51.9,34.08410767,2018,Sep,10
2018/09/10,UTTAR PRADESH,BALLIA,5.44,-,36.57,29.25804885,2018,Sep,10
2018/09/10,UTTAR PRADESH,UNNAO,10.47,-,71.56,32.9140725,2018,Sep,10
2018/09/10,UTTAR PRADESH,MAU,8.05,-,52.99,30.15113277,2018,Sep,10
2018/09/10,UTTAR PRADESH,SITAPUR,9.06,-,59.34,32.48822651,2018,Sep,10
2018/09/10,UTTAR PRADESH,PRAYAGRAJ,5.97,-,52.96,35.29806566,2018,Sep,10
2018/09/10,UTTAR PRADESH,BAREILLY,8.79,-,57.39,29.49726247,2018,Sep,10
2018/09/10,UTTAR PRADESH,SHRAWASTI,8.76,-,70.14,32.0783295,2018,Sep,10
2018/09/10,UTTAR PRADESH,SULTANPUR,6.92,-,51.22,34.57910782,2018,Sep,10
2018/09/10,UTTAR PRADESH,GONDA,9.25,-,62.19,31.43912732,2018,Sep,10
2018/09/10,UTTAR PRADESH,GAUTAM BUDDHA NAGAR,7.35,-,46.78,31.82960079,2018,Sep,10
2018/09/10,UTTAR PRADESH,KANSIRAM NAGAR,9.39,-,70.04,33.38384612,2018,Sep,10
2018/09/10,UTTAR PRADESH,MAHARAJGANJ,7.35,-,53.88,32.72938477,2018,Sep,10
2018/09/10,UTTAR PRADESH,MAINPURI,8.95,-,58.21,33.19971787,2018,Sep,10
2018/09/10,UTTAR PRADESH,VARANASI,7.59,-,57.52,35.84151572,2018,Sep,10
2018/09/10,UTTAR PRADESH,AURAIYA,7.34,-,49.79,31.82195352,2018,Sep,10
2018/09/09,UTTAR PRADESH,FARRUKHABAD,10.84,-,72.23,33.61757183,2018,Sep,9
2018/09/09,UTTAR PRADESH,LUCKNOW,11.31,-,76.5,36.40371176,2018,Sep,9
2018/09/09,UTTAR PRADESH,KHERI,10.09,-,67.6,33.63289904,2018,Sep,9
2018/09/09,UTTAR PRADESH,CHANDAULI,7.15,-,56.28,37.35584784,2018,Sep,9
2018/09/09,UTTAR PRADESH,AMBEDKAR NAGAR,8.91,-,61.34,34.67849528,2018,Sep,9
2018/09/09,UTTAR PRADESH,BUDAUN,10.49,-,76.47,34.4061269,2018,Sep,9
2018/09/09,UTTAR PRADESH,BALRAMPUR,10.86,-,71.59,33.12528247,2018,Sep,9
2018/09/09,UTTAR PRADESH,BASTI,11.4,-,71.63,34.01874323,2018,Sep,9
2018/09/09,UTTAR PRADESH,RAMPUR,11.54,-,73.99,34.31594881,2018,Sep,9
2018/09/09,UTTAR PRADESH,MIRZAPUR,5.6,-,47.28,37.45186656,2018,Sep,9
2018/09/09,UTTAR PRADESH,JYOTIBA PHULE NAGAR,11.19,-,81.76,36.70670717,2018,Sep,9
2018/09/09,UTTAR PRADESH,LALITPUR,8.08,-,57.28,37.84753866,2018,Sep,9
2018/09/09,UTTAR PRADESH,MAHAMAYA NAGAR,7.63,-,49.36,32.86945208,2018,Sep,9
2018/09/09,UTTAR PRADESH,MATHURA,7.1,-,45.56,31.35190396,2018,Sep,9
2018/09/09,UTTAR PRADESH,MAHOBA,3.43,-,30.17,38.14897498,2018,Sep,9
2018/09/09,UTTAR PRADESH,CHITRAKOOT,5.73,-,49.75,36.71054822,2018,Sep,9
2018/09/09,UTTAR PRADESH,SAHARANPUR,12.89,-,89.13,38.75154717,2018,Sep,9
2018/09/09,UTTAR PRADESH,KANNAUJ,10.75,-,73.14,33.95898504,2018,Sep,9
2018/09/09,UTTAR PRADESH,SANT KABIR NAGAR,10.88,-,74.39,36.0158363,2018,Sep,9
2018/09/09,UTTAR PRADESH,SONBHADRA,6.63,-,45.57,38.85442041,2018,Sep,9
2018/09/09,UTTAR PRADESH,FATEHPUR,11.2,-,77.7,35.06929858,2018,Sep,9
2018/09/09,UTTAR PRADESH,BARA BANKI,11.22,-,73.05,36.79742458,2018,Sep,9
2018/09/09,UTTAR PRADESH,AZAMGARH,10.59,-,69.89,34.74719435,2018,Sep,9
2018/09/09,UTTAR PRADESH,BAGHPAT,11.51,-,76.4,33.9158975,2018,Sep,9
2018/09/09,UTTAR PRADESH,ALIGARH,6.84,-,44.51,31.39626786,2018,Sep,9
2018/09/09,UTTAR PRADESH,HARDOI,10.12,-,67.56,34.38111658,2018,Sep,9
2018/09/09,UTTAR PRADESH,RAE BARELI,10.33,-,75.23,37.14054651,2018,Sep,9
2018/09/09,UTTAR PRADESH,GHAZIPUR,10.69,-,77.61,36.12657591,2018,Sep,9
2018/09/09,UTTAR PRADESH,KAUSHAMBI,11.9,-,82.35,35.84785006,2018,Sep,9
2018/09/09,UTTAR PRADESH,BULANDSHAHR,12.59,-,79.59,37.49328523,2018,Sep,9
2018/09/09,UTTAR PRADESH,DEORIA,11.02,-,73.43,34.78394996,2018,Sep,9
2018/09/09,UTTAR PRADESH,BAHRAICH,9.71,-,73.86,35.14962629,2018,Sep,9
2018/09/09,UTTAR PRADESH,GORAKHPUR,11.09,-,73.7,35.35477182,2018,Sep,9
2018/09/09,UTTAR PRADESH,BIJNOR,11.63,-,80.09,36.1385583,2018,Sep,9
2018/09/09,UTTAR PRADESH,BANDA,3.53,-,32.38,37.6531019,2018,Sep,9
2018/09/09,UTTAR PRADESH,MUZAFFARNAGAR,11.76,-,78.62,35.87439761,2018,Sep,9
2018/09/09,UTTAR PRADESH,SANT RAVI DAS NAGAR(BHADOHI),9.59,-,66.59,38.53558979,2018,Sep,9
2018/09/09,UTTAR PRADESH,HAMIRPUR,1.8,-,17.44,38.46353291,2018,Sep,9
2018/09/09,UTTAR PRADESH,PRATAPGARH,7.29,-,53.88,37.83850074,2018,Sep,9
2018/09/09,UTTAR PRADESH,ETAWAH,10.5,-,70.7,35.96661867,2018,Sep,9
2018/09/09,UTTAR PRADESH,MORADABAD,10.62,-,72.72,34.15475246,2018,Sep,9
2018/09/09,UTTAR PRADESH,AGRA,7.98,-,56.57,35.40648564,2018,Sep,9
2018/09/09,UTTAR PRADESH,JAUNPUR,8.95,-,61.08,35.81488945,2018,Sep,9
2018/09/09,UTTAR PRADESH,KANPUR NAGAR,9.53,-,61.24,35.092356,2018,Sep,9
2018/09/09,UTTAR PRADESH,JHANSI,7.22,-,57.74,39.4189313,2018,Sep,9
2018/09/09,UTTAR PRADESH,SIDDHARTH NAGAR,10.07,-,68.24,34.80190913,2018,Sep,9
2018/09/09,UTTAR PRADESH,MEERUT,13.28,-,85.21,38.92678754,2018,Sep,9
2018/09/09,UTTAR PRADESH,PILIBHIT,10.96,-,71.92,32.16856527,2018,Sep,9
2018/09/09,UTTAR PRADESH,SHAHJAHANPUR,9.25,-,65.33,33.41831565,2018,Sep,9
2018/09/09,UTTAR PRADESH,KANPUR DEHAT,8.9,-,57.54,35.78225321,2018,Sep,9
2018/09/09,UTTAR PRADESH,FIROZABAD,9.73,-,66.42,36.3512903,2018,Sep,9
2018/09/09,UTTAR PRADESH,AYODHYA,8.49,-,60.4,34.17300268,2018,Sep,9
2018/09/09,UTTAR PRADESH,KUSHINAGAR,8.66,-,66.32,33.2993405,2018,Sep,9
2018/09/09,UTTAR PRADESH,JALAUN,2.3,-,21.23,40.207903,2018,Sep,9
2018/09/09,UTTAR PRADESH,GHAZIABAD,13.03,-,83.28,39.171716,2018,Sep,9
2018/09/09,UTTAR PRADESH,ETAH,9.13,-,58.42,36.58459824,2018,Sep,9
2018/09/09,UTTAR PRADESH,BALLIA,5.79,-,39.23,31.27587387,2018,Sep,9
2018/09/09,UTTAR PRADESH,UNNAO,11.62,-,79.05,35.60278468,2018,Sep,9
2018/09/09,UTTAR PRADESH,MAU,8.68,-,57.18,32.24456188,2018,Sep,9
2018/09/09,UTTAR PRADESH,SITAPUR,10.34,-,67.74,35.1399066,2018,Sep,9
2018/09/09,UTTAR PRADESH,PRAYAGRAJ,6.53,-,57.79,37.82814574,2018,Sep,9
2018/09/09,UTTAR PRADESH,BAREILLY,9.6,-,62.79,32.16945775,2018,Sep,9
2018/09/09,UTTAR PRADESH,SHRAWASTI,9.28,-,74.3,34.25733886,2018,Sep,9
2018/09/09,UTTAR PRADESH,SULTANPUR,7.56,-,55.66,36.98902081,2018,Sep,9
2018/09/09,UTTAR PRADESH,GONDA,10.26,-,69.06,33.93234176,2018,Sep,9
2018/09/09,UTTAR PRADESH,GAUTAM BUDDHA NAGAR,8.22,-,52.39,33.61865856,2018,Sep,9
2018/09/09,UTTAR PRADESH,KANSIRAM NAGAR,10.19,-,75.57,35.82875496,2018,Sep,9
2018/09/09,UTTAR PRADESH,MAHARAJGANJ,7.42,-,54.59,32.94335398,2018,Sep,9
2018/09/09,UTTAR PRADESH,MAINPURI,10.25,-,66.95,35.87822507,2018,Sep,9
2018/09/09,UTTAR PRADESH,VARANASI,8.22,-,61.84,38.1315128,2018,Sep,9
2018/09/09,UTTAR PRADESH,AURAIYA,8.54,-,57.99,34.39367981,2018,Sep,9
2018/09/08,UTTAR PRADESH,FARRUKHABAD,12.04,-,79.88,36.41894403,2018,Sep,8
2018/09/08,UTTAR PRADESH,LUCKNOW,12.44,-,84.06,39.12375338,2018,Sep,8
2018/09/08,UTTAR PRADESH,KHERI,11.22,-,74.97,36.23711997,2018,Sep,8
2018/09/08,UTTAR PRADESH,CHANDAULI,7.67,-,60.6,38.97979753,2018,Sep,8
2018/09/08,UTTAR PRADESH,AMBEDKAR NAGAR,9.92,-,68.2,37.31805069,2018,Sep,8
2018/09/08,UTTAR PRADESH,BUDAUN,11.48,-,82.91,37.23845517,2018,Sep,8
2018/09/08,UTTAR PRADESH,BALRAMPUR,11.98,-,78.81,35.70801561,2018,Sep,8
2018/09/08,UTTAR PRADESH,BASTI,12.66,-,79.57,36.61551469,2018,Sep,8
2018/09/08,UTTAR PRADESH,RAMPUR,12.77,-,81.82,36.97183708,2018,Sep,8
2018/09/08,UTTAR PRADESH,MIRZAPUR,6.22,-,52.7,39.94978386,2018,Sep,8
2018/09/08,UTTAR PRADESH,JYOTIBA PHULE NAGAR,12.01,-,87.13,39.31683955,2018,Sep,8
2018/09/08,UTTAR PRADESH,LALITPUR,8.42,-,60.11,40.11346243,2018,Sep,8
2018/09/08,UTTAR PRADESH,MAHAMAYA NAGAR,8.35,-,54.15,34.8026992,2018,Sep,8
2018/09/08,UTTAR PRADESH,MATHURA,7.94,-,51.18,33.45564919,2018,Sep,8
2018/09/08,UTTAR PRADESH,MAHOBA,3.88,-,34.7,40.84534121,2018,Sep,8
2018/09/08,UTTAR PRADESH,CHITRAKOOT,6.57,-,58.17,39.43392049,2018,Sep,8
2018/09/08,UTTAR PRADESH,SAHARANPUR,13.78,-,94.97,41.3705619,2018,Sep,8
2018/09/08,UTTAR PRADESH,KANNAUJ,11.91,-,81.32,36.76583456,2018,Sep,8
2018/09/08,UTTAR PRADESH,SANT KABIR NAGAR,12.15,-,83.58,38.58413608,2018,Sep,8
2018/09/08,UTTAR PRADESH,SONBHADRA,7.04,-,48.33,40.61430336,2018,Sep,8
2018/09/08,UTTAR PRADESH,FATEHPUR,12.21,-,84.17,37.95887999,2018,Sep,8
2018/09/08,UTTAR PRADESH,BARA BANKI,12.39,-,80.51,39.59851168,2018,Sep,8
2018/09/08,UTTAR PRADESH,AZAMGARH,11.68,-,77.19,36.97294501,2018,Sep,8
2018/09/08,UTTAR PRADESH,BAGHPAT,12.56,-,83.02,36.62010992,2018,Sep,8
2018/09/08,UTTAR PRADESH,ALIGARH,7.62,-,49.45,33.2071043,2018,Sep,8
2018/09/08,UTTAR PRADESH,HARDOI,11.49,-,76.84,37.25089787,2018,Sep,8
2018/09/08,UTTAR PRADESH,RAE BARELI,11.32,-,81.93,40.05428965,2018,Sep,8
2018/09/08,UTTAR PRADESH,GHAZIPUR,11.19,-,81.09,37.58005376,2018,Sep,8
2018/09/08,UTTAR PRADESH,KAUSHAMBI,12.85,-,88.46,38.74249392,2018,Sep,8
2018/09/08,UTTAR PRADESH,BULANDSHAHR,13.79,-,87.15,40.08917425,2018,Sep,8
2018/09/08,UTTAR PRADESH,DEORIA,11.58,-,77.11,36.38128015,2018,Sep,8
2018/09/08,UTTAR PRADESH,BAHRAICH,10.56,-,79.83,37.8087659,2018,Sep,8
2018/09/08,UTTAR PRADESH,GORAKHPUR,12.06,-,80.37,37.58890861,2018,Sep,8
2018/09/08,UTTAR PRADESH,BIJNOR,12.53,-,86.07,38.76817154,2018,Sep,8
2018/09/08,UTTAR PRADESH,BANDA,4.09,-,38.02,40.38873862,2018,Sep,8
2018/09/08,UTTAR PRADESH,MUZAFFARNAGAR,12.69,-,84.51,38.32355642,2018,Sep,8
2018/09/08,UTTAR PRADESH,SANT RAVI DAS NAGAR(BHADOHI),10.58,-,73.28,41.17162536,2018,Sep,8
2018/09/08,UTTAR PRADESH,HAMIRPUR,2.26,-,22.19,41.10762758,2018,Sep,8
2018/09/08,UTTAR PRADESH,PRATAPGARH,8.15,-,59.85,40.60518417,2018,Sep,8
2018/09/08,UTTAR PRADESH,ETAWAH,11.85,-,80.09,38.79557551,2018,Sep,8
2018/09/08,UTTAR PRADESH,MORADABAD,11.67,-,79.56,36.85368741,2018,Sep,8
2018/09/08,UTTAR PRADESH,AGRA,9.16,-,65.25,37.98308958,2018,Sep,8
2018/09/08,UTTAR PRADESH,JAUNPUR,10.19,-,69.51,38.43192276,2018,Sep,8
2018/09/08,UTTAR PRADESH,KANPUR NAGAR,10.76,-,69.1,37.88011448,2018,Sep,8
2018/09/08,UTTAR PRADESH,JHANSI,7.47,-,59.86,41.92930912,2018,Sep,8
2018/09/08,UTTAR PRADESH,SIDDHARTH NAGAR,11.2,-,76.16,37.40064772,2018,Sep,8
2018/09/08,UTTAR PRADESH,MEERUT,14.35,-,91.97,41.37224003,2018,Sep,8
2018/09/08,UTTAR PRADESH,PILIBHIT,12.06,-,78.85,34.7982164,2018,Sep,8
2018/09/08,UTTAR PRADESH,SHAHJAHANPUR,10.36,-,72.92,36.28275381,2018,Sep,8
2018/09/08,UTTAR PRADESH,KANPUR DEHAT,10.12,-,65.42,38.62326573,2018,Sep,8
2018/09/08,UTTAR PRADESH,FIROZABAD,11.08,-,75.78,39.10142564,2018,Sep,8
2018/09/08,UTTAR PRADESH,AYODHYA,9.57,-,68.15,36.8869194,2018,Sep,8
2018/09/08,UTTAR PRADESH,KUSHINAGAR,9.1,-,69.75,34.60194168,2018,Sep,8
2018/09/08,UTTAR PRADESH,JALAUN,2.47,-,22.93,42.80020505,2018,Sep,8
2018/09/08,UTTAR PRADESH,GHAZIABAD,14.18,-,90.64,41.63404921,2018,Sep,8
2018/09/08,UTTAR PRADESH,ETAH,10.23,-,65.34,39.32390073,2018,Sep,8
2018/09/08,UTTAR PRADESH,BALLIA,6.44,-,43.88,32.77008191,2018,Sep,8
2018/09/08,UTTAR PRADESH,UNNAO,12.8,-,86.72,38.47615494,2018,Sep,8
2018/09/08,UTTAR PRADESH,MAU,9.54,-,62.91,34.03548422,2018,Sep,8
2018/09/08,UTTAR PRADESH,SITAPUR,11.66,-,76.47,37.9294655,2018,Sep,8
2018/09/08,UTTAR PRADESH,PRAYAGRAJ,7.19,-,63.56,40.67103763,2018,Sep,8
2018/09/08,UTTAR PRADESH,BAREILLY,10.93,-,71.7,34.9520851,2018,Sep,8
2018/09/08,UTTAR PRADESH,SHRAWASTI,9.92,-,79.09,36.69680422,2018,Sep,8
2018/09/08,UTTAR PRADESH,SULTANPUR,8.3,-,60.63,39.75232168,2018,Sep,8
2018/09/08,UTTAR PRADESH,GONDA,11.41,-,76.86,36.53102051,2018,Sep,8
2018/09/08,UTTAR PRADESH,GAUTAM BUDDHA NAGAR,9.2,-,58.71,35.67645598,2018,Sep,8
2018/09/08,UTTAR PRADESH,KANSIRAM NAGAR,10.98,-,80.92,38.52885637,2018,Sep,8
2018/09/08,UTTAR PRADESH,MAHARAJGANJ,8.18,-,60.16,35.3181108,2018,Sep,8
2018/09/08,UTTAR PRADESH,MAINPURI,11.66,-,76.38,38.78644123,2018,Sep,8
2018/09/08,UTTAR PRADESH,VARANASI,8.7,-,65.18,39.99999794,2018,Sep,8
2018/09/08,UTTAR PRADESH,AURAIYA,9.88,-,67.15,37.22604176,2018,Sep,8
2018/09/07,UTTAR PRADESH,FARRUKHABAD,13.02,-,86.07,38.81743022,2018,Sep,7
2018/09/07,UTTAR PRADESH,LUCKNOW,13.5,-,91.11,41.66202438,2018,Sep,7
2018/09/07,UTTAR PRADESH,KHERI,12.01,-,80.12,38.14363407,2018,Sep,7
2018/09/07,UTTAR PRADESH,CHANDAULI,8.02,-,63.8,39.96123339,2018,Sep,7
2018/09/07,UTTAR PRADESH,AMBEDKAR NAGAR,11.03,-,75.71,40.13798295,2018,Sep,7
2018/09/07,UTTAR PRADESH,BUDAUN,12.27,-,88.11,39.58511406,2018,Sep,7
2018/09/07,UTTAR PRADESH,BALRAMPUR,12.76,-,83.76,37.40916989,2018,Sep,7
2018/09/07,UTTAR PRADESH,BASTI,13.79,-,86.78,38.88071161,2018,Sep,7
2018/09/07,UTTAR PRADESH,RAMPUR,13.79,-,88.29,39.2601465,2018,Sep,7
2018/09/07,UTTAR PRADESH,MIRZAPUR,6.88,-,58.42,42.43239202,2018,Sep,7
2018/09/07,UTTAR PRADESH,JYOTIBA PHULE NAGAR,12.22,-,88.56,40.00320914,2018,Sep,7
2018/09/07,UTTAR PRADESH,LALITPUR,8.65,-,62.14,41.73276106,2018,Sep,7
2018/09/07,UTTAR PRADESH,MAHAMAYA NAGAR,8.78,-,56.86,35.63946971,2018,Sep,7
2018/09/07,UTTAR PRADESH,MATHURA,8.85,-,57.15,35.60398318,2018,Sep,7
2018/09/07,UTTAR PRADESH,MAHOBA,4.26,-,38.76,42.9577265,2018,Sep,7
2018/09/07,UTTAR PRADESH,CHITRAKOOT,7.35,-,66.02,41.99603394,2018,Sep,7
2018/09/07,UTTAR PRADESH,SAHARANPUR,14.01,-,96.5,42.18370149,2018,Sep,7
2018/09/07,UTTAR PRADESH,KANNAUJ,12.83,-,87.68,39.18629724,2018,Sep,7
2018/09/07,UTTAR PRADESH,SANT KABIR NAGAR,12.9,-,89.43,40.06705435,2018,Sep,7
2018/09/07,UTTAR PRADESH,SONBHADRA,7.44,-,51.07,42.73054256,2018,Sep,7
2018/09/07,UTTAR PRADESH,FATEHPUR,13.1,-,89.9,40.72818338,2018,Sep,7
2018/09/07,UTTAR PRADESH,BARA BANKI,13.53,-,87.73,42.25198009,2018,Sep,7
2018/09/07,UTTAR PRADESH,AZAMGARH,13.08,-,86.52,39.82481703,2018,Sep,7
2018/09/07,UTTAR PRADESH,BAGHPAT,12.53,-,82.79,36.67711883,2018,Sep,7
2018/09/07,UTTAR PRADESH,ALIGARH,8.43,-,54.53,35.15971123,2018,Sep,7
2018/09/07,UTTAR PRADESH,HARDOI,12.71,-,85.08,39.80346504,2018,Sep,7
2018/09/07,UTTAR PRADESH,RAE BARELI,12.23,-,88.11,42.75519785,2018,Sep,7
2018/09/07,UTTAR PRADESH,GHAZIPUR,11.03,-,79.9,36.75449848,2018,Sep,7
2018/09/07,UTTAR PRADESH,KAUSHAMBI,13.7,-,93.95,41.63105846,2018,Sep,7
2018/09/07,UTTAR PRADESH,BULANDSHAHR,14.25,-,90.01,41.25978362,2018,Sep,7
2018/09/07,UTTAR PRADESH,DEORIA,12.5,-,83.0,38.86048572,2018,Sep,7
2018/09/07,UTTAR PRADESH,BAHRAICH,11.32,-,85.15,40.31187934,2018,Sep,7
2018/09/07,UTTAR PRADESH,GORAKHPUR,13.18,-,87.98,40.13411156,2018,Sep,7
2018/09/07,UTTAR PRADESH,BIJNOR,12.97,-,88.97,40.00907499,2018,Sep,7
2018/09/07,UTTAR PRADESH,BANDA,4.67,-,44.09,42.91396102,2018,Sep,7
2018/09/07,UTTAR PRADESH,MUZAFFARNAGAR,12.78,-,85.13,38.65370255,2018,Sep,7
2018/09/07,UTTAR PRADESH,SANT RAVI DAS NAGAR(BHADOHI),11.09,-,76.63,42.74323042,2018,Sep,7
2018/09/07,UTTAR PRADESH,HAMIRPUR,2.68,-,26.58,43.29467553,2018,Sep,7
2018/09/07,UTTAR PRADESH,PRATAPGARH,9.05,-,66.04,43.36725375,2018,Sep,7
2018/09/07,UTTAR PRADESH,ETAWAH,12.9,-,87.44,40.98467295,2018,Sep,7
2018/09/07,UTTAR PRADESH,MORADABAD,12.42,-,84.45,38.8997386,2018,Sep,7
2018/09/07,UTTAR PRADESH,AGRA,10.0,-,71.55,39.72601383,2018,Sep,7
2018/09/07,UTTAR PRADESH,JAUNPUR,11.46,-,78.14,41.09451586,2018,Sep,7
2018/09/07,UTTAR PRADESH,KANPUR NAGAR,11.85,-,76.08,40.3946321,2018,Sep,7
2018/09/07,UTTAR PRADESH,JHANSI,7.63,-,61.26,43.60232244,2018,Sep,7
2018/09/07,UTTAR PRADESH,SIDDHARTH NAGAR,11.95,-,81.25,39.19076051,2018,Sep,7
2018/09/07,UTTAR PRADESH,MEERUT,14.19,-,90.99,41.05332041,2018,Sep,7
2018/09/07,UTTAR PRADESH,PILIBHIT,12.99,-,84.67,37.04890454,2018,Sep,7
2018/09/07,UTTAR PRADESH,SHAHJAHANPUR,11.3,-,79.3,38.67851073,2018,Sep,7
2018/09/07,UTTAR PRADESH,KANPUR DEHAT,11.17,-,72.25,40.99586058,2018,Sep,7
2018/09/07,UTTAR PRADESH,FIROZABAD,11.98,-,82.02,40.94607701,2018,Sep,7
2018/09/07,UTTAR PRADESH,AYODHYA,10.72,-,76.34,39.70749175,2018,Sep,7
2018/09/07,UTTAR PRADESH,KUSHINAGAR,9.89,-,76.03,37.02140723,2018,Sep,7
2018/09/07,UTTAR PRADESH,JALAUN,2.58,-,24.06,44.7043426,2018,Sep,7
2018/09/07,UTTAR PRADESH,GHAZIABAD,14.17,-,90.53,41.65385737,2018,Sep,7
2018/09/07,UTTAR PRADESH,ETAH,10.98,-,70.02,41.16113918,2018,Sep,7
2018/09/07,UTTAR PRADESH,BALLIA,7.69,-,52.82,35.23622379,2018,Sep,7
2018/09/07,UTTAR PRADESH,UNNAO,13.84,-,93.47,41.08917782,2018,Sep,7
2018/09/07,UTTAR PRADESH,MAU,10.97,-,72.32,36.87488888,2018,Sep,7
2018/09/07,UTTAR PRADESH,SITAPUR,12.86,-,84.35,40.46792853,2018,Sep,7
2018/09/07,UTTAR PRADESH,PRAYAGRAJ,7.77,-,68.62,43.30274074,2018,Sep,7
2018/09/07,UTTAR PRADESH,BAREILLY,12.06,-,79.29,37.27053328,2018,Sep,7
2018/09/07,UTTAR PRADESH,SHRAWASTI,10.43,-,82.78,38.63865599,2018,Sep,7
2018/09/07,UTTAR PRADESH,SULTANPUR,9.1,-,66.02,42.53975335,2018,Sep,7
2018/09/07,UTTAR PRADESH,GONDA,12.49,-,84.22,38.97508687,2018,Sep,7
2018/09/07,UTTAR PRADESH,GAUTAM BUDDHA NAGAR,10.06,-,64.41,37.75973757,2018,Sep,7
2018/09/07,UTTAR PRADESH,KANSIRAM NAGAR,11.56,-,84.76,40.80189168,2018,Sep,7
2018/09/07,UTTAR PRADESH,MAHARAJGANJ,9.12,-,67.17,38.11804741,2018,Sep,7
2018/09/07,UTTAR PRADESH,MAINPURI,12.81,-,83.98,41.12758238,2018,Sep,7
2018/09/07,UTTAR PRADESH,VARANASI,9.01,-,67.38,41.24894357,2018,Sep,7
2018/09/07,UTTAR PRADESH,AURAIYA,10.94,-,74.41,39.45616752,2018,Sep,7
2018/09/06,UTTAR PRADESH,FARRUKHABAD,14.02,-,92.37,41.36139049,2018,Sep,6
2018/09/06,UTTAR PRADESH,LUCKNOW,13.72,-,92.68,42.22218822,2018,Sep,6
2018/09/06,UTTAR PRADESH,KHERI,13.16,-,87.56,40.84792221,2018,Sep,6
2018/09/06,UTTAR PRADESH,CHANDAULI,8.54,-,68.16,41.74240621,2018,Sep,6
2018/09/06,UTTAR PRADESH,AMBEDKAR NAGAR,11.78,-,80.79,41.95196259,2018,Sep,6
2018/09/06,UTTAR PRADESH,BUDAUN,13.04,-,93.12,41.66521045,2018,Sep,6
2018/09/06,UTTAR PRADESH,BALRAMPUR,13.65,-,89.42,39.4811074,2018,Sep,6
2018/09/06,UTTAR PRADESH,BASTI,14.68,-,92.41,40.66410609,2018,Sep,6
2018/09/06,UTTAR PRADESH,RAMPUR,14.36,-,91.95,40.60784595,2018,Sep,6
2018/09/06,UTTAR PRADESH,MIRZAPUR,6.84,-,58.13,42.45682035,2018,Sep,6
2018/09/06,UTTAR PRADESH,JYOTIBA PHULE NAGAR,12.15,-,88.09,39.41523277,2018,Sep,6
2018/09/06,UTTAR PRADESH,LALITPUR,8.63,-,61.96,41.56933574,2018,Sep,6
2018/09/06,UTTAR PRADESH,MAHAMAYA NAGAR,9.73,-,62.81,38.11982488,2018,Sep,6
2018/09/06,UTTAR PRADESH,MATHURA,9.89,-,63.8,38.00249913,2018,Sep,6
2018/09/06,UTTAR PRADESH,MAHOBA,4.27,-,38.8,43.01367635,2018,Sep,6
2018/09/06,UTTAR PRADESH,CHITRAKOOT,7.42,-,66.82,42.36536769,2018,Sep,6
2018/09/06,UTTAR PRADESH,SAHARANPUR,13.69,-,94.45,41.36411284,2018,Sep,6
2018/09/06,UTTAR PRADESH,KANNAUJ,13.66,-,93.31,41.46221708,2018,Sep,6
2018/09/06,UTTAR PRADESH,SANT KABIR NAGAR,13.22,-,92.23,40.71238391,2018,Sep,6
2018/09/06,UTTAR PRADESH,SONBHADRA,7.59,-,52.12,43.34350223,2018,Sep,6
2018/09/06,UTTAR PRADESH,FATEHPUR,13.57,-,92.84,42.03917363,2018,Sep,6
2018/09/06,UTTAR PRADESH,BARA BANKI,13.8,-,89.44,42.91818349,2018,Sep,6
2018/09/06,UTTAR PRADESH,AZAMGARH,14.06,-,93.04,41.87599439,2018,Sep,6
2018/09/06,UTTAR PRADESH,BAGHPAT,12.08,-,80.0,36.14165726,2018,Sep,6
2018/09/06,UTTAR PRADESH,ALIGARH,8.73,-,56.31,36.29053574,2018,Sep,6
2018/09/06,UTTAR PRADESH,HARDOI,13.66,-,91.35,41.87133493,2018,Sep,6
2018/09/06,UTTAR PRADESH,RAE BARELI,12.2,-,87.95,42.76592224,2018,Sep,6
2018/09/06,UTTAR PRADESH,GHAZIPUR,11.76,-,84.99,38.93167004,2018,Sep,6
2018/09/06,UTTAR PRADESH,KAUSHAMBI,13.84,-,94.84,42.01790649,2018,Sep,6
2018/09/06,UTTAR PRADESH,BULANDSHAHR,14.18,-,89.59,41.14495746,2018,Sep,6
2018/09/06,UTTAR PRADESH,DEORIA,13.08,-,86.82,40.56251642,2018,Sep,6
2018/09/06,UTTAR PRADESH,BAHRAICH,11.75,-,88.21,41.94665921,2018,Sep,6
2018/09/06,UTTAR PRADESH,GORAKHPUR,13.91,-,92.84,41.79744364,2018,Sep,6
2018/09/06,UTTAR PRADESH,BIJNOR,12.66,-,87.07,39.08673428,2018,Sep,6
2018/09/06,UTTAR PRADESH,BANDA,4.78,-,45.26,43.31383378,2018,Sep,6
2018/09/06,UTTAR PRADESH,MUZAFFARNAGAR,11.9,-,79.51,36.65553315,2018,Sep,6
2018/09/06,UTTAR PRADESH,SANT RAVI DAS NAGAR(BHADOHI),11.06,-,76.38,42.59652021,2018,Sep,6
2018/09/06,UTTAR PRADESH,HAMIRPUR,2.68,-,26.61,43.66967878,2018,Sep,6
2018/09/06,UTTAR PRADESH,PRATAPGARH,8.99,-,65.65,43.16449531,2018,Sep,6
2018/09/06,UTTAR PRADESH,ETAWAH,13.43,-,91.18,42.13132839,2018,Sep,6
2018/09/06,UTTAR PRADESH,MORADABAD,12.76,-,86.66,39.93820043,2018,Sep,6
2018/09/06,UTTAR PRADESH,AGRA,10.85,-,77.98,41.69352836,2018,Sep,6
2018/09/06,UTTAR PRADESH,JAUNPUR,11.8,-,80.37,41.79523589,2018,Sep,6
2018/09/06,UTTAR PRADESH,KANPUR NAGAR,12.68,-,81.39,42.30423909,2018,Sep,6
2018/09/06,UTTAR PRADESH,JHANSI,7.62,-,61.22,43.66432447,2018,Sep,6
2018/09/06,UTTAR PRADESH,SIDDHARTH NAGAR,12.32,-,83.8,40.13919814,2018,Sep,6
2018/09/06,UTTAR PRADESH,MEERUT,13.78,-,88.35,40.16444121,2018,Sep,6
2018/09/06,UTTAR PRADESH,PILIBHIT,14.22,-,92.39,40.05125544,2018,Sep,6
2018/09/06,UTTAR PRADESH,SHAHJAHANPUR,12.44,-,87.09,41.6170279,2018,Sep,6
2018/09/06,UTTAR PRADESH,KANPUR DEHAT,11.84,-,76.62,42.43318752,2018,Sep,6
2018/09/06,UTTAR PRADESH,FIROZABAD,12.5,-,85.95,42.04631213,2018,Sep,6
2018/09/06,UTTAR PRADESH,AYODHYA,11.4,-,81.26,41.34646494,2018,Sep,6
2018/09/06,UTTAR PRADESH,KUSHINAGAR,10.53,-,81.11,39.11847146,2018,Sep,6
2018/09/06,UTTAR PRADESH,JALAUN,2.62,-,24.36,45.13376298,2018,Sep,6
2018/09/06,UTTAR PRADESH,GHAZIABAD,13.84,-,88.43,40.94527671,2018,Sep,6
2018/09/06,UTTAR PRADESH,ETAH,11.59,-,73.82,42.705455,2018,Sep,6
2018/09/06,UTTAR PRADESH,BALLIA,8.74,-,60.43,37.34517059,2018,Sep,6
2018/09/06,UTTAR PRADESH,UNNAO,14.27,-,96.32,42.30577933,2018,Sep,6
2018/09/06,UTTAR PRADESH,MAU,12.01,-,79.29,38.98589732,2018,Sep,6
2018/09/06,UTTAR PRADESH,SITAPUR,13.62,-,89.3,42.15054428,2018,Sep,6
2018/09/06,UTTAR PRADESH,PRAYAGRAJ,7.65,-,67.56,42.93973112,2018,Sep,6
2018/09/06,UTTAR PRADESH,BAREILLY,13.12,-,86.62,39.47435487,2018,Sep,6
2018/09/06,UTTAR PRADESH,SHRAWASTI,10.99,-,86.74,41.12499534,2018,Sep,6
2018/09/06,UTTAR PRADESH,SULTANPUR,9.25,-,67.1,42.69127353,2018,Sep,6
2018/09/06,UTTAR PRADESH,GONDA,13.37,-,90.24,41.03941102,2018,Sep,6
2018/09/06,UTTAR PRADESH,GAUTAM BUDDHA NAGAR,9.05,-,57.63,36.7033293,2018,Sep,6
2018/09/06,UTTAR PRADESH,KANSIRAM NAGAR,12.01,-,87.61,42.59089841,2018,Sep,6
2018/09/06,UTTAR PRADESH,MAHARAJGANJ,9.96,-,73.33,40.47475377,2018,Sep,6
2018/09/06,UTTAR PRADESH,MAINPURI,13.43,-,88.08,42.46542264,2018,Sep,6
2018/09/06,UTTAR PRADESH,VARANASI,9.33,-,69.52,42.76307871,2018,Sep,6
2018/09/06,UTTAR PRADESH,AURAIYA,11.92,-,81.13,41.5491891,2018,Sep,6
2018/09/05,UTTAR PRADESH,FARRUKHABAD,14.43,-,94.93,42.35041346,2018,Sep,5
2018/09/05,UTTAR PRADESH,LUCKNOW,13.81,-,93.26,42.43770123,2018,Sep,5
2018/09/05,UTTAR PRADESH,KHERI,13.51,-,89.86,41.64939787,2018,Sep,5
2018/09/05,UTTAR PRADESH,CHANDAULI,8.69,-,69.46,42.32887971,2018,Sep,5
2018/09/05,UTTAR PRADESH,AMBEDKAR NAGAR,11.54,-,79.34,41.57923279,2018,Sep,5
2018/09/05,UTTAR PRADESH,BUDAUN,13.01,-,92.98,41.68961332,2018,Sep,5
2018/09/05,UTTAR PRADESH,BALRAMPUR,13.56,-,88.82,39.16256673,2018,Sep,5
2018/09/05,UTTAR PRADESH,BASTI,14.29,-,89.95,39.84449906,2018,Sep,5
2018/09/05,UTTAR PRADESH,RAMPUR,14.04,-,90.01,39.70504484,2018,Sep,5
2018/09/05,UTTAR PRADESH,MIRZAPUR,6.79,-,57.69,42.29432362,2018,Sep,5
2018/09/05,UTTAR PRADESH,JYOTIBA PHULE NAGAR,12.43,-,89.93,40.34495446,2018,Sep,5
2018/09/05,UTTAR PRADESH,LALITPUR,8.66,-,62.24,41.92268849,2018,Sep,5
2018/09/05,UTTAR PRADESH,MAHAMAYA NAGAR,7.29,-,47.06,34.89216463,2018,Sep,5
2018/09/05,UTTAR PRADESH,MATHURA,8.46,-,54.86,35.47460201,2018,Sep,5
2018/09/05,UTTAR PRADESH,MAHOBA,4.31,-,39.22,43.24212545,2018,Sep,5
2018/09/05,UTTAR PRADESH,CHITRAKOOT,7.45,-,67.23,42.43827674,2018,Sep,5
2018/09/05,UTTAR PRADESH,SAHARANPUR,13.7,-,94.47,41.45934968,2018,Sep,5
2018/09/05,UTTAR PRADESH,KANNAUJ,14.1,-,96.14,42.62867214,2018,Sep,5
2018/09/05,UTTAR PRADESH,SANT KABIR NAGAR,12.99,-,90.68,40.22882002,2018,Sep,5
2018/09/05,UTTAR PRADESH,SONBHADRA,7.58,-,52.04,43.22637195,2018,Sep,5
2018/09/05,UTTAR PRADESH,FATEHPUR,13.6,-,93.01,42.13980695,2018,Sep,5
2018/09/05,UTTAR PRADESH,BARA BANKI,13.82,-,89.56,42.97057326,2018,Sep,5
2018/09/05,UTTAR PRADESH,AZAMGARH,13.42,-,88.84,40.48809946,2018,Sep,5
2018/09/05,UTTAR PRADESH,BAGHPAT,10.15,-,67.98,32.46465022,2018,Sep,5
2018/09/05,UTTAR PRADESH,ALIGARH,7.4,-,47.91,34.66254895,2018,Sep,5
2018/09/05,UTTAR PRADESH,HARDOI,13.93,-,93.14,42.59287828,2018,Sep,5
2018/09/05,UTTAR PRADESH,RAE BARELI,12.22,-,88.06,42.82496038,2018,Sep,5
2018/09/05,UTTAR PRADESH,GHAZIPUR,12.29,-,88.71,40.53388968,2018,Sep,5
2018/09/05,UTTAR PRADESH,KAUSHAMBI,13.84,-,94.89,42.06197744,2018,Sep,5
2018/09/05,UTTAR PRADESH,BULANDSHAHR,14.05,-,88.74,40.93145284,2018,Sep,5
2018/09/05,UTTAR PRADESH,DEORIA,12.81,-,85.16,40.02664643,2018,Sep,5
2018/09/05,UTTAR PRADESH,BAHRAICH,11.94,-,89.58,42.48795732,2018,Sep,5
2018/09/05,UTTAR PRADESH,GORAKHPUR,13.42,-,89.75,40.77078739,2018,Sep,5
2018/09/05,UTTAR PRADESH,BIJNOR,12.71,-,87.3,38.9735762,2018,Sep,5
2018/09/05,UTTAR PRADESH,BANDA,4.81,-,45.57,43.46688951,2018,Sep,5
2018/09/05,UTTAR PRADESH,MUZAFFARNAGAR,11.39,-,76.24,35.48880736,2018,Sep,5
2018/09/05,UTTAR PRADESH,SANT RAVI DAS NAGAR(BHADOHI),11.04,-,76.26,42.56649827,2018,Sep,5
2018/09/05,UTTAR PRADESH,HAMIRPUR,2.68,-,26.64,43.80789585,2018,Sep,5
2018/09/05,UTTAR PRADESH,PRATAPGARH,8.99,-,65.59,43.24278667,2018,Sep,5
2018/09/05,UTTAR PRADESH,ETAWAH,13.5,-,91.62,42.29096242,2018,Sep,5
2018/09/05,UTTAR PRADESH,MORADABAD,12.91,-,87.55,40.04899945,2018,Sep,5
2018/09/05,UTTAR PRADESH,AGRA,10.53,-,75.72,41.21549662,2018,Sep,5
2018/09/05,UTTAR PRADESH,JAUNPUR,12.04,-,81.98,42.32139425,2018,Sep,5
2018/09/05,UTTAR PRADESH,KANPUR NAGAR,12.76,-,81.9,42.52543935,2018,Sep,5
2018/09/05,UTTAR PRADESH,JHANSI,7.64,-,61.4,43.96930053,2018,Sep,5
2018/09/05,UTTAR PRADESH,SIDDHARTH NAGAR,12.3,-,83.66,40.12235428,2018,Sep,5
2018/09/05,UTTAR PRADESH,MEERUT,13.26,-,85.1,39.28633606,2018,Sep,5
2018/09/05,UTTAR PRADESH,PILIBHIT,14.68,-,95.3,41.25604595,2018,Sep,5
2018/09/05,UTTAR PRADESH,SHAHJAHANPUR,12.85,-,89.91,42.77608824,2018,Sep,5
2018/09/05,UTTAR PRADESH,KANPUR DEHAT,11.98,-,77.55,42.75586106,2018,Sep,5
2018/09/05,UTTAR PRADESH,FIROZABAD,12.42,-,85.42,41.93225276,2018,Sep,5
2018/09/05,UTTAR PRADESH,AYODHYA,11.2,-,79.9,40.88628697,2018,Sep,5
2018/09/05,UTTAR PRADESH,KUSHINAGAR,11.1,-,85.75,41.03302584,2018,Sep,5
2018/09/05,UTTAR PRADESH,JALAUN,2.62,-,24.39,45.30930853,2018,Sep,5
2018/09/05,UTTAR PRADESH,GHAZIABAD,13.4,-,85.64,40.18280075,2018,Sep,5
2018/09/05,UTTAR PRADESH,ETAH,11.29,-,71.64,42.20797033,2018,Sep,5
2018/09/05,UTTAR PRADESH,BALLIA,9.49,-,65.91,38.84757483,2018,Sep,5
2018/09/05,UTTAR PRADESH,UNNAO,14.33,-,96.69,42.46496533,2018,Sep,5
2018/09/05,UTTAR PRADESH,MAU,12.02,-,79.47,38.98853329,2018,Sep,5
2018/09/05,UTTAR PRADESH,SITAPUR,13.69,-,89.75,42.31573527,2018,Sep,5
2018/09/05,UTTAR PRADESH,PRAYAGRAJ,7.56,-,66.78,42.63126581,2018,Sep,5
2018/09/05,UTTAR PRADESH,BAREILLY,13.73,-,90.69,40.73046385,2018,Sep,5
2018/09/05,UTTAR PRADESH,SHRAWASTI,11.16,-,87.95,41.74820929,2018,Sep,5
2018/09/05,UTTAR PRADESH,SULTANPUR,9.5,-,68.76,43.43444176,2018,Sep,5
2018/09/05,UTTAR PRADESH,GONDA,13.13,-,88.72,40.47685569,2018,Sep,5
2018/09/05,UTTAR PRADESH,GAUTAM BUDDHA NAGAR,8.52,-,54.16,34.91610065,2018,Sep,5
2018/09/05,UTTAR PRADESH,KANSIRAM NAGAR,11.95,-,87.0,42.70529453,2018,Sep,5
2018/09/05,UTTAR PRADESH,MAHARAJGANJ,10.04,-,74.0,40.71559837,2018,Sep,5
2018/09/05,UTTAR PRADESH,MAINPURI,13.48,-,88.42,42.58846372,2018,Sep,5
2018/09/05,UTTAR PRADESH,VARANASI,9.42,-,70.11,43.2493505,2018,Sep,5
2018/09/05,UTTAR PRADESH,AURAIYA,12.32,-,83.9,42.40890943,2018,Sep,5
2018/09/04,UTTAR PRADESH,FARRUKHABAD,14.43,-,94.92,42.34772661,2018,Sep,4
2018/09/04,UTTAR PRADESH,LUCKNOW,13.79,-,93.12,42.39489279,2018,Sep,4
2018/09/04,UTTAR PRADESH,KHERI,12.92,-,85.99,40.36166023,2018,Sep,4
2018/09/04,UTTAR PRADESH,CHANDAULI,8.69,-,69.49,42.24296464,2018,Sep,4
2018/09/04,UTTAR PRADESH,AMBEDKAR NAGAR,12.14,-,83.44,42.96757947,2018,Sep,4
2018/09/04,UTTAR PRADESH,BUDAUN,13.18,-,94.04,42.11235196,2018,Sep,4
2018/09/04,UTTAR PRADESH,BALRAMPUR,14.82,-,96.87,42.07386733,2018,Sep,4
2018/09/04,UTTAR PRADESH,BASTI,15.6,-,98.22,42.65290841,2018,Sep,4
2018/09/04,UTTAR PRADESH,RAMPUR,14.63,-,93.7,40.99722737,2018,Sep,4
2018/09/04,UTTAR PRADESH,MIRZAPUR,6.56,-,55.63,41.62852956,2018,Sep,4
2018/09/04,UTTAR PRADESH,JYOTIBA PHULE NAGAR,12.93,-,93.15,41.57397807,2018,Sep,4
2018/09/04,UTTAR PRADESH,LALITPUR,8.53,-,61.15,40.96738937,2018,Sep,4
2018/09/04,UTTAR PRADESH,MAHAMAYA NAGAR,7.22,-,46.54,34.7396617,2018,Sep,4
2018/09/04,UTTAR PRADESH,MATHURA,8.67,-,56.13,35.91577763,2018,Sep,4
2018/09/04,UTTAR PRADESH,MAHOBA,4.23,-,38.36,42.83257712,2018,Sep,4
2018/09/04,UTTAR PRADESH,CHITRAKOOT,7.37,-,66.5,42.2200689,2018,Sep,4
2018/09/04,UTTAR PRADESH,SAHARANPUR,13.9,-,95.76,41.93762217,2018,Sep,4
2018/09/04,UTTAR PRADESH,KANNAUJ,14.08,-,96.02,42.57708874,2018,Sep,4
2018/09/04,UTTAR PRADESH,SANT KABIR NAGAR,14.12,-,98.76,42.65490238,2018,Sep,4
2018/09/04,UTTAR PRADESH,SONBHADRA,7.35,-,50.52,42.31645391,2018,Sep,4
2018/09/04,UTTAR PRADESH,FATEHPUR,13.48,-,92.3,41.79271792,2018,Sep,4
2018/09/04,UTTAR PRADESH,BARA BANKI,13.84,-,89.72,43.04509756,2018,Sep,4
2018/09/04,UTTAR PRADESH,AZAMGARH,14.0,-,92.68,41.6950854,2018,Sep,4
2018/09/04,UTTAR PRADESH,BAGHPAT,10.32,-,68.93,32.66795251,2018,Sep,4
2018/09/04,UTTAR PRADESH,ALIGARH,7.38,-,47.66,34.31926635,2018,Sep,4
2018/09/04,UTTAR PRADESH,HARDOI,13.7,-,91.63,42.10521456,2018,Sep,4
2018/09/04,UTTAR PRADESH,RAE BARELI,12.24,-,88.2,42.8515063,2018,Sep,4
2018/09/04,UTTAR PRADESH,GHAZIPUR,12.36,-,89.21,40.54042509,2018,Sep,4
2018/09/04,UTTAR PRADESH,KAUSHAMBI,13.85,-,94.92,42.08983872,2018,Sep,4
2018/09/04,UTTAR PRADESH,BULANDSHAHR,14.08,-,88.98,40.99723808,2018,Sep,4
2018/09/04,UTTAR PRADESH,DEORIA,13.48,-,89.45,41.99253482,2018,Sep,4
2018/09/04,UTTAR PRADESH,BAHRAICH,11.93,-,89.57,42.2643773,2018,Sep,4
2018/09/04,UTTAR PRADESH,GORAKHPUR,14.09,-,94.31,42.26013708,2018,Sep,4
2018/09/04,UTTAR PRADESH,BIJNOR,13.48,-,92.4,41.20206691,2018,Sep,4
2018/09/04,UTTAR PRADESH,BANDA,4.78,-,45.23,43.33097275,2018,Sep,4
2018/09/04,UTTAR PRADESH,MUZAFFARNAGAR,11.71,-,78.28,36.26863865,2018,Sep,4
2018/09/04,UTTAR PRADESH,SANT RAVI DAS NAGAR(BHADOHI),11.06,-,76.4,42.57890932,2018,Sep,4
2018/09/04,UTTAR PRADESH,HAMIRPUR,2.58,-,25.5,43.46513691,2018,Sep,4
2018/09/04,UTTAR PRADESH,PRATAPGARH,9.03,-,65.87,43.37423061,2018,Sep,4
2018/09/04,UTTAR PRADESH,ETAWAH,13.44,-,91.21,42.16751599,2018,Sep,4
2018/09/04,UTTAR PRADESH,MORADABAD,13.38,-,90.57,41.38051288,2018,Sep,4
2018/09/04,UTTAR PRADESH,AGRA,10.5,-,75.52,41.25201929,2018,Sep,4
2018/09/04,UTTAR PRADESH,JAUNPUR,12.14,-,82.64,42.54584381,2018,Sep,4
2018/09/04,UTTAR PRADESH,KANPUR NAGAR,12.42,-,79.73,41.74323808,2018,Sep,4
2018/09/04,UTTAR PRADESH,JHANSI,7.54,-,60.47,43.01790975,2018,Sep,4
2018/09/04,UTTAR PRADESH,SIDDHARTH NAGAR,13.52,-,92.16,42.98526385,2018,Sep,4
2018/09/04,UTTAR PRADESH,MEERUT,13.32,-,85.45,39.52872333,2018,Sep,4
2018/09/04,UTTAR PRADESH,PILIBHIT,14.36,-,93.29,40.55595087,2018,Sep,4
2018/09/04,UTTAR PRADESH,SHAHJAHANPUR,12.09,-,84.94,40.92035038,2018,Sep,4
2018/09/04,UTTAR PRADESH,KANPUR DEHAT,11.84,-,76.56,42.36660728,2018,Sep,4
2018/09/04,UTTAR PRADESH,FIROZABAD,12.34,-,84.84,41.76406645,2018,Sep,4
2018/09/04,UTTAR PRADESH,AYODHYA,12.09,-,86.32,43.10638882,2018,Sep,4
2018/09/04,UTTAR PRADESH,KUSHINAGAR,11.95,-,92.44,43.88767213,2018,Sep,4
2018/09/04,UTTAR PRADESH,JALAUN,2.51,-,23.13,44.37717192,2018,Sep,4
2018/09/04,UTTAR PRADESH,GHAZIABAD,13.56,-,86.63,40.5616773,2018,Sep,4
2018/09/04,UTTAR PRADESH,ETAH,11.1,-,70.31,41.70674339,2018,Sep,4
2018/09/04,UTTAR PRADESH,BALLIA,10.45,-,72.85,40.75193712,2018,Sep,4
2018/09/04,UTTAR PRADESH,UNNAO,14.19,-,95.79,41.97091178,2018,Sep,4
2018/09/04,UTTAR PRADESH,MAU,12.88,-,85.12,40.73451129,2018,Sep,4
2018/09/04,UTTAR PRADESH,SITAPUR,13.35,-,87.5,41.59262004,2018,Sep,4
2018/09/04,UTTAR PRADESH,PRAYAGRAJ,7.5,-,66.16,42.50091338,2018,Sep,4
2018/09/04,UTTAR PRADESH,BAREILLY,14.18,-,93.58,41.62282334,2018,Sep,4
2018/09/04,UTTAR PRADESH,SHRAWASTI,11.58,-,90.81,43.61584572,2018,Sep,4
2018/09/04,UTTAR PRADESH,SULTANPUR,9.71,-,70.2,44.05662541,2018,Sep,4
2018/09/04,UTTAR PRADESH,GONDA,14.08,-,95.13,42.80071427,2018,Sep,4
2018/09/04,UTTAR PRADESH,GAUTAM BUDDHA NAGAR,8.87,-,56.5,35.97532029,2018,Sep,4
2018/09/04,UTTAR PRADESH,KANSIRAM NAGAR,11.86,-,86.22,42.48349156,2018,Sep,4
2018/09/04,UTTAR PRADESH,MAHARAJGANJ,11.11,-,82.12,43.52656431,2018,Sep,4
2018/09/04,UTTAR PRADESH,MAINPURI,13.48,-,88.46,42.60899115,2018,Sep,4
2018/09/04,UTTAR PRADESH,VARANASI,9.45,-,70.31,43.32581016,2018,Sep,4
2018/09/04,UTTAR PRADESH,AURAIYA,12.27,-,83.43,42.26451677,2018,Sep,4
2018/09/03,UTTAR PRADESH,FARRUKHABAD,14.39,-,94.64,42.22145482,2018,Sep,3
2018/09/03,UTTAR PRADESH,LUCKNOW,13.7,-,92.46,42.15374842,2018,Sep,3
2018/09/03,UTTAR PRADESH,KHERI,12.25,-,81.63,38.81958568,2018,Sep,3
2018/09/03,UTTAR PRADESH,CHANDAULI,8.84,-,70.79,42.89189211,2018,Sep,3
2018/09/03,UTTAR PRADESH,AMBEDKAR NAGAR,12.28,-,84.4,43.30997278,2018,Sep,3
2018/09/03,UTTAR PRADESH,BUDAUN,13.24,-,94.45,42.29254028,2018,Sep,3
2018/09/03,UTTAR PRADESH,BALRAMPUR,14.78,-,96.66,41.99099867,2018,Sep,3
2018/09/03,UTTAR PRADESH,BASTI,15.6,-,98.21,42.65336377,2018,Sep,3
2018/09/03,UTTAR PRADESH,RAMPUR,15.27,-,97.79,42.57116639,2018,Sep,3
2018/09/03,UTTAR PRADESH,MIRZAPUR,6.85,-,58.21,42.53778016,2018,Sep,3
2018/09/03,UTTAR PRADESH,JYOTIBA PHULE NAGAR,13.18,-,94.71,42.24427811,2018,Sep,3
2018/09/03,UTTAR PRADESH,LALITPUR,8.4,-,59.95,39.95531679,2018,Sep,3
2018/09/03,UTTAR PRADESH,MAHAMAYA NAGAR,7.39,-,47.46,35.56815177,2018,Sep,3
2018/09/03,UTTAR PRADESH,MATHURA,9.06,-,58.46,36.84302186,2018,Sep,3
2018/09/03,UTTAR PRADESH,MAHOBA,3.88,-,34.63,41.52298113,2018,Sep,3
2018/09/03,UTTAR PRADESH,CHITRAKOOT,7.41,-,66.77,42.37122036,2018,Sep,3
2018/09/03,UTTAR PRADESH,SAHARANPUR,13.81,-,95.15,41.6793634,2018,Sep,3
2018/09/03,UTTAR PRADESH,KANNAUJ,14.01,-,95.5,42.38819325,2018,Sep,3
2018/09/03,UTTAR PRADESH,SANT KABIR NAGAR,14.17,-,99.07,42.75501925,2018,Sep,3
2018/09/03,UTTAR PRADESH,SONBHADRA,7.68,-,52.71,43.72065153,2018,Sep,3
2018/09/03,UTTAR PRADESH,FATEHPUR,13.32,-,91.16,41.32998889,2018,Sep,3
2018/09/03,UTTAR PRADESH,BARA BANKI,13.81,-,89.5,42.94305446,2018,Sep,3
2018/09/03,UTTAR PRADESH,AZAMGARH,14.44,-,95.59,42.67038586,2018,Sep,3
2018/09/03,UTTAR PRADESH,BAGHPAT,12.12,-,80.18,36.28382326,2018,Sep,3
2018/09/03,UTTAR PRADESH,ALIGARH,7.51,-,48.49,35.29957553,2018,Sep,3
2018/09/03,UTTAR PRADESH,HARDOI,13.67,-,91.39,42.01777784,2018,Sep,3
2018/09/03,UTTAR PRADESH,RAE BARELI,12.19,-,87.9,42.69451977,2018,Sep,3
2018/09/03,UTTAR PRADESH,GHAZIPUR,12.99,-,93.58,42.65603379,2018,Sep,3
2018/09/03,UTTAR PRADESH,KAUSHAMBI,13.82,-,94.71,41.93955078,2018,Sep,3
2018/09/03,UTTAR PRADESH,BULANDSHAHR,14.07,-,88.88,41.0836216,2018,Sep,3
2018/09/03,UTTAR PRADESH,DEORIA,14.1,-,93.44,43.79595727,2018,Sep,3
2018/09/03,UTTAR PRADESH,BAHRAICH,11.91,-,89.45,42.17002143,2018,Sep,3
2018/09/03,UTTAR PRADESH,GORAKHPUR,14.36,-,96.02,42.86231338,2018,Sep,3
2018/09/03,UTTAR PRADESH,BIJNOR,13.87,-,95.18,42.29759629,2018,Sep,3
2018/09/03,UTTAR PRADESH,BANDA,4.52,-,42.46,41.49899346,2018,Sep,3
2018/09/03,UTTAR PRADESH,MUZAFFARNAGAR,12.43,-,82.77,37.82849117,2018,Sep,3
2018/09/03,UTTAR PRADESH,SANT RAVI DAS NAGAR(BHADOHI),11.06,-,76.4,42.62302839,2018,Sep,3
2018/09/03,UTTAR PRADESH,HAMIRPUR,1.87,-,18.01,39.46094316,2018,Sep,3
2018/09/03,UTTAR PRADESH,PRATAPGARH,8.95,-,65.27,43.13902184,2018,Sep,3
2018/09/03,UTTAR PRADESH,ETAWAH,12.66,-,85.67,40.54144814,2018,Sep,3
2018/09/03,UTTAR PRADESH,MORADABAD,13.76,-,93.19,42.57084687,2018,Sep,3
2018/09/03,UTTAR PRADESH,AGRA,10.38,-,74.64,41.12677234,2018,Sep,3
2018/09/03,UTTAR PRADESH,JAUNPUR,12.13,-,82.58,42.53135855,2018,Sep,3
2018/09/03,UTTAR PRADESH,KANPUR NAGAR,11.65,-,74.71,39.71919465,2018,Sep,3
2018/09/03,UTTAR PRADESH,JHANSI,7.48,-,59.96,42.36076543,2018,Sep,3
2018/09/03,UTTAR PRADESH,SIDDHARTH NAGAR,13.52,-,92.16,42.98974456,2018,Sep,3
2018/09/03,UTTAR PRADESH,MEERUT,13.8,-,88.43,40.72952398,2018,Sep,3
2018/09/03,UTTAR PRADESH,PILIBHIT,14.42,-,93.68,40.67519699,2018,Sep,3
2018/09/03,UTTAR PRADESH,SHAHJAHANPUR,11.95,-,83.94,40.53139185,2018,Sep,3
2018/09/03,UTTAR PRADESH,KANPUR DEHAT,10.52,-,67.92,39.29759789,2018,Sep,3
2018/09/03,UTTAR PRADESH,FIROZABAD,12.13,-,83.34,41.3612812,2018,Sep,3
2018/09/03,UTTAR PRADESH,AYODHYA,12.07,-,86.18,43.05375422,2018,Sep,3
2018/09/03,UTTAR PRADESH,KUSHINAGAR,12.0,-,92.74,44.0279343,2018,Sep,3
2018/09/03,UTTAR PRADESH,JALAUN,2.34,-,21.32,41.66300246,2018,Sep,3
2018/09/03,UTTAR PRADESH,GHAZIABAD,13.79,-,88.12,41.24030293,2018,Sep,3
2018/09/03,UTTAR PRADESH,ETAH,10.81,-,68.41,41.0500841,2018,Sep,3
2018/09/03,UTTAR PRADESH,BALLIA,11.15,-,77.65,42.29887352,2018,Sep,3
2018/09/03,UTTAR PRADESH,UNNAO,14.09,-,95.1,41.66098788,2018,Sep,3
2018/09/03,UTTAR PRADESH,MAU,13.79,-,91.2,42.68838742,2018,Sep,3
2018/09/03,UTTAR PRADESH,SITAPUR,13.34,-,87.47,41.54874198,2018,Sep,3
2018/09/03,UTTAR PRADESH,PRAYAGRAJ,7.7,-,68.02,43.10247133,2018,Sep,3
2018/09/03,UTTAR PRADESH,BAREILLY,14.56,-,96.05,42.4362787,2018,Sep,3
2018/09/03,UTTAR PRADESH,SHRAWASTI,11.44,-,89.96,43.33557627,2018,Sep,3
2018/09/03,UTTAR PRADESH,SULTANPUR,9.69,-,70.05,43.99567718,2018,Sep,3
2018/09/03,UTTAR PRADESH,GONDA,14.06,-,94.99,42.74488498,2018,Sep,3
2018/09/03,UTTAR PRADESH,GAUTAM BUDDHA NAGAR,9.05,-,57.66,36.67999988,2018,Sep,3
2018/09/03,UTTAR PRADESH,KANSIRAM NAGAR,11.54,-,84.0,41.6360355,2018,Sep,3
2018/09/03,UTTAR PRADESH,MAHARAJGANJ,11.1,-,82.03,43.51206311,2018,Sep,3
2018/09/03,UTTAR PRADESH,MAINPURI,13.15,-,86.28,41.90901379,2018,Sep,3
2018/09/03,UTTAR PRADESH,VARANASI,9.46,-,70.4,43.38666793,2018,Sep,3
2018/09/03,UTTAR PRADESH,AURAIYA,11.25,-,76.53,40.04164956,2018,Sep,3
2018/09/02,UTTAR PRADESH,FARRUKHABAD,14.29,-,94.01,41.93991616,2018,Sep,2
2018/09/02,UTTAR PRADESH,LUCKNOW,13.72,-,92.66,42.21839278,2018,Sep,2
2018/09/02,UTTAR PRADESH,KHERI,12.99,-,86.41,40.5752724,2018,Sep,2
2018/09/02,UTTAR PRADESH,CHANDAULI,8.83,-,70.73,42.86455708,2018,Sep,2
2018/09/02,UTTAR PRADESH,AMBEDKAR NAGAR,12.27,-,84.35,43.28987796,2018,Sep,2
2018/09/02,UTTAR PRADESH,BUDAUN,12.95,-,92.54,41.27155373,2018,Sep,2
2018/09/02,UTTAR PRADESH,BALRAMPUR,14.81,-,96.8,42.04178593,2018,Sep,2
2018/09/02,UTTAR PRADESH,BASTI,15.58,-,98.15,42.63263357,2018,Sep,2
2018/09/02,UTTAR PRADESH,RAMPUR,15.15,-,97.08,42.28697963,2018,Sep,2
2018/09/02,UTTAR PRADESH,MIRZAPUR,6.85,-,58.21,42.56129702,2018,Sep,2
2018/09/02,UTTAR PRADESH,JYOTIBA PHULE NAGAR,12.9,-,92.87,41.08048869,2018,Sep,2
2018/09/02,UTTAR PRADESH,LALITPUR,8.7,-,62.56,42.05246181,2018,Sep,2
2018/09/02,UTTAR PRADESH,MAHAMAYA NAGAR,6.9,-,44.17,35.66879368,2018,Sep,2
2018/09/02,UTTAR PRADESH,MATHURA,7.11,-,46.37,33.99501786,2018,Sep,2
2018/09/02,UTTAR PRADESH,MAHOBA,3.91,-,34.94,41.57577601,2018,Sep,2
2018/09/02,UTTAR PRADESH,CHITRAKOOT,7.33,-,65.95,42.07354546,2018,Sep,2
2018/09/02,UTTAR PRADESH,SAHARANPUR,13.24,-,91.39,40.04731623,2018,Sep,2
2018/09/02,UTTAR PRADESH,KANNAUJ,13.94,-,95.01,42.22196538,2018,Sep,2
2018/09/02,UTTAR PRADESH,SANT KABIR NAGAR,14.16,-,99.03,42.74118896,2018,Sep,2
2018/09/02,UTTAR PRADESH,SONBHADRA,7.63,-,52.38,43.67969492,2018,Sep,2
2018/09/02,UTTAR PRADESH,FATEHPUR,13.44,-,91.94,41.66351721,2018,Sep,2
2018/09/02,UTTAR PRADESH,BARA BANKI,13.8,-,89.46,42.92727252,2018,Sep,2
2018/09/02,UTTAR PRADESH,AZAMGARH,14.4,-,95.3,42.57607638,2018,Sep,2
2018/09/02,UTTAR PRADESH,BAGHPAT,9.86,-,66.04,33.95350617,2018,Sep,2
2018/09/02,UTTAR PRADESH,ALIGARH,6.82,-,44.1,34.63570777,2018,Sep,2
2018/09/02,UTTAR PRADESH,HARDOI,13.83,-,92.46,42.3385389,2018,Sep,2
2018/09/02,UTTAR PRADESH,RAE BARELI,12.2,-,87.91,42.72122463,2018,Sep,2
2018/09/02,UTTAR PRADESH,GHAZIPUR,12.97,-,93.41,42.57274533,2018,Sep,2
2018/09/02,UTTAR PRADESH,KAUSHAMBI,13.83,-,94.81,42.01450503,2018,Sep,2
2018/09/02,UTTAR PRADESH,BULANDSHAHR,13.7,-,86.53,40.40560841,2018,Sep,2
2018/09/02,UTTAR PRADESH,DEORIA,13.92,-,92.15,43.35146387,2018,Sep,2
2018/09/02,UTTAR PRADESH,BAHRAICH,12.03,-,90.27,42.72488266,2018,Sep,2
2018/09/02,UTTAR PRADESH,GORAKHPUR,14.28,-,95.31,42.66890448,2018,Sep,2
2018/09/02,UTTAR PRADESH,BIJNOR,13.82,-,94.64,42.13149035,2018,Sep,2
2018/09/02,UTTAR PRADESH,BANDA,4.52,-,42.45,41.77097221,2018,Sep,2
2018/09/02,UTTAR PRADESH,MUZAFFARNAGAR,10.97,-,73.52,36.01976227,2018,Sep,2
2018/09/02,UTTAR PRADESH,SANT RAVI DAS NAGAR(BHADOHI),11.06,-,76.39,42.62662806,2018,Sep,2
2018/09/02,UTTAR PRADESH,HAMIRPUR,2.01,-,19.52,40.30836279,2018,Sep,2
2018/09/02,UTTAR PRADESH,PRATAPGARH,8.94,-,65.18,43.14451026,2018,Sep,2
2018/09/02,UTTAR PRADESH,ETAWAH,12.6,-,85.18,40.37874348,2018,Sep,2
2018/09/02,UTTAR PRADESH,MORADABAD,13.41,-,90.87,41.79040801,2018,Sep,2
2018/09/02,UTTAR PRADESH,AGRA,10.25,-,73.63,40.89700321,2018,Sep,2
2018/09/02,UTTAR PRADESH,JAUNPUR,12.02,-,81.85,42.30936113,2018,Sep,2
2018/09/02,UTTAR PRADESH,KANPUR NAGAR,12.12,-,77.73,40.87390899,2018,Sep,2
2018/09/02,UTTAR PRADESH,JHANSI,7.6,-,61.04,43.63600254,2018,Sep,2
2018/09/02,UTTAR PRADESH,SIDDHARTH NAGAR,13.52,-,92.18,42.98381193,2018,Sep,2
2018/09/02,UTTAR PRADESH,MEERUT,12.08,-,77.49,38.42359328,2018,Sep,2
2018/09/02,UTTAR PRADESH,PILIBHIT,14.38,-,93.45,40.47947534,2018,Sep,2
2018/09/02,UTTAR PRADESH,SHAHJAHANPUR,12.27,-,85.97,41.23581676,2018,Sep,2
2018/09/02,UTTAR PRADESH,KANPUR DEHAT,10.78,-,69.62,39.93559767,2018,Sep,2
2018/09/02,UTTAR PRADESH,FIROZABAD,12.06,-,82.73,41.26377712,2018,Sep,2
2018/09/02,UTTAR PRADESH,AYODHYA,12.05,-,86.08,43.02006209,2018,Sep,2
2018/09/02,UTTAR PRADESH,KUSHINAGAR,11.96,-,92.44,43.94583064,2018,Sep,2
2018/09/02,UTTAR PRADESH,JALAUN,2.39,-,21.9,42.54917354,2018,Sep,2
2018/09/02,UTTAR PRADESH,GHAZIABAD,12.72,-,81.25,39.72764279,2018,Sep,2
2018/09/02,UTTAR PRADESH,ETAH,10.76,-,67.98,41.13057147,2018,Sep,2
2018/09/02,UTTAR PRADESH,BALLIA,11.07,-,76.99,42.16507781,2018,Sep,2
2018/09/02,UTTAR PRADESH,UNNAO,14.17,-,95.64,41.9811496,2018,Sep,2
2018/09/02,UTTAR PRADESH,MAU,13.67,-,90.31,42.4242497,2018,Sep,2
2018/09/02,UTTAR PRADESH,SITAPUR,13.63,-,89.37,42.18400818,2018,Sep,2
2018/09/02,UTTAR PRADESH,PRAYAGRAJ,7.71,-,68.14,43.1650557,2018,Sep,2
2018/09/02,UTTAR PRADESH,BAREILLY,14.24,-,94.02,41.75275794,2018,Sep,2
2018/09/02,UTTAR PRADESH,SHRAWASTI,11.44,-,89.94,43.35295709,2018,Sep,2
2018/09/02,UTTAR PRADESH,SULTANPUR,9.68,-,69.98,43.96604808,2018,Sep,2
2018/09/02,UTTAR PRADESH,GONDA,14.04,-,94.9,42.71649498,2018,Sep,2
2018/09/02,UTTAR PRADESH,GAUTAM BUDDHA NAGAR,8.68,-,55.31,36.26532505,2018,Sep,2
2018/09/02,UTTAR PRADESH,KANSIRAM NAGAR,11.52,-,83.8,41.4265498,2018,Sep,2
2018/09/02,UTTAR PRADESH,MAHARAJGANJ,11.07,-,81.75,43.43776581,2018,Sep,2
2018/09/02,UTTAR PRADESH,MAINPURI,13.13,-,86.09,41.82711365,2018,Sep,2
2018/09/02,UTTAR PRADESH,VARANASI,9.43,-,70.15,43.30041411,2018,Sep,2
2018/09/02,UTTAR PRADESH,AURAIYA,11.19,-,76.1,39.9486852,2018,Sep,2
2018/09/01,UTTAR PRADESH,FARRUKHABAD,14.15,-,93.16,41.60141172,2018,Sep,1
2018/09/01,UTTAR PRADESH,LUCKNOW,13.53,-,91.43,41.72982516,2018,Sep,1
2018/09/01,UTTAR PRADESH,KHERI,13.02,-,86.61,40.55323984,2018,Sep,1
2018/09/01,UTTAR PRADESH,CHANDAULI,8.75,-,70.06,42.53522518,2018,Sep,1
2018/09/01,UTTAR PRADESH,AMBEDKAR NAGAR,12.01,-,82.49,42.54828704,2018,Sep,1
2018/09/01,UTTAR PRADESH,BUDAUN,12.99,-,92.83,41.44009917,2018,Sep,1
2018/09/01,UTTAR PRADESH,BALRAMPUR,14.53,-,95.02,41.38920845,2018,Sep,1
2018/09/01,UTTAR PRADESH,BASTI,15.18,-,95.57,41.67771147,2018,Sep,1
2018/09/01,UTTAR PRADESH,RAMPUR,14.49,-,92.86,40.81991377,2018,Sep,1
2018/09/01,UTTAR PRADESH,MIRZAPUR,6.84,-,58.13,42.45520228,2018,Sep,1
2018/09/01,UTTAR PRADESH,JYOTIBA PHULE NAGAR,12.84,-,92.54,40.91095227,2018,Sep,1
2018/09/01,UTTAR PRADESH,LALITPUR,8.69,-,62.47,41.96966781,2018,Sep,1
2018/09/01,UTTAR PRADESH,MAHAMAYA NAGAR,5.99,-,38.27,33.01624741,2018,Sep,1
2018/09/01,UTTAR PRADESH,MATHURA,6.91,-,45.03,32.86425283,2018,Sep,1
2018/09/01,UTTAR PRADESH,MAHOBA,4.14,-,37.43,42.45140181,2018,Sep,1
2018/09/01,UTTAR PRADESH,CHITRAKOOT,7.32,-,65.81,42.03991434,2018,Sep,1
2018/09/01,UTTAR PRADESH,SAHARANPUR,12.55,-,86.77,38.52802944,2018,Sep,1
2018/09/01,UTTAR PRADESH,KANNAUJ,13.8,-,94.08,41.75474443,2018,Sep,1
2018/09/01,UTTAR PRADESH,SANT KABIR NAGAR,13.67,-,95.28,41.60479269,2018,Sep,1
2018/09/01,UTTAR PRADESH,SONBHADRA,7.61,-,52.24,43.58647785,2018,Sep,1
2018/09/01,UTTAR PRADESH,FATEHPUR,13.38,-,91.63,41.43176093,2018,Sep,1
2018/09/01,UTTAR PRADESH,BARA BANKI,13.52,-,87.69,42.21377096,2018,Sep,1
2018/09/01,UTTAR PRADESH,AZAMGARH,14.04,-,92.92,41.76390544,2018,Sep,1
2018/09/01,UTTAR PRADESH,BAGHPAT,8.4,-,56.85,29.75284555,2018,Sep,1
2018/09/01,UTTAR PRADESH,ALIGARH,6.44,-,41.62,32.48814545,2018,Sep,1
2018/09/01,UTTAR PRADESH,HARDOI,13.55,-,90.56,41.66908474,2018,Sep,1
2018/09/01,UTTAR PRADESH,RAE BARELI,11.96,-,86.34,42.05082435,2018,Sep,1
2018/09/01,UTTAR PRADESH,GHAZIPUR,12.72,-,91.67,41.72635772,2018,Sep,1
2018/09/01,UTTAR PRADESH,KAUSHAMBI,13.7,-,93.92,41.53967508,2018,Sep,1
2018/09/01,UTTAR PRADESH,BULANDSHAHR,13.04,-,82.46,38.87404595,2018,Sep,1
2018/09/01,UTTAR PRADESH,DEORIA,13.46,-,89.27,41.79374062,2018,Sep,1
2018/09/01,UTTAR PRADESH,BAHRAICH,11.84,-,88.86,42.02347927,2018,Sep,1
2018/09/01,UTTAR PRADESH,GORAKHPUR,13.81,-,92.09,41.57716524,2018,Sep,1
2018/09/01,UTTAR PRADESH,BIJNOR,13.58,-,93.02,41.34723019,2018,Sep,1
2018/09/01,UTTAR PRADESH,BANDA,4.69,-,44.28,42.85497708,2018,Sep,1
2018/09/01,UTTAR PRADESH,MUZAFFARNAGAR,8.96,-,60.71,32.16219542,2018,Sep,1
2018/09/01,UTTAR PRADESH,SANT RAVI DAS NAGAR(BHADOHI),10.9,-,75.31,42.1784708,2018,Sep,1
2018/09/01,UTTAR PRADESH,HAMIRPUR,2.4,-,23.63,42.37789271,2018,Sep,1
2018/09/01,UTTAR PRADESH,PRATAPGARH,8.74,-,63.8,42.60021841,2018,Sep,1
2018/09/01,UTTAR PRADESH,ETAWAH,13.23,-,89.6,41.69246795,2018,Sep,1
2018/09/01,UTTAR PRADESH,MORADABAD,13.42,-,90.88,41.58108895,2018,Sep,1
2018/09/01,UTTAR PRADESH,AGRA,10.18,-,73.13,40.55943777,2018,Sep,1
2018/09/01,UTTAR PRADESH,JAUNPUR,11.7,-,79.63,41.6115026,2018,Sep,1
2018/09/01,UTTAR PRADESH,KANPUR NAGAR,12.35,-,79.26,41.50106055,2018,Sep,1
2018/09/01,UTTAR PRADESH,JHANSI,7.61,-,61.08,43.70321541,2018,Sep,1
2018/09/01,UTTAR PRADESH,SIDDHARTH NAGAR,13.11,-,89.31,41.95406265,2018,Sep,1
2018/09/01,UTTAR PRADESH,MEERUT,10.69,-,68.69,35.70960126,2018,Sep,1
2018/09/01,UTTAR PRADESH,PILIBHIT,14.56,-,94.51,40.89495356,2018,Sep,1
2018/09/01,UTTAR PRADESH,SHAHJAHANPUR,12.5,-,87.48,41.76435023,2018,Sep,1
2018/09/01,UTTAR PRADESH,KANPUR DEHAT,11.57,-,74.79,41.75014913,2018,Sep,1
2018/09/01,UTTAR PRADESH,FIROZABAD,11.96,-,82.05,41.03631959,2018,Sep,1
2018/09/01,UTTAR PRADESH,AYODHYA,11.77,-,84.03,42.30031574,2018,Sep,1
2018/09/01,UTTAR PRADESH,KUSHINAGAR,11.39,-,87.95,41.8520634,2018,Sep,1
2018/09/01,UTTAR PRADESH,JALAUN,2.5,-,22.98,43.99558515,2018,Sep,1
2018/09/01,UTTAR PRADESH,GHAZIABAD,11.8,-,75.37,37.89082824,2018,Sep,1
2018/09/01,UTTAR PRADESH,ETAH,10.43,-,65.72,40.29444879,2018,Sep,1
2018/09/01,UTTAR PRADESH,BALLIA,10.75,-,74.74,41.42946638,2018,Sep,1
2018/09/01,UTTAR PRADESH,UNNAO,13.97,-,94.35,41.5021352,2018,Sep,1
2018/09/01,UTTAR PRADESH,MAU,13.21,-,87.14,41.36430863,2018,Sep,1
2018/09/01,UTTAR PRADESH,SITAPUR,13.35,-,87.51,41.54004107,2018,Sep,1
2018/09/01,UTTAR PRADESH,PRAYAGRAJ,7.62,-,67.36,42.76307903,2018,Sep,1
2018/09/01,UTTAR PRADESH,BAREILLY,13.84,-,91.38,40.9151695,2018,Sep,1
2018/09/01,UTTAR PRADESH,SHRAWASTI,11.26,-,88.67,42.47461019,2018,Sep,1
2018/09/01,UTTAR PRADESH,SULTANPUR,9.49,-,68.63,43.26571107,2018,Sep,1
2018/09/01,UTTAR PRADESH,GONDA,13.76,-,92.96,41.995283,2018,Sep,1
2018/09/01,UTTAR PRADESH,GAUTAM BUDDHA NAGAR,7.73,-,49.2,33.89196797,2018,Sep,1
2018/09/01,UTTAR PRADESH,KANSIRAM NAGAR,11.59,-,84.19,41.58620474,2018,Sep,1
2018/09/01,UTTAR PRADESH,MAHARAJGANJ,10.78,-,79.58,42.64806625,2018,Sep,1
2018/09/01,UTTAR PRADESH,MAINPURI,13.21,-,86.61,41.97263033,2018,Sep,1
2018/09/01,UTTAR PRADESH,VARANASI,9.25,-,68.8,42.74706033,2018,Sep,1
2018/09/01,UTTAR PRADESH,AURAIYA,11.95,-,81.23,41.59044886,2018,Sep,1
2018/10/31,UTTAR PRADESH,FARRUKHABAD,1.99,-,14.4,11.46364344,2018,Oct,31
2018/10/31,UTTAR PRADESH,LUCKNOW,2.26,-,15.82,10.03183673,2018,Oct,31
2018/10/31,UTTAR PRADESH,KHERI,3.22,-,22.31,11.63678143,2018,Oct,31
2018/10/31,UTTAR PRADESH,CHANDAULI,1.35,-,10.87,14.446981,2018,Oct,31
2018/10/31,UTTAR PRADESH,AMBEDKAR NAGAR,0.45,-,2.88,14.42232345,2018,Oct,31
2018/10/31,UTTAR PRADESH,BUDAUN,2.28,-,19.8,10.1033315,2018,Oct,31
2018/10/31,UTTAR PRADESH,BALRAMPUR,2.99,-,20.06,12.00923144,2018,Oct,31
2018/10/31,UTTAR PRADESH,BASTI,1.06,-,6.54,12.15734725,2018,Oct,31
2018/10/31,UTTAR PRADESH,RAMPUR,3.53,-,23.13,12.95016819,2018,Oct,31
2018/10/31,UTTAR PRADESH,MIRZAPUR,1.87,-,16.02,12.61726777,2018,Oct,31
2018/10/31,UTTAR PRADESH,JYOTIBA PHULE NAGAR,2.8,-,24.92,11.39295461,2018,Oct,31
2018/10/31,UTTAR PRADESH,LALITPUR,2.46,-,16.74,6.438971024,2018,Oct,31
2018/10/31,UTTAR PRADESH,MAHAMAYA NAGAR,0.1,-,0.61,15.1110155,2018,Oct,31
2018/10/31,UTTAR PRADESH,MATHURA,0.22,-,1.5,12.81857434,2018,Oct,31
2018/10/31,UTTAR PRADESH,MAHOBA,0.83,-,6.38,4.650039848,2018,Oct,31
2018/10/31,UTTAR PRADESH,CHITRAKOOT,1.37,-,12.02,9.832920747,2018,Oct,31
2018/10/31,UTTAR PRADESH,SAHARANPUR,5.16,-,37.0,15.16518175,2018,Oct,31
2018/10/31,UTTAR PRADESH,KANNAUJ,1.89,-,13.34,11.98411339,2018,Oct,31
2018/10/31,UTTAR PRADESH,SANT KABIR NAGAR,0.32,-,2.48,12.85426019,2018,Oct,31
2018/10/31,UTTAR PRADESH,SONBHADRA,1.48,-,10.22,16.72370102,2018,Oct,31
2018/10/31,UTTAR PRADESH,FATEHPUR,1.93,-,15.02,7.588626815,2018,Oct,31
2018/10/31,UTTAR PRADESH,BARA BANKI,0.5,-,3.07,13.12716434,2018,Oct,31
2018/10/31,UTTAR PRADESH,AZAMGARH,0.67,-,4.74,12.15252228,2018,Oct,31
2018/10/31,UTTAR PRADESH,BAGHPAT,2.02,-,13.46,11.75256889,2018,Oct,31
2018/10/31,UTTAR PRADESH,ALIGARH,0.56,-,3.91,14.14480374,2018,Oct,31
2018/10/31,UTTAR PRADESH,HARDOI,0.87,-,6.7,12.08924627,2018,Oct,31
2018/10/31,UTTAR PRADESH,RAE BARELI,1.38,-,11.19,11.02449844,2018,Oct,31
2018/10/31,UTTAR PRADESH,GHAZIPUR,3.18,-,24.87,12.04429802,2018,Oct,31
2018/10/31,UTTAR PRADESH,KAUSHAMBI,2.57,-,19.55,8.599256187,2018,Oct,31
2018/10/31,UTTAR PRADESH,BULANDSHAHR,0.74,-,5.11,12.78486189,2018,Oct,31
2018/10/31,UTTAR PRADESH,DEORIA,0.19,-,1.3,16.44858215,2018,Oct,31
2018/10/31,UTTAR PRADESH,BAHRAICH,1.9,-,16.17,12.38643564,2018,Oct,31
2018/10/31,UTTAR PRADESH,GORAKHPUR,1.25,-,9.3,13.39487302,2018,Oct,31
2018/10/31,UTTAR PRADESH,BIJNOR,4.28,-,30.75,14.15990404,2018,Oct,31
2018/10/31,UTTAR PRADESH,BANDA,0.79,-,6.43,8.950118248,2018,Oct,31
2018/10/31,UTTAR PRADESH,MUZAFFARNAGAR,1.6,-,12.45,13.13859019,2018,Oct,31
2018/10/31,UTTAR PRADESH,SANT RAVI DAS NAGAR(BHADOHI),2.08,-,14.77,11.63023854,2018,Oct,31
2018/10/31,UTTAR PRADESH,HAMIRPUR,0.13,-,0.97,9.673351733,2018,Oct,31
2018/10/31,UTTAR PRADESH,PRATAPGARH,0.29,-,2.34,13.50055013,2018,Oct,31
2018/10/31,UTTAR PRADESH,ETAWAH,1.56,-,11.13,10.9847798,2018,Oct,31
2018/10/31,UTTAR PRADESH,MORADABAD,2.68,-,20.28,12.17045739,2018,Oct,31
2018/10/31,UTTAR PRADESH,AGRA,1.32,-,10.22,12.30101726,2018,Oct,31
2018/10/31,UTTAR PRADESH,JAUNPUR,0.38,-,3.09,11.95845187,2018,Oct,31
2018/10/31,UTTAR PRADESH,KANPUR NAGAR,0.99,-,6.41,8.779905,2018,Oct,31
2018/10/31,UTTAR PRADESH,JHANSI,2.01,-,14.94,8.847928787,2018,Oct,31
2018/10/31,UTTAR PRADESH,SIDDHARTH NAGAR,0.05,-,0.31,13.42173017,2018,Oct,31
2018/10/31,UTTAR PRADESH,MEERUT,2.36,-,15.61,13.01640288,2018,Oct,31
2018/10/31,UTTAR PRADESH,PILIBHIT,3.8,-,26.32,13.56251172,2018,Oct,31
2018/10/31,UTTAR PRADESH,SHAHJAHANPUR,1.16,-,9.62,12.59026292,2018,Oct,31
2018/10/31,UTTAR PRADESH,KANPUR DEHAT,0.82,-,5.07,9.875660037,2018,Oct,31
2018/10/31,UTTAR PRADESH,FIROZABAD,1.15,-,9.04,11.86532321,2018,Oct,31
2018/10/31,UTTAR PRADESH,AYODHYA,1.22,-,7.84,13.69558229,2018,Oct,31
2018/10/31,UTTAR PRADESH,KUSHINAGAR,0.77,-,7.12,17.14593468,2018,Oct,31
2018/10/31,UTTAR PRADESH,JALAUN,0.11,-,0.62,16.12733449,2018,Oct,31
2018/10/31,UTTAR PRADESH,GHAZIABAD,2.6,-,16.91,11.49587224,2018,Oct,31
2018/10/31,UTTAR PRADESH,ETAH,0.0,-,0.0,14.36084913,2018,Oct,31
2018/10/31,UTTAR PRADESH,BALLIA,0.11,-,0.75,12.67235133,2018,Oct,31
2018/10/31,UTTAR PRADESH,UNNAO,0.87,-,6.77,9.776165676,2018,Oct,31
2018/10/31,UTTAR PRADESH,MAU,1.05,-,7.36,12.52982834,2018,Oct,31
2018/10/31,UTTAR PRADESH,SITAPUR,1.01,-,7.05,11.5032542,2018,Oct,31
2018/10/31,UTTAR PRADESH,PRAYAGRAJ,1.82,-,16.11,11.79126213,2018,Oct,31
2018/10/31,UTTAR PRADESH,BAREILLY,2.83,-,19.42,12.77090857,2018,Oct,31
2018/10/31,UTTAR PRADESH,SHRAWASTI,0.9,-,8.11,15.9513456,2018,Oct,31
2018/10/31,UTTAR PRADESH,SULTANPUR,0.42,-,2.73,16.19729639,2018,Oct,31
2018/10/31,UTTAR PRADESH,GONDA,2.11,-,14.15,12.97693081,2018,Oct,31
2018/10/31,UTTAR PRADESH,GAUTAM BUDDHA NAGAR,2.46,-,15.88,11.74488009,2018,Oct,31
2018/10/31,UTTAR PRADESH,KANSIRAM NAGAR,1.87,-,15.84,12.38104984,2018,Oct,31
2018/10/31,UTTAR PRADESH,MAHARAJGANJ,0.5,-,4.51,16.59820088,2018,Oct,31
2018/10/31,UTTAR PRADESH,MAINPURI,0.15,-,1.4,11.48360731,2018,Oct,31
2018/10/31,UTTAR PRADESH,VARANASI,1.0,-,8.11,14.44972822,2018,Oct,31
2018/10/31,UTTAR PRADESH,AURAIYA,1.03,-,7.44,10.31241182,2018,Oct,31
2018/10/30,UTTAR PRADESH,FARRUKHABAD,2.06,-,14.86,11.62898913,2018,Oct,30
2018/10/30,UTTAR PRADESH,LUCKNOW,2.3,-,16.08,10.09712831,2018,Oct,30
2018/10/30,UTTAR PRADESH,KHERI,3.29,-,22.79,11.74233331,2018,Oct,30
2018/10/30,UTTAR PRADESH,CHANDAULI,1.42,-,11.43,14.63700993,2018,Oct,30
2018/10/30,UTTAR PRADESH,AMBEDKAR NAGAR,0.47,-,3.02,14.43839356,2018,Oct,30
2018/10/30,UTTAR PRADESH,BUDAUN,2.35,-,20.37,10.16144515,2018,Oct,30
2018/10/30,UTTAR PRADESH,BALRAMPUR,3.13,-,20.96,12.05937519,2018,Oct,30
2018/10/30,UTTAR PRADESH,BASTI,1.09,-,6.76,12.18058725,2018,Oct,30
2018/10/30,UTTAR PRADESH,RAMPUR,3.87,-,25.23,13.01722669,2018,Oct,30
2018/10/30,UTTAR PRADESH,MIRZAPUR,1.9,-,16.24,12.88107488,2018,Oct,30
2018/10/30,UTTAR PRADESH,JYOTIBA PHULE NAGAR,2.91,-,25.65,11.47962763,2018,Oct,30
2018/10/30,UTTAR PRADESH,LALITPUR,2.49,-,16.91,6.548202804,2018,Oct,30
2018/10/30,UTTAR PRADESH,MAHAMAYA NAGAR,0.1,-,0.64,15.2414433,2018,Oct,30
2018/10/30,UTTAR PRADESH,MATHURA,0.22,-,1.5,12.94028652,2018,Oct,30
2018/10/30,UTTAR PRADESH,MAHOBA,0.83,-,6.42,4.742171022,2018,Oct,30
2018/10/30,UTTAR PRADESH,CHITRAKOOT,1.37,-,12.08,9.968747708,2018,Oct,30
2018/10/30,UTTAR PRADESH,SAHARANPUR,5.34,-,38.16,15.29296903,2018,Oct,30
2018/10/30,UTTAR PRADESH,KANNAUJ,2.0,-,14.05,12.1464035,2018,Oct,30
2018/10/30,UTTAR PRADESH,SANT KABIR NAGAR,0.38,-,2.94,12.86986473,2018,Oct,30
2018/10/30,UTTAR PRADESH,SONBHADRA,1.51,-,10.48,16.99238069,2018,Oct,30
2018/10/30,UTTAR PRADESH,FATEHPUR,1.96,-,15.25,7.633954163,2018,Oct,30
2018/10/30,UTTAR PRADESH,BARA BANKI,0.52,-,3.15,13.16147527,2018,Oct,30
2018/10/30,UTTAR PRADESH,AZAMGARH,0.74,-,5.16,12.18686097,2018,Oct,30
2018/10/30,UTTAR PRADESH,BAGHPAT,2.12,-,14.13,11.87369501,2018,Oct,30
2018/10/30,UTTAR PRADESH,ALIGARH,0.57,-,3.97,14.26830198,2018,Oct,30
2018/10/30,UTTAR PRADESH,HARDOI,0.91,-,6.98,12.18101137,2018,Oct,30
2018/10/30,UTTAR PRADESH,RAE BARELI,1.42,-,11.48,11.06195803,2018,Oct,30
2018/10/30,UTTAR PRADESH,GHAZIPUR,3.33,-,25.95,12.13822583,2018,Oct,30
2018/10/30,UTTAR PRADESH,KAUSHAMBI,2.62,-,19.89,8.677105476,2018,Oct,30
2018/10/30,UTTAR PRADESH,BULANDSHAHR,0.76,-,5.26,12.89702547,2018,Oct,30
2018/10/30,UTTAR PRADESH,DEORIA,0.2,-,1.36,16.47589631,2018,Oct,30
2018/10/30,UTTAR PRADESH,BAHRAICH,1.96,-,16.7,12.44234043,2018,Oct,30
2018/10/30,UTTAR PRADESH,GORAKHPUR,1.29,-,9.6,13.44499268,2018,Oct,30
2018/10/30,UTTAR PRADESH,BIJNOR,4.49,-,32.08,14.2943891,2018,Oct,30
2018/10/30,UTTAR PRADESH,BANDA,0.8,-,6.46,9.024034209,2018,Oct,30
2018/10/30,UTTAR PRADESH,MUZAFFARNAGAR,1.71,-,13.18,13.24567483,2018,Oct,30
2018/10/30,UTTAR PRADESH,SANT RAVI DAS NAGAR(BHADOHI),2.18,-,15.45,11.72922805,2018,Oct,30
2018/10/30,UTTAR PRADESH,HAMIRPUR,0.13,-,0.99,9.737281959,2018,Oct,30
2018/10/30,UTTAR PRADESH,PRATAPGARH,0.29,-,2.39,13.57273343,2018,Oct,30
2018/10/30,UTTAR PRADESH,ETAWAH,1.62,-,11.52,11.0994113,2018,Oct,30
2018/10/30,UTTAR PRADESH,MORADABAD,2.8,-,21.04,12.22805855,2018,Oct,30
2018/10/30,UTTAR PRADESH,AGRA,1.33,-,10.35,12.45985795,2018,Oct,30
2018/10/30,UTTAR PRADESH,JAUNPUR,0.41,-,3.28,12.0213645,2018,Oct,30
2018/10/30,UTTAR PRADESH,KANPUR NAGAR,1.01,-,6.52,8.834955949,2018,Oct,30
2018/10/30,UTTAR PRADESH,JHANSI,2.03,-,15.07,8.935230664,2018,Oct,30
2018/10/30,UTTAR PRADESH,SIDDHARTH NAGAR,0.06,-,0.36,13.4387297,2018,Oct,30
2018/10/30,UTTAR PRADESH,MEERUT,2.47,-,16.27,13.12856534,2018,Oct,30
2018/10/30,UTTAR PRADESH,PILIBHIT,3.95,-,27.27,13.66711714,2018,Oct,30
2018/10/30,UTTAR PRADESH,SHAHJAHANPUR,1.22,-,10.07,12.6532147,2018,Oct,30
2018/10/30,UTTAR PRADESH,KANPUR DEHAT,0.83,-,5.15,9.943447902,2018,Oct,30
2018/10/30,UTTAR PRADESH,FIROZABAD,1.17,-,9.14,12.02399642,2018,Oct,30
2018/10/30,UTTAR PRADESH,AYODHYA,1.3,-,8.46,13.72540708,2018,Oct,30
2018/10/30,UTTAR PRADESH,KUSHINAGAR,0.85,-,7.83,17.17078269,2018,Oct,30
2018/10/30,UTTAR PRADESH,JALAUN,0.11,-,0.64,16.20380047,2018,Oct,30
2018/10/30,UTTAR PRADESH,GHAZIABAD,2.67,-,17.34,11.60439296,2018,Oct,30
2018/10/30,UTTAR PRADESH,ETAH,0.0,-,0.0,14.47307222,2018,Oct,30
2018/10/30,UTTAR PRADESH,BALLIA,0.13,-,0.9,12.79115351,2018,Oct,30
2018/10/30,UTTAR PRADESH,UNNAO,0.9,-,7.01,9.830854459,2018,Oct,30
2018/10/30,UTTAR PRADESH,MAU,1.16,-,8.11,12.57680046,2018,Oct,30
2018/10/30,UTTAR PRADESH,SITAPUR,1.05,-,7.28,11.54932125,2018,Oct,30
2018/10/30,UTTAR PRADESH,PRAYAGRAJ,1.86,-,16.37,11.90538272,2018,Oct,30
2018/10/30,UTTAR PRADESH,BAREILLY,3.04,-,20.76,12.85245285,2018,Oct,30
2018/10/30,UTTAR PRADESH,SHRAWASTI,0.99,-,8.92,15.98059828,2018,Oct,30
2018/10/30,UTTAR PRADESH,SULTANPUR,0.45,-,2.98,16.23251626,2018,Oct,30
2018/10/30,UTTAR PRADESH,GONDA,2.2,-,14.81,13.02972064,2018,Oct,30
2018/10/30,UTTAR PRADESH,GAUTAM BUDDHA NAGAR,2.51,-,16.19,11.91921623,2018,Oct,30
2018/10/30,UTTAR PRADESH,KANSIRAM NAGAR,1.88,-,15.92,12.45790387,2018,Oct,30
2018/10/30,UTTAR PRADESH,MAHARAJGANJ,0.55,-,4.93,16.65785143,2018,Oct,30
2018/10/30,UTTAR PRADESH,MAINPURI,0.16,-,1.47,11.5906007,2018,Oct,30
2018/10/30,UTTAR PRADESH,VARANASI,1.04,-,8.42,14.56676159,2018,Oct,30
2018/10/30,UTTAR PRADESH,AURAIYA,1.06,-,7.64,10.41991927,2018,Oct,30
2018/10/29,UTTAR PRADESH,FARRUKHABAD,2.13,-,15.39,11.80534103,2018,Oct,29
2018/10/29,UTTAR PRADESH,LUCKNOW,2.35,-,16.45,10.17341726,2018,Oct,29
2018/10/29,UTTAR PRADESH,KHERI,3.37,-,23.32,11.85784337,2018,Oct,29
2018/10/29,UTTAR PRADESH,CHANDAULI,1.5,-,12.05,14.84695472,2018,Oct,29
2018/10/29,UTTAR PRADESH,AMBEDKAR NAGAR,0.5,-,3.18,14.45096425,2018,Oct,29
2018/10/29,UTTAR PRADESH,BUDAUN,2.43,-,21.0,10.22640415,2018,Oct,29
2018/10/29,UTTAR PRADESH,BALRAMPUR,3.31,-,22.09,12.13147693,2018,Oct,29
2018/10/29,UTTAR PRADESH,BASTI,1.14,-,7.01,12.21373824,2018,Oct,29
2018/10/29,UTTAR PRADESH,RAMPUR,4.21,-,27.4,13.08443075,2018,Oct,29
2018/10/29,UTTAR PRADESH,MIRZAPUR,1.94,-,16.5,13.16067637,2018,Oct,29
2018/10/29,UTTAR PRADESH,JYOTIBA PHULE NAGAR,3.01,-,26.32,11.56478649,2018,Oct,29
2018/10/29,UTTAR PRADESH,LALITPUR,2.52,-,17.11,6.665069359,2018,Oct,29
2018/10/29,UTTAR PRADESH,MAHAMAYA NAGAR,0.11,-,0.68,15.39553029,2018,Oct,29
2018/10/29,UTTAR PRADESH,MATHURA,0.22,-,1.51,13.08476101,2018,Oct,29
2018/10/29,UTTAR PRADESH,MAHOBA,0.84,-,6.52,4.844012973,2018,Oct,29
2018/10/29,UTTAR PRADESH,CHITRAKOOT,1.38,-,12.14,10.11763523,2018,Oct,29
2018/10/29,UTTAR PRADESH,SAHARANPUR,5.53,-,39.41,15.44831482,2018,Oct,29
2018/10/29,UTTAR PRADESH,KANNAUJ,2.09,-,14.7,12.32665951,2018,Oct,29
2018/10/29,UTTAR PRADESH,SANT KABIR NAGAR,0.44,-,3.52,12.89279056,2018,Oct,29
2018/10/29,UTTAR PRADESH,SONBHADRA,1.56,-,10.77,17.28493687,2018,Oct,29
2018/10/29,UTTAR PRADESH,FATEHPUR,1.99,-,15.47,7.677438183,2018,Oct,29
2018/10/29,UTTAR PRADESH,BARA BANKI,0.54,-,3.27,13.1951965,2018,Oct,29
2018/10/29,UTTAR PRADESH,AZAMGARH,0.81,-,5.62,12.22811809,2018,Oct,29
2018/10/29,UTTAR PRADESH,BAGHPAT,2.25,-,14.95,11.99760797,2018,Oct,29
2018/10/29,UTTAR PRADESH,ALIGARH,0.58,-,4.04,14.41283001,2018,Oct,29
2018/10/29,UTTAR PRADESH,HARDOI,0.94,-,7.27,12.28311302,2018,Oct,29
2018/10/29,UTTAR PRADESH,RAE BARELI,1.46,-,11.8,11.10590737,2018,Oct,29
2018/10/29,UTTAR PRADESH,GHAZIPUR,3.5,-,27.19,12.23566807,2018,Oct,29
2018/10/29,UTTAR PRADESH,KAUSHAMBI,2.67,-,20.25,8.761441969,2018,Oct,29
2018/10/29,UTTAR PRADESH,BULANDSHAHR,0.79,-,5.42,13.02067834,2018,Oct,29
2018/10/29,UTTAR PRADESH,DEORIA,0.21,-,1.44,16.51003437,2018,Oct,29
2018/10/29,UTTAR PRADESH,BAHRAICH,2.03,-,17.3,12.50540233,2018,Oct,29
2018/10/29,UTTAR PRADESH,GORAKHPUR,1.35,-,9.98,13.49730301,2018,Oct,29
2018/10/29,UTTAR PRADESH,BIJNOR,4.7,-,33.45,14.4356673,2018,Oct,29
2018/10/29,UTTAR PRADESH,BANDA,0.8,-,6.48,9.097823774,2018,Oct,29
2018/10/29,UTTAR PRADESH,MUZAFFARNAGAR,1.83,-,14.03,13.35798988,2018,Oct,29
2018/10/29,UTTAR PRADESH,SANT RAVI DAS NAGAR(BHADOHI),2.29,-,16.2,11.84425465,2018,Oct,29
2018/10/29,UTTAR PRADESH,HAMIRPUR,0.14,-,1.01,9.80418863,2018,Oct,29
2018/10/29,UTTAR PRADESH,PRATAPGARH,0.3,-,2.47,13.65077401,2018,Oct,29
2018/10/29,UTTAR PRADESH,ETAWAH,1.67,-,11.93,11.220723,2018,Oct,29
2018/10/29,UTTAR PRADESH,MORADABAD,2.91,-,21.77,12.29636695,2018,Oct,29
2018/10/29,UTTAR PRADESH,AGRA,1.36,-,10.51,12.6371761,2018,Oct,29
2018/10/29,UTTAR PRADESH,JAUNPUR,0.44,-,3.53,12.10121945,2018,Oct,29
2018/10/29,UTTAR PRADESH,KANPUR NAGAR,1.03,-,6.68,8.897580138,2018,Oct,29
2018/10/29,UTTAR PRADESH,JHANSI,2.04,-,15.18,9.027400739,2018,Oct,29
2018/10/29,UTTAR PRADESH,SIDDHARTH NAGAR,0.07,-,0.43,13.46722284,2018,Oct,29
2018/10/29,UTTAR PRADESH,MEERUT,2.6,-,17.09,13.25407213,2018,Oct,29
2018/10/29,UTTAR PRADESH,PILIBHIT,4.12,-,28.34,13.77466191,2018,Oct,29
2018/10/29,UTTAR PRADESH,SHAHJAHANPUR,1.28,-,10.56,12.7285643,2018,Oct,29
2018/10/29,UTTAR PRADESH,KANPUR DEHAT,0.85,-,5.26,10.01158329,2018,Oct,29
2018/10/29,UTTAR PRADESH,FIROZABAD,1.18,-,9.24,12.19802847,2018,Oct,29
2018/10/29,UTTAR PRADESH,AYODHYA,1.41,-,9.28,13.75847131,2018,Oct,29
2018/10/29,UTTAR PRADESH,KUSHINAGAR,0.93,-,8.58,17.19737221,2018,Oct,29
2018/10/29,UTTAR PRADESH,JALAUN,0.11,-,0.65,16.28588933,2018,Oct,29
2018/10/29,UTTAR PRADESH,GHAZIABAD,2.76,-,17.94,11.73491186,2018,Oct,29
2018/10/29,UTTAR PRADESH,ETAH,0.0,-,0.01,14.60192828,2018,Oct,29
2018/10/29,UTTAR PRADESH,BALLIA,0.16,-,1.07,12.89139513,2018,Oct,29
2018/10/29,UTTAR PRADESH,UNNAO,0.93,-,7.32,9.890198428,2018,Oct,29
2018/10/29,UTTAR PRADESH,MAU,1.26,-,8.86,12.62172937,2018,Oct,29
2018/10/29,UTTAR PRADESH,SITAPUR,1.09,-,7.56,11.59747518,2018,Oct,29
2018/10/29,UTTAR PRADESH,PRAYAGRAJ,1.89,-,16.65,12.02346828,2018,Oct,29
2018/10/29,UTTAR PRADESH,BAREILLY,3.27,-,22.2,12.94315599,2018,Oct,29
2018/10/29,UTTAR PRADESH,SHRAWASTI,1.13,-,10.14,16.02672252,2018,Oct,29
2018/10/29,UTTAR PRADESH,SULTANPUR,0.5,-,3.32,16.27955158,2018,Oct,29
2018/10/29,UTTAR PRADESH,GONDA,2.34,-,15.71,13.08676107,2018,Oct,29
2018/10/29,UTTAR PRADESH,GAUTAM BUDDHA NAGAR,2.56,-,16.51,12.10615425,2018,Oct,29
2018/10/29,UTTAR PRADESH,KANSIRAM NAGAR,1.89,-,16.05,12.54914821,2018,Oct,29
2018/10/29,UTTAR PRADESH,MAHARAJGANJ,0.6,-,5.37,16.7087534,2018,Oct,29
2018/10/29,UTTAR PRADESH,MAINPURI,0.17,-,1.55,11.71587501,2018,Oct,29
2018/10/29,UTTAR PRADESH,VARANASI,1.09,-,8.73,14.69117198,2018,Oct,29
2018/10/29,UTTAR PRADESH,AURAIYA,1.09,-,7.86,10.53440698,2018,Oct,29
2018/10/28,UTTAR PRADESH,FARRUKHABAD,2.24,-,16.12,12.00079091,2018,Oct,28
2018/10/28,UTTAR PRADESH,LUCKNOW,2.39,-,16.77,10.25623643,2018,Oct,28
2018/10/28,UTTAR PRADESH,KHERI,3.46,-,23.92,11.98370371,2018,Oct,28
2018/10/28,UTTAR PRADESH,CHANDAULI,1.57,-,12.55,15.04523728,2018,Oct,28
2018/10/28,UTTAR PRADESH,AMBEDKAR NAGAR,0.52,-,3.37,14.4648165,2018,Oct,28
2018/10/28,UTTAR PRADESH,BUDAUN,2.51,-,21.68,10.29608074,2018,Oct,28
2018/10/28,UTTAR PRADESH,BALRAMPUR,3.5,-,23.34,12.20270195,2018,Oct,28
2018/10/28,UTTAR PRADESH,BASTI,1.18,-,7.28,12.24162597,2018,Oct,28
2018/10/28,UTTAR PRADESH,RAMPUR,4.61,-,29.88,13.16601844,2018,Oct,28
2018/10/28,UTTAR PRADESH,MIRZAPUR,1.97,-,16.7,13.44716459,2018,Oct,28
2018/10/28,UTTAR PRADESH,JYOTIBA PHULE NAGAR,3.13,-,27.09,11.6643588,2018,Oct,28
2018/10/28,UTTAR PRADESH,LALITPUR,2.54,-,17.31,6.78174271,2018,Oct,28
2018/10/28,UTTAR PRADESH,MAHAMAYA NAGAR,0.12,-,0.73,15.56612883,2018,Oct,28
2018/10/28,UTTAR PRADESH,MATHURA,0.22,-,1.51,13.24485624,2018,Oct,28
2018/10/28,UTTAR PRADESH,MAHOBA,0.85,-,6.61,4.947363621,2018,Oct,28
2018/10/28,UTTAR PRADESH,CHITRAKOOT,1.39,-,12.19,10.26331513,2018,Oct,28
2018/10/28,UTTAR PRADESH,SAHARANPUR,5.75,-,40.84,15.61504667,2018,Oct,28
2018/10/28,UTTAR PRADESH,KANNAUJ,2.2,-,15.46,12.51941075,2018,Oct,28
2018/10/28,UTTAR PRADESH,SANT KABIR NAGAR,0.52,-,4.17,12.9191463,2018,Oct,28
2018/10/28,UTTAR PRADESH,SONBHADRA,1.6,-,11.07,17.56017221,2018,Oct,28
2018/10/28,UTTAR PRADESH,FATEHPUR,2.02,-,15.7,7.727581185,2018,Oct,28
2018/10/28,UTTAR PRADESH,BARA BANKI,0.56,-,3.39,13.23565233,2018,Oct,28
2018/10/28,UTTAR PRADESH,AZAMGARH,0.89,-,6.2,12.25895059,2018,Oct,28
2018/10/28,UTTAR PRADESH,BAGHPAT,2.42,-,16.06,12.14712671,2018,Oct,28
2018/10/28,UTTAR PRADESH,ALIGARH,0.59,-,4.12,14.58175697,2018,Oct,28
2018/10/28,UTTAR PRADESH,HARDOI,0.99,-,7.63,12.39070331,2018,Oct,28
2018/10/28,UTTAR PRADESH,RAE BARELI,1.5,-,12.14,11.15382019,2018,Oct,28
2018/10/28,UTTAR PRADESH,GHAZIPUR,3.66,-,28.29,12.33075459,2018,Oct,28
2018/10/28,UTTAR PRADESH,KAUSHAMBI,2.72,-,20.6,8.843801069,2018,Oct,28
2018/10/28,UTTAR PRADESH,BULANDSHAHR,0.82,-,5.61,13.15701229,2018,Oct,28
2018/10/28,UTTAR PRADESH,DEORIA,0.23,-,1.58,16.54942396,2018,Oct,28
2018/10/28,UTTAR PRADESH,BAHRAICH,2.11,-,17.89,12.57661855,2018,Oct,28
2018/10/28,UTTAR PRADESH,GORAKHPUR,1.42,-,10.46,13.54924443,2018,Oct,28
2018/10/28,UTTAR PRADESH,BIJNOR,4.94,-,34.94,14.59239459,2018,Oct,28
2018/10/28,UTTAR PRADESH,BANDA,0.8,-,6.53,9.17860705,2018,Oct,28
2018/10/28,UTTAR PRADESH,MUZAFFARNAGAR,1.98,-,15.02,13.49060473,2018,Oct,28
2018/10/28,UTTAR PRADESH,SANT RAVI DAS NAGAR(BHADOHI),2.39,-,16.87,11.94361825,2018,Oct,28
2018/10/28,UTTAR PRADESH,HAMIRPUR,0.14,-,1.02,9.884011222,2018,Oct,28
2018/10/28,UTTAR PRADESH,PRATAPGARH,0.31,-,2.55,13.73179077,2018,Oct,28
2018/10/28,UTTAR PRADESH,ETAWAH,1.75,-,12.51,11.35165202,2018,Oct,28
2018/10/28,UTTAR PRADESH,MORADABAD,3.05,-,22.65,12.36675585,2018,Oct,28
2018/10/28,UTTAR PRADESH,AGRA,1.38,-,10.7,12.83053324,2018,Oct,28
2018/10/28,UTTAR PRADESH,JAUNPUR,0.48,-,3.8,12.17514026,2018,Oct,28
2018/10/28,UTTAR PRADESH,KANPUR NAGAR,1.06,-,6.87,8.974475835,2018,Oct,28
2018/10/28,UTTAR PRADESH,JHANSI,2.06,-,15.33,9.123785409,2018,Oct,28
2018/10/28,UTTAR PRADESH,SIDDHARTH NAGAR,0.08,-,0.49,13.48300934,2018,Oct,28
2018/10/28,UTTAR PRADESH,MEERUT,2.75,-,18.0,13.38646848,2018,Oct,28
2018/10/28,UTTAR PRADESH,PILIBHIT,4.32,-,29.61,13.89589073,2018,Oct,28
2018/10/28,UTTAR PRADESH,SHAHJAHANPUR,1.36,-,11.16,12.80784185,2018,Oct,28
2018/10/28,UTTAR PRADESH,KANPUR DEHAT,0.87,-,5.37,10.09237569,2018,Oct,28
2018/10/28,UTTAR PRADESH,FIROZABAD,1.2,-,9.37,12.39099388,2018,Oct,28
2018/10/28,UTTAR PRADESH,AYODHYA,1.54,-,10.29,13.79690879,2018,Oct,28
2018/10/28,UTTAR PRADESH,KUSHINAGAR,1.02,-,9.38,17.22538637,2018,Oct,28
2018/10/28,UTTAR PRADESH,JALAUN,0.11,-,0.67,16.37465624,2018,Oct,28
2018/10/28,UTTAR PRADESH,GHAZIABAD,2.88,-,18.68,11.87081364,2018,Oct,28
2018/10/28,UTTAR PRADESH,ETAH,0.0,-,0.01,14.76255118,2018,Oct,28
2018/10/28,UTTAR PRADESH,BALLIA,0.19,-,1.28,13.02045791,2018,Oct,28
2018/10/28,UTTAR PRADESH,UNNAO,0.97,-,7.64,9.960239392,2018,Oct,28
2018/10/28,UTTAR PRADESH,MAU,1.35,-,9.51,12.67190754,2018,Oct,28
2018/10/28,UTTAR PRADESH,SITAPUR,1.15,-,7.95,11.65226209,2018,Oct,28
2018/10/28,UTTAR PRADESH,PRAYAGRAJ,1.93,-,17.01,12.15224665,2018,Oct,28
2018/10/28,UTTAR PRADESH,BAREILLY,3.53,-,23.84,13.04589189,2018,Oct,28
2018/10/28,UTTAR PRADESH,SHRAWASTI,1.26,-,11.36,16.07589986,2018,Oct,28
2018/10/28,UTTAR PRADESH,SULTANPUR,0.55,-,3.66,16.32714999,2018,Oct,28
2018/10/28,UTTAR PRADESH,GONDA,2.47,-,16.65,13.14633324,2018,Oct,28
2018/10/28,UTTAR PRADESH,GAUTAM BUDDHA NAGAR,2.62,-,16.86,12.32719948,2018,Oct,28
2018/10/28,UTTAR PRADESH,KANSIRAM NAGAR,1.91,-,16.18,12.6557102,2018,Oct,28
2018/10/28,UTTAR PRADESH,MAHARAJGANJ,0.64,-,5.7,16.76773399,2018,Oct,28
2018/10/28,UTTAR PRADESH,MAINPURI,0.18,-,1.65,11.84638824,2018,Oct,28
2018/10/28,UTTAR PRADESH,VARANASI,1.13,-,9.02,14.82148941,2018,Oct,28
2018/10/28,UTTAR PRADESH,AURAIYA,1.13,-,8.1,10.66055597,2018,Oct,28
2018/10/27,UTTAR PRADESH,FARRUKHABAD,2.33,-,16.74,12.18974255,2018,Oct,27
2018/10/27,UTTAR PRADESH,LUCKNOW,2.45,-,17.14,10.34007919,2018,Oct,27
2018/10/27,UTTAR PRADESH,KHERI,3.55,-,24.48,12.09534201,2018,Oct,27
2018/10/27,UTTAR PRADESH,CHANDAULI,1.65,-,13.13,15.28432436,2018,Oct,27
2018/10/27,UTTAR PRADESH,AMBEDKAR NAGAR,0.56,-,3.67,14.48595715,2018,Oct,27
2018/10/27,UTTAR PRADESH,BUDAUN,2.6,-,22.35,10.36711731,2018,Oct,27
2018/10/27,UTTAR PRADESH,BALRAMPUR,3.66,-,24.36,12.25719204,2018,Oct,27
2018/10/27,UTTAR PRADESH,BASTI,1.23,-,7.62,12.27009945,2018,Oct,27
2018/10/27,UTTAR PRADESH,RAMPUR,5.0,-,32.31,13.24321074,2018,Oct,27
2018/10/27,UTTAR PRADESH,MIRZAPUR,2.0,-,16.91,13.76332249,2018,Oct,27
2018/10/27,UTTAR PRADESH,JYOTIBA PHULE NAGAR,3.25,-,27.9,11.76730199,2018,Oct,27
2018/10/27,UTTAR PRADESH,LALITPUR,2.57,-,17.53,6.91712077,2018,Oct,27
2018/10/27,UTTAR PRADESH,MAHAMAYA NAGAR,0.12,-,0.76,15.74235294,2018,Oct,27
2018/10/27,UTTAR PRADESH,MATHURA,0.23,-,1.53,13.39940635,2018,Oct,27
2018/10/27,UTTAR PRADESH,MAHOBA,0.86,-,6.67,5.052370372,2018,Oct,27
2018/10/27,UTTAR PRADESH,CHITRAKOOT,1.4,-,12.26,10.4080869,2018,Oct,27
2018/10/27,UTTAR PRADESH,SAHARANPUR,5.96,-,42.16,15.77667098,2018,Oct,27
2018/10/27,UTTAR PRADESH,KANNAUJ,2.3,-,16.1,12.69402706,2018,Oct,27
2018/10/27,UTTAR PRADESH,SANT KABIR NAGAR,0.62,-,4.99,12.95029477,2018,Oct,27
2018/10/27,UTTAR PRADESH,SONBHADRA,1.64,-,11.38,17.87507858,2018,Oct,27
2018/10/27,UTTAR PRADESH,FATEHPUR,2.05,-,15.97,7.784872409,2018,Oct,27
2018/10/27,UTTAR PRADESH,BARA BANKI,0.57,-,3.51,13.27056084,2018,Oct,27
2018/10/27,UTTAR PRADESH,AZAMGARH,1.0,-,6.94,12.29714519,2018,Oct,27
2018/10/27,UTTAR PRADESH,BAGHPAT,2.58,-,17.16,12.28946765,2018,Oct,27
2018/10/27,UTTAR PRADESH,ALIGARH,0.6,-,4.19,14.75870156,2018,Oct,27
2018/10/27,UTTAR PRADESH,HARDOI,1.04,-,7.95,12.49903431,2018,Oct,27
2018/10/27,UTTAR PRADESH,RAE BARELI,1.54,-,12.47,11.20555545,2018,Oct,27
2018/10/27,UTTAR PRADESH,GHAZIPUR,3.86,-,29.66,12.45378529,2018,Oct,27
2018/10/27,UTTAR PRADESH,KAUSHAMBI,2.78,-,20.95,8.921523609,2018,Oct,27
2018/10/27,UTTAR PRADESH,BULANDSHAHR,0.85,-,5.82,13.28596948,2018,Oct,27
2018/10/27,UTTAR PRADESH,DEORIA,0.26,-,1.76,16.58452445,2018,Oct,27
2018/10/27,UTTAR PRADESH,BAHRAICH,2.17,-,18.41,12.63228115,2018,Oct,27
2018/10/27,UTTAR PRADESH,GORAKHPUR,1.51,-,11.06,13.60818178,2018,Oct,27
2018/10/27,UTTAR PRADESH,BIJNOR,5.16,-,36.33,14.72676625,2018,Oct,27
2018/10/27,UTTAR PRADESH,BANDA,0.8,-,6.56,9.258760489,2018,Oct,27
2018/10/27,UTTAR PRADESH,MUZAFFARNAGAR,2.13,-,16.08,13.61380292,2018,Oct,27
2018/10/27,UTTAR PRADESH,SANT RAVI DAS NAGAR(BHADOHI),2.51,-,17.59,12.0589757,2018,Oct,27
2018/10/27,UTTAR PRADESH,HAMIRPUR,0.14,-,1.04,9.957438744,2018,Oct,27
2018/10/27,UTTAR PRADESH,PRATAPGARH,0.33,-,2.65,13.81341386,2018,Oct,27
2018/10/27,UTTAR PRADESH,ETAWAH,1.83,-,13.1,11.47771059,2018,Oct,27
2018/10/27,UTTAR PRADESH,MORADABAD,3.19,-,23.52,12.4425757,2018,Oct,27
2018/10/27,UTTAR PRADESH,AGRA,1.41,-,10.88,13.01569814,2018,Oct,27
2018/10/27,UTTAR PRADESH,JAUNPUR,0.53,-,4.11,12.2521698,2018,Oct,27
2018/10/27,UTTAR PRADESH,KANPUR NAGAR,1.08,-,7.03,9.042842582,2018,Oct,27
2018/10/27,UTTAR PRADESH,JHANSI,2.08,-,15.48,9.221987018,2018,Oct,27
2018/10/27,UTTAR PRADESH,SIDDHARTH NAGAR,0.09,-,0.56,13.5049598,2018,Oct,27
2018/10/27,UTTAR PRADESH,MEERUT,2.9,-,18.94,13.52484628,2018,Oct,27
2018/10/27,UTTAR PRADESH,PILIBHIT,4.51,-,30.78,14.00997415,2018,Oct,27
2018/10/27,UTTAR PRADESH,SHAHJAHANPUR,1.45,-,11.81,12.88829149,2018,Oct,27
2018/10/27,UTTAR PRADESH,KANPUR DEHAT,0.89,-,5.48,10.17042201,2018,Oct,27
2018/10/27,UTTAR PRADESH,FIROZABAD,1.22,-,9.48,12.5723987,2018,Oct,27
2018/10/27,UTTAR PRADESH,AYODHYA,1.7,-,11.51,13.82870089,2018,Oct,27
2018/10/27,UTTAR PRADESH,KUSHINAGAR,1.1,-,10.15,17.24983431,2018,Oct,27
2018/10/27,UTTAR PRADESH,JALAUN,0.11,-,0.69,16.46740189,2018,Oct,27
2018/10/27,UTTAR PRADESH,GHAZIABAD,3.01,-,19.45,12.01007394,2018,Oct,27
2018/10/27,UTTAR PRADESH,ETAH,0.0,-,0.01,14.9173835,2018,Oct,27
2018/10/27,UTTAR PRADESH,BALLIA,0.23,-,1.54,13.18624344,2018,Oct,27
2018/10/27,UTTAR PRADESH,UNNAO,1.01,-,7.98,10.02736601,2018,Oct,27
2018/10/27,UTTAR PRADESH,MAU,1.45,-,10.23,12.72350803,2018,Oct,27
2018/10/27,UTTAR PRADESH,SITAPUR,1.21,-,8.37,11.7034312,2018,Oct,27
2018/10/27,UTTAR PRADESH,PRAYAGRAJ,1.97,-,17.42,12.28461073,2018,Oct,27
2018/10/27,UTTAR PRADESH,BAREILLY,3.77,-,25.39,13.14578911,2018,Oct,27
2018/10/27,UTTAR PRADESH,SHRAWASTI,1.37,-,12.39,16.10864183,2018,Oct,27
2018/10/27,UTTAR PRADESH,SULTANPUR,0.61,-,4.08,16.37460944,2018,Oct,27
2018/10/27,UTTAR PRADESH,GONDA,2.6,-,17.52,13.20221207,2018,Oct,27
2018/10/27,UTTAR PRADESH,GAUTAM BUDDHA NAGAR,2.67,-,17.16,12.53836925,2018,Oct,27
2018/10/27,UTTAR PRADESH,KANSIRAM NAGAR,1.92,-,16.28,12.76877771,2018,Oct,27
2018/10/27,UTTAR PRADESH,MAHARAJGANJ,0.68,-,6.01,16.82960701,2018,Oct,27
2018/10/27,UTTAR PRADESH,MAINPURI,0.19,-,1.75,11.97266447,2018,Oct,27
2018/10/27,UTTAR PRADESH,VARANASI,1.18,-,9.38,14.96103983,2018,Oct,27
2018/10/27,UTTAR PRADESH,AURAIYA,1.16,-,8.31,10.78630826,2018,Oct,27
2018/10/26,UTTAR PRADESH,FARRUKHABAD,2.45,-,17.49,12.38685713,2018,Oct,26
2018/10/26,UTTAR PRADESH,LUCKNOW,2.5,-,17.56,10.42608969,2018,Oct,26
2018/10/26,UTTAR PRADESH,KHERI,3.64,-,25.09,12.22459129,2018,Oct,26
2018/10/26,UTTAR PRADESH,CHANDAULI,1.72,-,13.71,15.51250813,2018,Oct,26
2018/10/26,UTTAR PRADESH,AMBEDKAR NAGAR,0.61,-,3.99,14.50094689,2018,Oct,26
2018/10/26,UTTAR PRADESH,BUDAUN,2.68,-,23.04,10.44302809,2018,Oct,26
2018/10/26,UTTAR PRADESH,BALRAMPUR,3.85,-,25.57,12.31989007,2018,Oct,26
2018/10/26,UTTAR PRADESH,BASTI,1.29,-,8.04,12.3083261,2018,Oct,26
2018/10/26,UTTAR PRADESH,RAMPUR,5.43,-,35.05,13.3287358,2018,Oct,26
2018/10/26,UTTAR PRADESH,MIRZAPUR,2.02,-,17.12,14.09092366,2018,Oct,26
2018/10/26,UTTAR PRADESH,JYOTIBA PHULE NAGAR,3.4,-,28.85,11.87302985,2018,Oct,26
2018/10/26,UTTAR PRADESH,LALITPUR,2.61,-,17.75,7.059863787,2018,Oct,26
2018/10/26,UTTAR PRADESH,MAHAMAYA NAGAR,0.13,-,0.81,15.93625621,2018,Oct,26
2018/10/26,UTTAR PRADESH,MATHURA,0.23,-,1.54,13.56733674,2018,Oct,26
2018/10/26,UTTAR PRADESH,MAHOBA,0.88,-,6.8,5.172491076,2018,Oct,26
2018/10/26,UTTAR PRADESH,CHITRAKOOT,1.41,-,12.34,10.5774445,2018,Oct,26
2018/10/26,UTTAR PRADESH,SAHARANPUR,6.17,-,43.53,15.93282968,2018,Oct,26
2018/10/26,UTTAR PRADESH,KANNAUJ,2.4,-,16.79,12.8978017,2018,Oct,26
2018/10/26,UTTAR PRADESH,SANT KABIR NAGAR,0.74,-,6.08,12.97779818,2018,Oct,26
2018/10/26,UTTAR PRADESH,SONBHADRA,1.68,-,11.68,18.18808464,2018,Oct,26
2018/10/26,UTTAR PRADESH,FATEHPUR,2.09,-,16.27,7.850046937,2018,Oct,26
2018/10/26,UTTAR PRADESH,BARA BANKI,0.6,-,3.64,13.30560357,2018,Oct,26
2018/10/26,UTTAR PRADESH,AZAMGARH,1.13,-,7.79,12.33420036,2018,Oct,26
2018/10/26,UTTAR PRADESH,BAGHPAT,2.76,-,18.32,12.44473736,2018,Oct,26
2018/10/26,UTTAR PRADESH,ALIGARH,0.61,-,4.26,14.9395898,2018,Oct,26
2018/10/26,UTTAR PRADESH,HARDOI,1.09,-,8.32,12.60669071,2018,Oct,26
2018/10/26,UTTAR PRADESH,RAE BARELI,1.59,-,12.85,11.2530195,2018,Oct,26
2018/10/26,UTTAR PRADESH,GHAZIPUR,4.04,-,30.92,12.58060862,2018,Oct,26
2018/10/26,UTTAR PRADESH,KAUSHAMBI,2.83,-,21.34,9.017574924,2018,Oct,26
2018/10/26,UTTAR PRADESH,BULANDSHAHR,0.9,-,6.12,13.41913038,2018,Oct,26
2018/10/26,UTTAR PRADESH,DEORIA,0.29,-,1.96,16.63205184,2018,Oct,26
2018/10/26,UTTAR PRADESH,BAHRAICH,2.25,-,19.0,12.69670101,2018,Oct,26
2018/10/26,UTTAR PRADESH,GORAKHPUR,1.61,-,11.72,13.66666937,2018,Oct,26
2018/10/26,UTTAR PRADESH,BIJNOR,5.41,-,37.93,14.89249413,2018,Oct,26
2018/10/26,UTTAR PRADESH,BANDA,0.81,-,6.61,9.361162008,2018,Oct,26
2018/10/26,UTTAR PRADESH,MUZAFFARNAGAR,2.3,-,17.23,13.7461622,2018,Oct,26
2018/10/26,UTTAR PRADESH,SANT RAVI DAS NAGAR(BHADOHI),2.6,-,18.23,12.17918999,2018,Oct,26
2018/10/26,UTTAR PRADESH,HAMIRPUR,0.14,-,1.06,10.04246798,2018,Oct,26
2018/10/26,UTTAR PRADESH,PRATAPGARH,0.34,-,2.75,13.90264032,2018,Oct,26
2018/10/26,UTTAR PRADESH,ETAWAH,1.92,-,13.77,11.6173918,2018,Oct,26
2018/10/26,UTTAR PRADESH,MORADABAD,3.34,-,24.49,12.52110662,2018,Oct,26
2018/10/26,UTTAR PRADESH,AGRA,1.43,-,11.07,13.21996183,2018,Oct,26
2018/10/26,UTTAR PRADESH,JAUNPUR,0.58,-,4.47,12.32897647,2018,Oct,26
2018/10/26,UTTAR PRADESH,KANPUR NAGAR,1.12,-,7.28,9.137264135,2018,Oct,26
2018/10/26,UTTAR PRADESH,JHANSI,2.1,-,15.59,9.335343927,2018,Oct,26
2018/10/26,UTTAR PRADESH,SIDDHARTH NAGAR,0.11,-,0.67,13.53568375,2018,Oct,26
2018/10/26,UTTAR PRADESH,MEERUT,3.08,-,20.12,13.66500253,2018,Oct,26
2018/10/26,UTTAR PRADESH,PILIBHIT,4.73,-,32.16,14.14808244,2018,Oct,26
2018/10/26,UTTAR PRADESH,SHAHJAHANPUR,1.55,-,12.54,12.97221841,2018,Oct,26
2018/10/26,UTTAR PRADESH,KANPUR DEHAT,0.91,-,5.61,10.26740719,2018,Oct,26
2018/10/26,UTTAR PRADESH,FIROZABAD,1.23,-,9.61,12.77872985,2018,Oct,26
2018/10/26,UTTAR PRADESH,AYODHYA,1.87,-,12.81,13.86635436,2018,Oct,26
2018/10/26,UTTAR PRADESH,KUSHINAGAR,1.18,-,10.84,17.28311648,2018,Oct,26
2018/10/26,UTTAR PRADESH,JALAUN,0.12,-,0.7,16.57274491,2018,Oct,26
2018/10/26,UTTAR PRADESH,GHAZIABAD,3.13,-,20.26,12.14809446,2018,Oct,26
2018/10/26,UTTAR PRADESH,ETAH,0.0,-,0.01,15.0882602,2018,Oct,26
2018/10/26,UTTAR PRADESH,BALLIA,0.27,-,1.82,13.35959818,2018,Oct,26
2018/10/26,UTTAR PRADESH,UNNAO,1.07,-,8.41,10.11252913,2018,Oct,26
2018/10/26,UTTAR PRADESH,MAU,1.55,-,10.94,12.77691408,2018,Oct,26
2018/10/26,UTTAR PRADESH,SITAPUR,1.28,-,8.84,11.75789696,2018,Oct,26
2018/10/26,UTTAR PRADESH,PRAYAGRAJ,2.02,-,17.87,12.4293562,2018,Oct,26
2018/10/26,UTTAR PRADESH,BAREILLY,4.05,-,27.1,13.26277016,2018,Oct,26
2018/10/26,UTTAR PRADESH,SHRAWASTI,1.5,-,13.56,16.14734352,2018,Oct,26
2018/10/26,UTTAR PRADESH,SULTANPUR,0.68,-,4.57,16.42548562,2018,Oct,26
2018/10/26,UTTAR PRADESH,GONDA,2.75,-,18.47,13.26463438,2018,Oct,26
2018/10/26,UTTAR PRADESH,GAUTAM BUDDHA NAGAR,2.72,-,17.49,12.76247967,2018,Oct,26
2018/10/26,UTTAR PRADESH,KANSIRAM NAGAR,1.95,-,16.45,12.88569957,2018,Oct,26
2018/10/26,UTTAR PRADESH,MAHARAJGANJ,0.73,-,6.39,16.89326875,2018,Oct,26
2018/10/26,UTTAR PRADESH,MAINPURI,0.21,-,1.89,12.11092424,2018,Oct,26
2018/10/26,UTTAR PRADESH,VARANASI,1.23,-,9.78,15.10385173,2018,Oct,26
2018/10/26,UTTAR PRADESH,AURAIYA,1.19,-,8.54,10.91874008,2018,Oct,26
2018/10/25,UTTAR PRADESH,FARRUKHABAD,2.55,-,18.18,12.59375294,2018,Oct,25
2018/10/25,UTTAR PRADESH,LUCKNOW,2.57,-,18.04,10.51611683,2018,Oct,25
2018/10/25,UTTAR PRADESH,KHERI,3.74,-,25.75,12.36125477,2018,Oct,25
2018/10/25,UTTAR PRADESH,CHANDAULI,1.81,-,14.35,15.75419158,2018,Oct,25
2018/10/25,UTTAR PRADESH,AMBEDKAR NAGAR,0.66,-,4.38,14.51538999,2018,Oct,25
2018/10/25,UTTAR PRADESH,BUDAUN,2.77,-,23.7,10.52244376,2018,Oct,25
2018/10/25,UTTAR PRADESH,BALRAMPUR,4.05,-,26.86,12.39054496,2018,Oct,25
2018/10/25,UTTAR PRADESH,BASTI,1.37,-,8.55,12.34538107,2018,Oct,25
2018/10/25,UTTAR PRADESH,RAMPUR,5.87,-,37.77,13.42129705,2018,Oct,25
2018/10/25,UTTAR PRADESH,MIRZAPUR,2.06,-,17.37,14.43026098,2018,Oct,25
2018/10/25,UTTAR PRADESH,JYOTIBA PHULE NAGAR,3.55,-,29.82,11.98806875,2018,Oct,25
2018/10/25,UTTAR PRADESH,LALITPUR,2.64,-,18.0,7.218177778,2018,Oct,25
2018/10/25,UTTAR PRADESH,MAHAMAYA NAGAR,0.14,-,0.84,16.12175933,2018,Oct,25
2018/10/25,UTTAR PRADESH,MATHURA,0.23,-,1.55,13.73512951,2018,Oct,25
2018/10/25,UTTAR PRADESH,MAHOBA,0.88,-,6.86,5.304382953,2018,Oct,25
2018/10/25,UTTAR PRADESH,CHITRAKOOT,1.41,-,12.43,10.73218034,2018,Oct,25
2018/10/25,UTTAR PRADESH,SAHARANPUR,6.41,-,45.05,16.12027105,2018,Oct,25
2018/10/25,UTTAR PRADESH,KANNAUJ,2.51,-,17.52,13.10510211,2018,Oct,25
2018/10/25,UTTAR PRADESH,SANT KABIR NAGAR,0.89,-,7.32,13.00763151,2018,Oct,25
2018/10/25,UTTAR PRADESH,SONBHADRA,1.73,-,12.01,18.52265042,2018,Oct,25
2018/10/25,UTTAR PRADESH,FATEHPUR,2.13,-,16.58,7.917067226,2018,Oct,25
2018/10/25,UTTAR PRADESH,BARA BANKI,0.63,-,3.81,13.34803902,2018,Oct,25
2018/10/25,UTTAR PRADESH,AZAMGARH,1.28,-,8.73,12.37536233,2018,Oct,25
2018/10/25,UTTAR PRADESH,BAGHPAT,2.96,-,19.67,12.60554576,2018,Oct,25
2018/10/25,UTTAR PRADESH,ALIGARH,0.62,-,4.34,15.11429593,2018,Oct,25
2018/10/25,UTTAR PRADESH,HARDOI,1.15,-,8.74,12.71810667,2018,Oct,25
2018/10/25,UTTAR PRADESH,RAE BARELI,1.65,-,13.3,11.31512647,2018,Oct,25
2018/10/25,UTTAR PRADESH,GHAZIPUR,4.2,-,32.08,12.7116099,2018,Oct,25
2018/10/25,UTTAR PRADESH,KAUSHAMBI,2.89,-,21.74,9.115087893,2018,Oct,25
2018/10/25,UTTAR PRADESH,BULANDSHAHR,0.95,-,6.45,13.54732325,2018,Oct,25
2018/10/25,UTTAR PRADESH,DEORIA,0.32,-,2.19,16.67729128,2018,Oct,25
2018/10/25,UTTAR PRADESH,BAHRAICH,2.33,-,19.67,12.76606787,2018,Oct,25
2018/10/25,UTTAR PRADESH,GORAKHPUR,1.71,-,12.39,13.72847338,2018,Oct,25
2018/10/25,UTTAR PRADESH,BIJNOR,5.68,-,39.58,15.06644471,2018,Oct,25
2018/10/25,UTTAR PRADESH,BANDA,0.82,-,6.66,9.461242971,2018,Oct,25
2018/10/25,UTTAR PRADESH,MUZAFFARNAGAR,2.49,-,18.51,13.89058499,2018,Oct,25
2018/10/25,UTTAR PRADESH,SANT RAVI DAS NAGAR(BHADOHI),2.69,-,18.81,12.31172297,2018,Oct,25
2018/10/25,UTTAR PRADESH,HAMIRPUR,0.15,-,1.07,10.13510956,2018,Oct,25
2018/10/25,UTTAR PRADESH,PRATAPGARH,0.35,-,2.86,13.99094427,2018,Oct,25
2018/10/25,UTTAR PRADESH,ETAWAH,2.02,-,14.49,11.75512252,2018,Oct,25
2018/10/25,UTTAR PRADESH,MORADABAD,3.5,-,25.47,12.60230179,2018,Oct,25
2018/10/25,UTTAR PRADESH,AGRA,1.46,-,11.29,13.43830255,2018,Oct,25
2018/10/25,UTTAR PRADESH,JAUNPUR,0.63,-,4.84,12.40881037,2018,Oct,25
2018/10/25,UTTAR PRADESH,KANPUR NAGAR,1.16,-,7.54,9.234390812,2018,Oct,25
2018/10/25,UTTAR PRADESH,JHANSI,2.12,-,15.76,9.465612575,2018,Oct,25
2018/10/25,UTTAR PRADESH,SIDDHARTH NAGAR,0.12,-,0.77,13.5585157,2018,Oct,25
2018/10/25,UTTAR PRADESH,MEERUT,3.3,-,21.47,13.82225899,2018,Oct,25
2018/10/25,UTTAR PRADESH,PILIBHIT,4.96,-,33.6,14.2791365,2018,Oct,25
2018/10/25,UTTAR PRADESH,SHAHJAHANPUR,1.65,-,13.29,13.05966365,2018,Oct,25
2018/10/25,UTTAR PRADESH,KANPUR DEHAT,0.93,-,5.75,10.36499448,2018,Oct,25
2018/10/25,UTTAR PRADESH,FIROZABAD,1.26,-,9.79,12.9733549,2018,Oct,25
2018/10/25,UTTAR PRADESH,AYODHYA,2.04,-,14.1,13.90110288,2018,Oct,25
2018/10/25,UTTAR PRADESH,KUSHINAGAR,1.24,-,11.36,17.32313594,2018,Oct,25
2018/10/25,UTTAR PRADESH,JALAUN,0.12,-,0.71,16.68533621,2018,Oct,25
2018/10/25,UTTAR PRADESH,GHAZIABAD,3.28,-,21.16,12.29811268,2018,Oct,25
2018/10/25,UTTAR PRADESH,ETAH,0.0,-,0.01,15.25815992,2018,Oct,25
2018/10/25,UTTAR PRADESH,BALLIA,0.32,-,2.14,13.55364928,2018,Oct,25
2018/10/25,UTTAR PRADESH,UNNAO,1.12,-,8.84,10.19853427,2018,Oct,25
2018/10/25,UTTAR PRADESH,MAU,1.64,-,11.61,12.83210896,2018,Oct,25
2018/10/25,UTTAR PRADESH,SITAPUR,1.36,-,9.37,11.81645718,2018,Oct,25
2018/10/25,UTTAR PRADESH,PRAYAGRAJ,2.07,-,18.29,12.57132365,2018,Oct,25
2018/10/25,UTTAR PRADESH,BAREILLY,4.32,-,28.85,13.38200704,2018,Oct,25
2018/10/25,UTTAR PRADESH,SHRAWASTI,1.64,-,14.77,16.19474812,2018,Oct,25
2018/10/25,UTTAR PRADESH,SULTANPUR,0.76,-,5.07,16.47366744,2018,Oct,25
2018/10/25,UTTAR PRADESH,GONDA,2.89,-,19.42,13.33052758,2018,Oct,25
2018/10/25,UTTAR PRADESH,GAUTAM BUDDHA NAGAR,2.76,-,17.79,12.97974477,2018,Oct,25
2018/10/25,UTTAR PRADESH,KANSIRAM NAGAR,1.96,-,16.6,12.99582577,2018,Oct,25
2018/10/25,UTTAR PRADESH,MAHARAJGANJ,0.78,-,6.78,16.95806194,2018,Oct,25
2018/10/25,UTTAR PRADESH,MAINPURI,0.23,-,2.09,12.25526106,2018,Oct,25
2018/10/25,UTTAR PRADESH,VARANASI,1.29,-,10.19,15.25349218,2018,Oct,25
2018/10/25,UTTAR PRADESH,AURAIYA,1.24,-,8.88,11.05280765,2018,Oct,25
2018/10/24,UTTAR PRADESH,FARRUKHABAD,2.66,-,18.89,12.79521385,2018,Oct,24
2018/10/24,UTTAR PRADESH,LUCKNOW,2.62,-,18.42,10.5935506,2018,Oct,24
2018/10/24,UTTAR PRADESH,KHERI,3.84,-,26.35,12.48941116,2018,Oct,24
2018/10/24,UTTAR PRADESH,CHANDAULI,1.9,-,15.03,16.00426879,2018,Oct,24
2018/10/24,UTTAR PRADESH,AMBEDKAR NAGAR,0.73,-,4.81,14.53141597,2018,Oct,24
2018/10/24,UTTAR PRADESH,BUDAUN,2.84,-,24.29,10.59125954,2018,Oct,24
2018/10/24,UTTAR PRADESH,BALRAMPUR,4.23,-,28.0,12.45133924,2018,Oct,24
2018/10/24,UTTAR PRADESH,BASTI,1.45,-,9.11,12.38385976,2018,Oct,24
2018/10/24,UTTAR PRADESH,RAMPUR,6.27,-,40.26,13.51745366,2018,Oct,24
2018/10/24,UTTAR PRADESH,MIRZAPUR,2.09,-,17.62,14.77063685,2018,Oct,24
2018/10/24,UTTAR PRADESH,JYOTIBA PHULE NAGAR,3.7,-,30.76,12.08521652,2018,Oct,24
2018/10/24,UTTAR PRADESH,LALITPUR,2.67,-,18.2,7.357043317,2018,Oct,24
2018/10/24,UTTAR PRADESH,MAHAMAYA NAGAR,0.14,-,0.89,16.32605481,2018,Oct,24
2018/10/24,UTTAR PRADESH,MATHURA,0.23,-,1.56,13.91470743,2018,Oct,24
2018/10/24,UTTAR PRADESH,MAHOBA,0.89,-,6.95,5.42275149,2018,Oct,24
2018/10/24,UTTAR PRADESH,CHITRAKOOT,1.42,-,12.51,10.90194671,2018,Oct,24
2018/10/24,UTTAR PRADESH,SAHARANPUR,6.61,-,46.31,16.29272789,2018,Oct,24
2018/10/24,UTTAR PRADESH,KANNAUJ,2.63,-,18.32,13.32553379,2018,Oct,24
2018/10/24,UTTAR PRADESH,SANT KABIR NAGAR,1.03,-,8.58,13.03535745,2018,Oct,24
2018/10/24,UTTAR PRADESH,SONBHADRA,1.78,-,12.32,18.86214319,2018,Oct,24
2018/10/24,UTTAR PRADESH,FATEHPUR,2.18,-,16.95,7.995564788,2018,Oct,24
2018/10/24,UTTAR PRADESH,BARA BANKI,0.65,-,3.99,13.38225896,2018,Oct,24
2018/10/24,UTTAR PRADESH,AZAMGARH,1.44,-,9.84,12.42390942,2018,Oct,24
2018/10/24,UTTAR PRADESH,BAGHPAT,3.15,-,20.92,12.74735689,2018,Oct,24
2018/10/24,UTTAR PRADESH,ALIGARH,0.64,-,4.44,15.30264157,2018,Oct,24
2018/10/24,UTTAR PRADESH,HARDOI,1.2,-,9.15,12.81822379,2018,Oct,24
2018/10/24,UTTAR PRADESH,RAE BARELI,1.72,-,13.88,11.37452089,2018,Oct,24
2018/10/24,UTTAR PRADESH,GHAZIPUR,4.37,-,33.24,12.86642748,2018,Oct,24
2018/10/24,UTTAR PRADESH,KAUSHAMBI,2.96,-,22.22,9.225306307,2018,Oct,24
2018/10/24,UTTAR PRADESH,BULANDSHAHR,1.01,-,6.8,13.66257659,2018,Oct,24
2018/10/24,UTTAR PRADESH,DEORIA,0.35,-,2.4,16.73767136,2018,Oct,24
2018/10/24,UTTAR PRADESH,BAHRAICH,2.41,-,20.3,12.83791354,2018,Oct,24
2018/10/24,UTTAR PRADESH,GORAKHPUR,1.82,-,13.1,13.78909017,2018,Oct,24
2018/10/24,UTTAR PRADESH,BIJNOR,5.9,-,40.99,15.23129555,2018,Oct,24
2018/10/24,UTTAR PRADESH,BANDA,0.83,-,6.72,9.56853434,2018,Oct,24
2018/10/24,UTTAR PRADESH,MUZAFFARNAGAR,2.66,-,19.6,14.0198563,2018,Oct,24
2018/10/24,UTTAR PRADESH,SANT RAVI DAS NAGAR(BHADOHI),2.78,-,19.37,12.4369318,2018,Oct,24
2018/10/24,UTTAR PRADESH,HAMIRPUR,0.15,-,1.1,10.22516993,2018,Oct,24
2018/10/24,UTTAR PRADESH,PRATAPGARH,0.37,-,2.99,14.09148631,2018,Oct,24
2018/10/24,UTTAR PRADESH,ETAWAH,2.11,-,15.2,11.89543178,2018,Oct,24
2018/10/24,UTTAR PRADESH,MORADABAD,3.65,-,26.4,12.683932,2018,Oct,24
2018/10/24,UTTAR PRADESH,AGRA,1.49,-,11.51,13.65710004,2018,Oct,24
2018/10/24,UTTAR PRADESH,JAUNPUR,0.7,-,5.32,12.49360316,2018,Oct,24
2018/10/24,UTTAR PRADESH,KANPUR NAGAR,1.2,-,7.82,9.336759464,2018,Oct,24
2018/10/24,UTTAR PRADESH,JHANSI,2.14,-,15.9,9.579413049,2018,Oct,24
2018/10/24,UTTAR PRADESH,SIDDHARTH NAGAR,0.15,-,0.91,13.58551815,2018,Oct,24
2018/10/24,UTTAR PRADESH,MEERUT,3.51,-,22.75,13.9655659,2018,Oct,24
2018/10/24,UTTAR PRADESH,PILIBHIT,5.18,-,34.99,14.40835368,2018,Oct,24
2018/10/24,UTTAR PRADESH,SHAHJAHANPUR,1.74,-,13.94,13.14151919,2018,Oct,24
2018/10/24,UTTAR PRADESH,KANPUR DEHAT,0.95,-,5.88,10.46785598,2018,Oct,24
2018/10/24,UTTAR PRADESH,FIROZABAD,1.29,-,9.98,13.18730468,2018,Oct,24
2018/10/24,UTTAR PRADESH,AYODHYA,2.22,-,15.45,13.94022302,2018,Oct,24
2018/10/24,UTTAR PRADESH,KUSHINAGAR,1.29,-,11.74,17.3595875,2018,Oct,24
2018/10/24,UTTAR PRADESH,JALAUN,0.12,-,0.73,16.80643502,2018,Oct,24
2018/10/24,UTTAR PRADESH,GHAZIABAD,3.41,-,21.97,12.43290979,2018,Oct,24
2018/10/24,UTTAR PRADESH,ETAH,0.0,-,0.02,15.4437779,2018,Oct,24
2018/10/24,UTTAR PRADESH,BALLIA,0.37,-,2.51,13.78038943,2018,Oct,24
2018/10/24,UTTAR PRADESH,UNNAO,1.17,-,9.27,10.27845401,2018,Oct,24
2018/10/24,UTTAR PRADESH,MAU,1.75,-,12.39,12.9183714,2018,Oct,24
2018/10/24,UTTAR PRADESH,SITAPUR,1.44,-,9.86,11.87264512,2018,Oct,24
2018/10/24,UTTAR PRADESH,PRAYAGRAJ,2.12,-,18.71,12.72461307,2018,Oct,24
2018/10/24,UTTAR PRADESH,BAREILLY,4.57,-,30.43,13.50148486,2018,Oct,24
2018/10/24,UTTAR PRADESH,SHRAWASTI,1.74,-,15.74,16.23052891,2018,Oct,24
2018/10/24,UTTAR PRADESH,SULTANPUR,0.84,-,5.65,16.5237193,2018,Oct,24
2018/10/24,UTTAR PRADESH,GONDA,3.04,-,20.37,13.3949558,2018,Oct,24
2018/10/24,UTTAR PRADESH,GAUTAM BUDDHA NAGAR,2.81,-,18.05,13.19048925,2018,Oct,24
2018/10/24,UTTAR PRADESH,KANSIRAM NAGAR,1.98,-,16.74,13.11798146,2018,Oct,24
2018/10/24,UTTAR PRADESH,MAHARAJGANJ,0.83,-,7.14,17.02875779,2018,Oct,24
2018/10/24,UTTAR PRADESH,MAINPURI,0.26,-,2.37,12.41522279,2018,Oct,24
2018/10/24,UTTAR PRADESH,VARANASI,1.35,-,10.62,15.38677437,2018,Oct,24
2018/10/24,UTTAR PRADESH,AURAIYA,1.3,-,9.25,11.19783377,2018,Oct,24
2018/10/23,UTTAR PRADESH,FARRUKHABAD,2.81,-,19.82,13.0301466,2018,Oct,23
2018/10/23,UTTAR PRADESH,LUCKNOW,2.71,-,19.0,10.69855585,2018,Oct,23
2018/10/23,UTTAR PRADESH,KHERI,3.95,-,27.06,12.63911848,2018,Oct,23
2018/10/23,UTTAR PRADESH,CHANDAULI,1.99,-,15.66,16.26166796,2018,Oct,23
2018/10/23,UTTAR PRADESH,AMBEDKAR NAGAR,0.81,-,5.4,14.55337507,2018,Oct,23
2018/10/23,UTTAR PRADESH,BUDAUN,2.94,-,25.03,10.68063123,2018,Oct,23
2018/10/23,UTTAR PRADESH,BALRAMPUR,4.45,-,29.4,12.52905276,2018,Oct,23
2018/10/23,UTTAR PRADESH,BASTI,1.57,-,9.9,12.42582813,2018,Oct,23
2018/10/23,UTTAR PRADESH,RAMPUR,6.72,-,43.0,13.62280959,2018,Oct,23
2018/10/23,UTTAR PRADESH,MIRZAPUR,2.12,-,17.84,15.11794744,2018,Oct,23
2018/10/23,UTTAR PRADESH,JYOTIBA PHULE NAGAR,3.87,-,31.88,12.20851804,2018,Oct,23
2018/10/23,UTTAR PRADESH,LALITPUR,2.71,-,18.44,7.512459138,2018,Oct,23
2018/10/23,UTTAR PRADESH,MAHAMAYA NAGAR,0.15,-,0.94,16.55878177,2018,Oct,23
2018/10/23,UTTAR PRADESH,MATHURA,0.24,-,1.58,14.12906258,2018,Oct,23
2018/10/23,UTTAR PRADESH,MAHOBA,0.9,-,7.04,5.546946696,2018,Oct,23
2018/10/23,UTTAR PRADESH,CHITRAKOOT,1.43,-,12.6,11.06026655,2018,Oct,23
2018/10/23,UTTAR PRADESH,SAHARANPUR,6.82,-,47.71,16.49518356,2018,Oct,23
2018/10/23,UTTAR PRADESH,KANNAUJ,2.75,-,19.14,13.56774764,2018,Oct,23
2018/10/23,UTTAR PRADESH,SANT KABIR NAGAR,1.2,-,9.94,13.07156793,2018,Oct,23
2018/10/23,UTTAR PRADESH,SONBHADRA,1.82,-,12.67,19.20934404,2018,Oct,23
2018/10/23,UTTAR PRADESH,FATEHPUR,2.23,-,17.32,8.083579923,2018,Oct,23
2018/10/23,UTTAR PRADESH,BARA BANKI,0.69,-,4.24,13.42719425,2018,Oct,23
2018/10/23,UTTAR PRADESH,AZAMGARH,1.62,-,11.01,12.47000146,2018,Oct,23
2018/10/23,UTTAR PRADESH,BAGHPAT,3.37,-,22.36,12.89412014,2018,Oct,23
2018/10/23,UTTAR PRADESH,ALIGARH,0.65,-,4.52,15.52224833,2018,Oct,23
2018/10/23,UTTAR PRADESH,HARDOI,1.28,-,9.69,12.9488208,2018,Oct,23
2018/10/23,UTTAR PRADESH,RAE BARELI,1.8,-,14.56,11.43722557,2018,Oct,23
2018/10/23,UTTAR PRADESH,GHAZIPUR,4.55,-,34.47,13.04869353,2018,Oct,23
2018/10/23,UTTAR PRADESH,KAUSHAMBI,3.01,-,22.62,9.325780006,2018,Oct,23
2018/10/23,UTTAR PRADESH,BULANDSHAHR,1.08,-,7.23,13.79458826,2018,Oct,23
2018/10/23,UTTAR PRADESH,DEORIA,0.39,-,2.65,16.79242276,2018,Oct,23
2018/10/23,UTTAR PRADESH,BAHRAICH,2.5,-,21.0,12.91276361,2018,Oct,23
2018/10/23,UTTAR PRADESH,GORAKHPUR,1.95,-,13.99,13.85568693,2018,Oct,23
2018/10/23,UTTAR PRADESH,BIJNOR,6.16,-,42.61,15.42634574,2018,Oct,23
2018/10/23,UTTAR PRADESH,BANDA,0.83,-,6.78,9.674265258,2018,Oct,23
2018/10/23,UTTAR PRADESH,MUZAFFARNAGAR,2.85,-,20.91,14.16309415,2018,Oct,23
2018/10/23,UTTAR PRADESH,SANT RAVI DAS NAGAR(BHADOHI),2.85,-,19.86,12.56559511,2018,Oct,23
2018/10/23,UTTAR PRADESH,HAMIRPUR,0.15,-,1.12,10.32695281,2018,Oct,23
2018/10/23,UTTAR PRADESH,PRATAPGARH,0.38,-,3.1,14.19017732,2018,Oct,23
2018/10/23,UTTAR PRADESH,ETAWAH,2.22,-,16.01,12.05675445,2018,Oct,23
2018/10/23,UTTAR PRADESH,MORADABAD,3.82,-,27.48,12.77670786,2018,Oct,23
2018/10/23,UTTAR PRADESH,AGRA,1.53,-,11.8,13.91164304,2018,Oct,23
2018/10/23,UTTAR PRADESH,JAUNPUR,0.78,-,5.87,12.59153274,2018,Oct,23
2018/10/23,UTTAR PRADESH,KANPUR NAGAR,1.26,-,8.19,9.452714593,2018,Oct,23
2018/10/23,UTTAR PRADESH,JHANSI,2.16,-,16.05,9.708530552,2018,Oct,23
2018/10/23,UTTAR PRADESH,SIDDHARTH NAGAR,0.17,-,1.06,13.61573593,2018,Oct,23
2018/10/23,UTTAR PRADESH,MEERUT,3.73,-,24.13,14.11537824,2018,Oct,23
2018/10/23,UTTAR PRADESH,PILIBHIT,5.44,-,36.56,14.56225325,2018,Oct,23
2018/10/23,UTTAR PRADESH,SHAHJAHANPUR,1.86,-,14.8,13.24059488,2018,Oct,23
2018/10/23,UTTAR PRADESH,KANPUR DEHAT,0.98,-,6.03,10.58724605,2018,Oct,23
2018/10/23,UTTAR PRADESH,FIROZABAD,1.33,-,10.29,13.42014602,2018,Oct,23
2018/10/23,UTTAR PRADESH,AYODHYA,2.41,-,16.88,13.98216911,2018,Oct,23
2018/10/23,UTTAR PRADESH,KUSHINAGAR,1.33,-,12.08,17.39418928,2018,Oct,23
2018/10/23,UTTAR PRADESH,JALAUN,0.13,-,0.76,16.93915465,2018,Oct,23
2018/10/23,UTTAR PRADESH,GHAZIABAD,3.56,-,22.91,12.58365457,2018,Oct,23
2018/10/23,UTTAR PRADESH,ETAH,0.0,-,0.03,15.64912611,2018,Oct,23
2018/10/23,UTTAR PRADESH,BALLIA,0.43,-,2.91,14.01794196,2018,Oct,23
2018/10/23,UTTAR PRADESH,UNNAO,1.25,-,9.9,10.38079222,2018,Oct,23
2018/10/23,UTTAR PRADESH,MAU,1.88,-,13.3,12.99676191,2018,Oct,23
2018/10/23,UTTAR PRADESH,SITAPUR,1.53,-,10.45,11.93907515,2018,Oct,23
2018/10/23,UTTAR PRADESH,PRAYAGRAJ,2.16,-,19.08,12.87143724,2018,Oct,23
2018/10/23,UTTAR PRADESH,BAREILLY,4.87,-,32.26,13.63718093,2018,Oct,23
2018/10/23,UTTAR PRADESH,SHRAWASTI,1.87,-,16.86,16.27525008,2018,Oct,23
2018/10/23,UTTAR PRADESH,SULTANPUR,0.94,-,6.33,16.58476208,2018,Oct,23
2018/10/23,UTTAR PRADESH,GONDA,3.21,-,21.49,13.46714016,2018,Oct,23
2018/10/23,UTTAR PRADESH,GAUTAM BUDDHA NAGAR,2.87,-,18.43,13.44694984,2018,Oct,23
2018/10/23,UTTAR PRADESH,KANSIRAM NAGAR,2.01,-,16.92,13.25611938,2018,Oct,23
2018/10/23,UTTAR PRADESH,MAHARAJGANJ,0.88,-,7.51,17.09496421,2018,Oct,23
2018/10/23,UTTAR PRADESH,MAINPURI,0.3,-,2.69,12.5775668,2018,Oct,23
2018/10/23,UTTAR PRADESH,VARANASI,1.42,-,11.04,15.54471413,2018,Oct,23
2018/10/23,UTTAR PRADESH,AURAIYA,1.37,-,9.74,11.35081873,2018,Oct,23
2018/10/22,UTTAR PRADESH,FARRUKHABAD,2.95,-,20.76,13.27230364,2018,Oct,22
2018/10/22,UTTAR PRADESH,LUCKNOW,2.79,-,19.58,10.80166736,2018,Oct,22
2018/10/22,UTTAR PRADESH,KHERI,4.07,-,27.82,12.80847563,2018,Oct,22
2018/10/22,UTTAR PRADESH,CHANDAULI,2.08,-,16.29,16.56494464,2018,Oct,22
2018/10/22,UTTAR PRADESH,AMBEDKAR NAGAR,0.92,-,6.12,14.58145443,2018,Oct,22
2018/10/22,UTTAR PRADESH,BUDAUN,3.04,-,25.81,10.79099729,2018,Oct,22
2018/10/22,UTTAR PRADESH,BALRAMPUR,4.69,-,30.92,12.6083798,2018,Oct,22
2018/10/22,UTTAR PRADESH,BASTI,1.73,-,10.92,12.46812111,2018,Oct,22
2018/10/22,UTTAR PRADESH,RAMPUR,7.15,-,45.7,13.75170252,2018,Oct,22
2018/10/22,UTTAR PRADESH,MIRZAPUR,2.16,-,18.12,15.52340406,2018,Oct,22
2018/10/22,UTTAR PRADESH,JYOTIBA PHULE NAGAR,4.06,-,33.11,12.3404092,2018,Oct,22
2018/10/22,UTTAR PRADESH,LALITPUR,2.74,-,18.68,7.7107992,2018,Oct,22
2018/10/22,UTTAR PRADESH,MAHAMAYA NAGAR,0.16,-,0.99,16.80809349,2018,Oct,22
2018/10/22,UTTAR PRADESH,MATHURA,0.24,-,1.61,14.33556421,2018,Oct,22
2018/10/22,UTTAR PRADESH,MAHOBA,0.91,-,7.13,5.714468001,2018,Oct,22
2018/10/22,UTTAR PRADESH,CHITRAKOOT,1.44,-,12.69,11.24870062,2018,Oct,22
2018/10/22,UTTAR PRADESH,SAHARANPUR,7.04,-,49.14,16.70347745,2018,Oct,22
2018/10/22,UTTAR PRADESH,KANNAUJ,2.87,-,20.0,13.80536501,2018,Oct,22
2018/10/22,UTTAR PRADESH,SANT KABIR NAGAR,1.4,-,11.58,13.11920558,2018,Oct,22
2018/10/22,UTTAR PRADESH,SONBHADRA,1.88,-,13.02,19.5727473,2018,Oct,22
2018/10/22,UTTAR PRADESH,FATEHPUR,2.28,-,17.72,8.180530036,2018,Oct,22
2018/10/22,UTTAR PRADESH,BARA BANKI,0.74,-,4.52,13.47456763,2018,Oct,22
2018/10/22,UTTAR PRADESH,AZAMGARH,1.81,-,12.27,12.52285249,2018,Oct,22
2018/10/22,UTTAR PRADESH,BAGHPAT,3.62,-,24.0,13.08471107,2018,Oct,22
2018/10/22,UTTAR PRADESH,ALIGARH,0.66,-,4.59,15.75190318,2018,Oct,22
2018/10/22,UTTAR PRADESH,HARDOI,1.37,-,10.26,13.06850494,2018,Oct,22
2018/10/22,UTTAR PRADESH,RAE BARELI,1.89,-,15.25,11.51283662,2018,Oct,22
2018/10/22,UTTAR PRADESH,GHAZIPUR,4.71,-,35.62,13.25416438,2018,Oct,22
2018/10/22,UTTAR PRADESH,KAUSHAMBI,3.08,-,23.08,9.438139303,2018,Oct,22
2018/10/22,UTTAR PRADESH,BULANDSHAHR,1.18,-,7.84,13.94040393,2018,Oct,22
2018/10/22,UTTAR PRADESH,DEORIA,0.43,-,2.96,16.85962216,2018,Oct,22
2018/10/22,UTTAR PRADESH,BAHRAICH,2.61,-,21.78,12.99937838,2018,Oct,22
2018/10/22,UTTAR PRADESH,GORAKHPUR,2.14,-,15.17,13.93438974,2018,Oct,22
2018/10/22,UTTAR PRADESH,BIJNOR,6.42,-,44.25,15.62911897,2018,Oct,22
2018/10/22,UTTAR PRADESH,BANDA,0.84,-,6.85,9.810796542,2018,Oct,22
2018/10/22,UTTAR PRADESH,MUZAFFARNAGAR,3.08,-,22.42,14.32309215,2018,Oct,22
2018/10/22,UTTAR PRADESH,SANT RAVI DAS NAGAR(BHADOHI),2.94,-,20.45,12.71940151,2018,Oct,22
2018/10/22,UTTAR PRADESH,HAMIRPUR,0.15,-,1.14,10.45095658,2018,Oct,22
2018/10/22,UTTAR PRADESH,PRATAPGARH,0.4,-,3.23,14.29725665,2018,Oct,22
2018/10/22,UTTAR PRADESH,ETAWAH,2.33,-,16.79,12.21701862,2018,Oct,22
2018/10/22,UTTAR PRADESH,MORADABAD,4.01,-,28.68,12.87947644,2018,Oct,22
2018/10/22,UTTAR PRADESH,AGRA,1.57,-,12.07,14.1598746,2018,Oct,22
2018/10/22,UTTAR PRADESH,JAUNPUR,0.87,-,6.49,12.68567154,2018,Oct,22
2018/10/22,UTTAR PRADESH,KANPUR NAGAR,1.32,-,8.57,9.589552982,2018,Oct,22
2018/10/22,UTTAR PRADESH,JHANSI,2.18,-,16.22,9.860022441,2018,Oct,22
2018/10/22,UTTAR PRADESH,SIDDHARTH NAGAR,0.2,-,1.28,13.64513907,2018,Oct,22
2018/10/22,UTTAR PRADESH,MEERUT,4.0,-,25.81,14.30240226,2018,Oct,22
2018/10/22,UTTAR PRADESH,PILIBHIT,5.72,-,38.29,14.73534091,2018,Oct,22
2018/10/22,UTTAR PRADESH,SHAHJAHANPUR,1.98,-,15.66,13.35183199,2018,Oct,22
2018/10/22,UTTAR PRADESH,KANPUR DEHAT,1.0,-,6.19,10.70904161,2018,Oct,22
2018/10/22,UTTAR PRADESH,FIROZABAD,1.38,-,10.67,13.66315379,2018,Oct,22
2018/10/22,UTTAR PRADESH,AYODHYA,2.62,-,18.37,14.03294093,2018,Oct,22
2018/10/22,UTTAR PRADESH,KUSHINAGAR,1.38,-,12.42,17.43813601,2018,Oct,22
2018/10/22,UTTAR PRADESH,JALAUN,0.13,-,0.77,17.10296395,2018,Oct,22
2018/10/22,UTTAR PRADESH,GHAZIABAD,3.74,-,24.0,12.76840054,2018,Oct,22
2018/10/22,UTTAR PRADESH,ETAH,0.01,-,0.05,15.87538688,2018,Oct,22
2018/10/22,UTTAR PRADESH,BALLIA,0.49,-,3.25,14.26778559,2018,Oct,22
2018/10/22,UTTAR PRADESH,UNNAO,1.33,-,10.54,10.49601694,2018,Oct,22
2018/10/22,UTTAR PRADESH,MAU,1.99,-,14.03,13.08855736,2018,Oct,22
2018/10/22,UTTAR PRADESH,SITAPUR,1.62,-,11.1,12.00875791,2018,Oct,22
2018/10/22,UTTAR PRADESH,PRAYAGRAJ,2.21,-,19.46,13.04044658,2018,Oct,22
2018/10/22,UTTAR PRADESH,BAREILLY,5.18,-,34.19,13.79390219,2018,Oct,22
2018/10/22,UTTAR PRADESH,SHRAWASTI,2.01,-,18.05,16.32606954,2018,Oct,22
2018/10/22,UTTAR PRADESH,SULTANPUR,1.05,-,7.08,16.6458072,2018,Oct,22
2018/10/22,UTTAR PRADESH,GONDA,3.4,-,22.75,13.54385278,2018,Oct,22
2018/10/22,UTTAR PRADESH,GAUTAM BUDDHA NAGAR,2.92,-,18.76,13.71048517,2018,Oct,22
2018/10/22,UTTAR PRADESH,KANSIRAM NAGAR,2.03,-,17.11,13.40931287,2018,Oct,22
2018/10/22,UTTAR PRADESH,MAHARAJGANJ,0.94,-,8.0,17.16973505,2018,Oct,22
2018/10/22,UTTAR PRADESH,MAINPURI,0.34,-,3.03,12.75543697,2018,Oct,22
2018/10/22,UTTAR PRADESH,VARANASI,1.48,-,11.5,15.71781915,2018,Oct,22
2018/10/22,UTTAR PRADESH,AURAIYA,1.45,-,10.27,11.5085036,2018,Oct,22
2018/10/21,UTTAR PRADESH,FARRUKHABAD,3.08,-,21.59,13.50543565,2018,Oct,21
2018/10/21,UTTAR PRADESH,LUCKNOW,2.86,-,20.11,10.90178617,2018,Oct,21
2018/10/21,UTTAR PRADESH,KHERI,4.18,-,28.51,12.97776677,2018,Oct,21
2018/10/21,UTTAR PRADESH,CHANDAULI,2.17,-,16.98,16.9272605,2018,Oct,21
2018/10/21,UTTAR PRADESH,AMBEDKAR NAGAR,1.03,-,6.89,14.59986817,2018,Oct,21
2018/10/21,UTTAR PRADESH,BUDAUN,3.13,-,26.47,10.88950625,2018,Oct,21
2018/10/21,UTTAR PRADESH,BALRAMPUR,4.94,-,32.53,12.71047103,2018,Oct,21
2018/10/21,UTTAR PRADESH,BASTI,1.91,-,12.07,12.51434478,2018,Oct,21
2018/10/21,UTTAR PRADESH,RAMPUR,7.46,-,47.66,13.86621197,2018,Oct,21
2018/10/21,UTTAR PRADESH,MIRZAPUR,2.19,-,18.4,15.99183006,2018,Oct,21
2018/10/21,UTTAR PRADESH,JYOTIBA PHULE NAGAR,4.24,-,34.24,12.46815412,2018,Oct,21
2018/10/21,UTTAR PRADESH,LALITPUR,2.78,-,18.95,7.901524965,2018,Oct,21
2018/10/21,UTTAR PRADESH,MAHAMAYA NAGAR,0.17,-,1.04,17.03176304,2018,Oct,21
2018/10/21,UTTAR PRADESH,MATHURA,0.25,-,1.65,14.52879845,2018,Oct,21
2018/10/21,UTTAR PRADESH,MAHOBA,0.93,-,7.23,5.881275247,2018,Oct,21
2018/10/21,UTTAR PRADESH,CHITRAKOOT,1.45,-,12.78,11.42287122,2018,Oct,21
2018/10/21,UTTAR PRADESH,SAHARANPUR,7.27,-,50.6,16.93761761,2018,Oct,21
2018/10/21,UTTAR PRADESH,KANNAUJ,2.97,-,20.67,14.02684871,2018,Oct,21
2018/10/21,UTTAR PRADESH,SANT KABIR NAGAR,1.62,-,13.27,13.15312219,2018,Oct,21
2018/10/21,UTTAR PRADESH,SONBHADRA,1.93,-,13.41,20.02456813,2018,Oct,21
2018/10/21,UTTAR PRADESH,FATEHPUR,2.33,-,18.1,8.284811279,2018,Oct,21
2018/10/21,UTTAR PRADESH,BARA BANKI,0.81,-,4.94,13.52403171,2018,Oct,21
2018/10/21,UTTAR PRADESH,AZAMGARH,2.04,-,13.71,12.5816351,2018,Oct,21
2018/10/21,UTTAR PRADESH,BAGHPAT,3.89,-,25.77,13.2807005,2018,Oct,21
2018/10/21,UTTAR PRADESH,ALIGARH,0.68,-,4.7,15.97336116,2018,Oct,21
2018/10/21,UTTAR PRADESH,HARDOI,1.45,-,10.85,13.19170077,2018,Oct,21
2018/10/21,UTTAR PRADESH,RAE BARELI,1.97,-,15.82,11.58107444,2018,Oct,21
2018/10/21,UTTAR PRADESH,GHAZIPUR,4.91,-,36.97,13.57315904,2018,Oct,21
2018/10/21,UTTAR PRADESH,KAUSHAMBI,3.14,-,23.55,9.562276451,2018,Oct,21
2018/10/21,UTTAR PRADESH,BULANDSHAHR,1.29,-,8.53,14.08815622,2018,Oct,21
2018/10/21,UTTAR PRADESH,DEORIA,0.51,-,3.47,16.93512857,2018,Oct,21
2018/10/21,UTTAR PRADESH,BAHRAICH,2.71,-,22.57,13.08251162,2018,Oct,21
2018/10/21,UTTAR PRADESH,GORAKHPUR,2.36,-,16.58,14.02069926,2018,Oct,21
2018/10/21,UTTAR PRADESH,BIJNOR,6.67,-,45.86,15.85582582,2018,Oct,21
2018/10/21,UTTAR PRADESH,BANDA,0.84,-,6.89,9.967352713,2018,Oct,21
2018/10/21,UTTAR PRADESH,MUZAFFARNAGAR,3.33,-,24.03,14.49808013,2018,Oct,21
2018/10/21,UTTAR PRADESH,SANT RAVI DAS NAGAR(BHADOHI),3.04,-,21.03,12.89475533,2018,Oct,21
2018/10/21,UTTAR PRADESH,HAMIRPUR,0.16,-,1.16,10.56934705,2018,Oct,21
2018/10/21,UTTAR PRADESH,PRATAPGARH,0.42,-,3.36,14.40938318,2018,Oct,21
2018/10/21,UTTAR PRADESH,ETAWAH,2.42,-,17.42,12.35639703,2018,Oct,21
2018/10/21,UTTAR PRADESH,MORADABAD,4.18,-,29.78,12.97857889,2018,Oct,21
2018/10/21,UTTAR PRADESH,AGRA,1.61,-,12.32,14.39523163,2018,Oct,21
2018/10/21,UTTAR PRADESH,JAUNPUR,0.97,-,7.21,12.79976264,2018,Oct,21
2018/10/21,UTTAR PRADESH,KANPUR NAGAR,1.37,-,8.94,9.721576843,2018,Oct,21
2018/10/21,UTTAR PRADESH,JHANSI,2.2,-,16.37,10.01392269,2018,Oct,21
2018/10/21,UTTAR PRADESH,SIDDHARTH NAGAR,0.25,-,1.58,13.68262742,2018,Oct,21
2018/10/21,UTTAR PRADESH,MEERUT,4.27,-,27.53,14.48072987,2018,Oct,21
2018/10/21,UTTAR PRADESH,PILIBHIT,5.97,-,39.8,14.8920296,2018,Oct,21
2018/10/21,UTTAR PRADESH,SHAHJAHANPUR,2.09,-,16.44,13.45330676,2018,Oct,21
2018/10/21,UTTAR PRADESH,KANPUR DEHAT,1.02,-,6.33,10.83650521,2018,Oct,21
2018/10/21,UTTAR PRADESH,FIROZABAD,1.42,-,11.03,13.8809426,2018,Oct,21
2018/10/21,UTTAR PRADESH,AYODHYA,2.81,-,19.74,14.07976031,2018,Oct,21
2018/10/21,UTTAR PRADESH,KUSHINAGAR,1.43,-,12.83,17.48159229,2018,Oct,21
2018/10/21,UTTAR PRADESH,JALAUN,0.13,-,0.79,17.29268924,2018,Oct,21
2018/10/21,UTTAR PRADESH,GHAZIABAD,3.91,-,25.07,12.94660657,2018,Oct,21
2018/10/21,UTTAR PRADESH,ETAH,0.01,-,0.06,16.08018768,2018,Oct,21
2018/10/21,UTTAR PRADESH,BALLIA,0.56,-,3.74,14.6091858,2018,Oct,21
2018/10/21,UTTAR PRADESH,UNNAO,1.4,-,11.1,10.6064944,2018,Oct,21
2018/10/21,UTTAR PRADESH,MAU,2.09,-,14.71,13.20281515,2018,Oct,21
2018/10/21,UTTAR PRADESH,SITAPUR,1.73,-,11.75,12.07784893,2018,Oct,21
2018/10/21,UTTAR PRADESH,PRAYAGRAJ,2.25,-,19.85,13.23465229,2018,Oct,21
2018/10/21,UTTAR PRADESH,BAREILLY,5.44,-,35.82,13.94100333,2018,Oct,21
2018/10/21,UTTAR PRADESH,SHRAWASTI,2.15,-,19.31,16.38050278,2018,Oct,21
2018/10/21,UTTAR PRADESH,SULTANPUR,1.17,-,7.81,16.70953467,2018,Oct,21
2018/10/21,UTTAR PRADESH,GONDA,3.59,-,23.96,13.62608881,2018,Oct,21
2018/10/21,UTTAR PRADESH,GAUTAM BUDDHA NAGAR,2.97,-,19.07,13.96850663,2018,Oct,21
2018/10/21,UTTAR PRADESH,KANSIRAM NAGAR,2.06,-,17.32,13.55055326,2018,Oct,21
2018/10/21,UTTAR PRADESH,MAHARAJGANJ,1.03,-,8.66,17.27397172,2018,Oct,21
2018/10/21,UTTAR PRADESH,MAINPURI,0.38,-,3.38,12.92258263,2018,Oct,21
2018/10/21,UTTAR PRADESH,VARANASI,1.57,-,12.06,15.93756651,2018,Oct,21
2018/10/21,UTTAR PRADESH,AURAIYA,1.51,-,10.74,11.65255096,2018,Oct,21
2018/10/20,UTTAR PRADESH,FARRUKHABAD,3.24,-,22.65,13.78248501,2018,Oct,20
2018/10/20,UTTAR PRADESH,LUCKNOW,2.96,-,20.83,11.03202106,2018,Oct,20
2018/10/20,UTTAR PRADESH,KHERI,4.32,-,29.4,13.19631092,2018,Oct,20
2018/10/20,UTTAR PRADESH,CHANDAULI,2.26,-,17.56,17.329445,2018,Oct,20
2018/10/20,UTTAR PRADESH,AMBEDKAR NAGAR,1.17,-,7.85,14.63323112,2018,Oct,20
2018/10/20,UTTAR PRADESH,BUDAUN,3.24,-,27.23,11.02385647,2018,Oct,20
2018/10/20,UTTAR PRADESH,BALRAMPUR,5.24,-,34.41,12.83022675,2018,Oct,20
2018/10/20,UTTAR PRADESH,BASTI,2.16,-,13.67,12.57418218,2018,Oct,20
2018/10/20,UTTAR PRADESH,RAMPUR,7.71,-,49.2,14.00982716,2018,Oct,20
2018/10/20,UTTAR PRADESH,MIRZAPUR,2.23,-,18.7,15.96693235,2018,Oct,20
2018/10/20,UTTAR PRADESH,JYOTIBA PHULE NAGAR,4.41,-,35.32,12.59218831,2018,Oct,20
2018/10/20,UTTAR PRADESH,LALITPUR,2.82,-,19.2,8.107416153,2018,Oct,20
2018/10/20,UTTAR PRADESH,MAHAMAYA NAGAR,0.18,-,1.1,17.29591586,2018,Oct,20
2018/10/20,UTTAR PRADESH,MATHURA,0.25,-,1.7,14.75620366,2018,Oct,20
2018/10/20,UTTAR PRADESH,MAHOBA,0.94,-,7.34,6.029095812,2018,Oct,20
2018/10/20,UTTAR PRADESH,CHITRAKOOT,1.47,-,12.88,11.3984745,2018,Oct,20
2018/10/20,UTTAR PRADESH,SAHARANPUR,7.45,-,51.82,17.15620535,2018,Oct,20
2018/10/20,UTTAR PRADESH,KANNAUJ,3.1,-,21.53,14.31416573,2018,Oct,20
2018/10/20,UTTAR PRADESH,SANT KABIR NAGAR,1.92,-,15.4,13.2043394,2018,Oct,20
2018/10/20,UTTAR PRADESH,SONBHADRA,1.99,-,13.79,20.26033681,2018,Oct,20
2018/10/20,UTTAR PRADESH,FATEHPUR,2.4,-,18.57,8.405307145,2018,Oct,20
2018/10/20,UTTAR PRADESH,BARA BANKI,0.9,-,5.54,13.57770993,2018,Oct,20
2018/10/20,UTTAR PRADESH,AZAMGARH,2.3,-,15.45,12.64360888,2018,Oct,20
2018/10/20,UTTAR PRADESH,BAGHPAT,4.1,-,27.26,13.43991872,2018,Oct,20
2018/10/20,UTTAR PRADESH,ALIGARH,0.69,-,4.81,16.21962428,2018,Oct,20
2018/10/20,UTTAR PRADESH,HARDOI,1.58,-,11.69,13.34275915,2018,Oct,20
2018/10/20,UTTAR PRADESH,RAE BARELI,2.08,-,16.69,11.67751982,2018,Oct,20
2018/10/20,UTTAR PRADESH,GHAZIPUR,5.1,-,38.22,13.94730094,2018,Oct,20
2018/10/20,UTTAR PRADESH,KAUSHAMBI,3.23,-,24.1,9.69569335,2018,Oct,20
2018/10/20,UTTAR PRADESH,BULANDSHAHR,1.45,-,9.47,14.24716961,2018,Oct,20
2018/10/20,UTTAR PRADESH,DEORIA,0.6,-,4.08,17.0282244,2018,Oct,20
2018/10/20,UTTAR PRADESH,BAHRAICH,2.85,-,23.61,13.19008318,2018,Oct,20
2018/10/20,UTTAR PRADESH,GORAKHPUR,2.61,-,18.17,14.11310619,2018,Oct,20
2018/10/20,UTTAR PRADESH,BIJNOR,6.87,-,47.1,16.06058029,2018,Oct,20
2018/10/20,UTTAR PRADESH,BANDA,0.85,-,6.97,9.849332018,2018,Oct,20
2018/10/20,UTTAR PRADESH,MUZAFFARNAGAR,3.55,-,25.41,14.65098255,2018,Oct,20
2018/10/20,UTTAR PRADESH,SANT RAVI DAS NAGAR(BHADOHI),3.12,-,21.57,13.08850042,2018,Oct,20
2018/10/20,UTTAR PRADESH,HAMIRPUR,0.16,-,1.19,10.65636688,2018,Oct,20
2018/10/20,UTTAR PRADESH,PRATAPGARH,0.44,-,3.5,14.55189037,2018,Oct,20
2018/10/20,UTTAR PRADESH,ETAWAH,2.54,-,18.26,12.54086941,2018,Oct,20
2018/10/20,UTTAR PRADESH,MORADABAD,4.36,-,30.85,13.08027939,2018,Oct,20
2018/10/20,UTTAR PRADESH,AGRA,1.66,-,12.68,14.66959307,2018,Oct,20
2018/10/20,UTTAR PRADESH,JAUNPUR,1.11,-,8.16,12.92703781,2018,Oct,20
2018/10/20,UTTAR PRADESH,KANPUR NAGAR,1.45,-,9.44,9.893713233,2018,Oct,20
2018/10/20,UTTAR PRADESH,JHANSI,2.22,-,16.54,10.19792223,2018,Oct,20
2018/10/20,UTTAR PRADESH,SIDDHARTH NAGAR,0.33,-,2.08,13.72008124,2018,Oct,20
2018/10/20,UTTAR PRADESH,MEERUT,4.49,-,28.93,14.64655985,2018,Oct,20
2018/10/20,UTTAR PRADESH,PILIBHIT,6.28,-,41.69,15.10320072,2018,Oct,20
2018/10/20,UTTAR PRADESH,SHAHJAHANPUR,2.24,-,17.45,13.5838227,2018,Oct,20
2018/10/20,UTTAR PRADESH,KANPUR DEHAT,1.05,-,6.52,10.98334195,2018,Oct,20
2018/10/20,UTTAR PRADESH,FIROZABAD,1.48,-,11.5,14.14286249,2018,Oct,20
2018/10/20,UTTAR PRADESH,AYODHYA,3.08,-,21.59,14.12944293,2018,Oct,20
2018/10/20,UTTAR PRADESH,KUSHINAGAR,1.48,-,13.25,17.53080561,2018,Oct,20
2018/10/20,UTTAR PRADESH,JALAUN,0.14,-,0.81,17.5495491,2018,Oct,20
2018/10/20,UTTAR PRADESH,GHAZIABAD,4.07,-,26.12,13.10756875,2018,Oct,20
2018/10/20,UTTAR PRADESH,ETAH,0.01,-,0.08,16.32451719,2018,Oct,20
2018/10/20,UTTAR PRADESH,BALLIA,0.64,-,4.26,15.01501146,2018,Oct,20
2018/10/20,UTTAR PRADESH,UNNAO,1.5,-,11.89,10.75378734,2018,Oct,20
2018/10/20,UTTAR PRADESH,MAU,2.21,-,15.43,13.35212016,2018,Oct,20
2018/10/20,UTTAR PRADESH,SITAPUR,1.85,-,12.57,12.15821316,2018,Oct,20
2018/10/20,UTTAR PRADESH,PRAYAGRAJ,2.31,-,20.31,13.36396049,2018,Oct,20
2018/10/20,UTTAR PRADESH,BAREILLY,5.74,-,37.7,14.12597028,2018,Oct,20
2018/10/20,UTTAR PRADESH,SHRAWASTI,2.3,-,20.5,16.45518321,2018,Oct,20
2018/10/20,UTTAR PRADESH,SULTANPUR,1.33,-,8.91,16.78467452,2018,Oct,20
2018/10/20,UTTAR PRADESH,GONDA,3.82,-,25.42,13.72273818,2018,Oct,20
2018/10/20,UTTAR PRADESH,GAUTAM BUDDHA NAGAR,3.03,-,19.44,14.243111,2018,Oct,20
2018/10/20,UTTAR PRADESH,KANSIRAM NAGAR,2.09,-,17.54,13.73435359,2018,Oct,20
2018/10/20,UTTAR PRADESH,MAHARAJGANJ,1.15,-,9.43,17.37690878,2018,Oct,20
2018/10/20,UTTAR PRADESH,MAINPURI,0.42,-,3.78,13.10973658,2018,Oct,20
2018/10/20,UTTAR PRADESH,VARANASI,1.63,-,12.51,16.17708661,2018,Oct,20
2018/10/20,UTTAR PRADESH,AURAIYA,1.63,-,11.5,11.83909566,2018,Oct,20
2018/10/19,UTTAR PRADESH,FARRUKHABAD,3.41,-,23.78,14.09512885,2018,Oct,19
2018/10/19,UTTAR PRADESH,LUCKNOW,3.08,-,21.6,11.16230059,2018,Oct,19
2018/10/19,UTTAR PRADESH,KHERI,4.47,-,30.33,13.42530744,2018,Oct,19
2018/10/19,UTTAR PRADESH,CHANDAULI,2.34,-,18.1,17.73972978,2018,Oct,19
2018/10/19,UTTAR PRADESH,AMBEDKAR NAGAR,1.33,-,8.91,14.66225447,2018,Oct,19
2018/10/19,UTTAR PRADESH,BUDAUN,3.35,-,27.98,11.15997549,2018,Oct,19
2018/10/19,UTTAR PRADESH,BALRAMPUR,5.53,-,36.22,12.94483886,2018,Oct,19
2018/10/19,UTTAR PRADESH,BASTI,2.48,-,15.65,12.63314668,2018,Oct,19
2018/10/19,UTTAR PRADESH,RAMPUR,7.93,-,50.6,14.17888433,2018,Oct,19
2018/10/19,UTTAR PRADESH,MIRZAPUR,2.28,-,19.04,16.43525319,2018,Oct,19
2018/10/19,UTTAR PRADESH,JYOTIBA PHULE NAGAR,4.61,-,36.61,12.75172299,2018,Oct,19
2018/10/19,UTTAR PRADESH,LALITPUR,2.86,-,19.5,8.33486606,2018,Oct,19
2018/10/19,UTTAR PRADESH,MAHAMAYA NAGAR,0.19,-,1.14,17.57364424,2018,Oct,19
2018/10/19,UTTAR PRADESH,MATHURA,0.26,-,1.76,14.9912288,2018,Oct,19
2018/10/19,UTTAR PRADESH,MAHOBA,0.95,-,7.43,6.240934304,2018,Oct,19
2018/10/19,UTTAR PRADESH,CHITRAKOOT,1.48,-,13.01,11.62108892,2018,Oct,19
2018/10/19,UTTAR PRADESH,SAHARANPUR,7.64,-,53.02,17.41111963,2018,Oct,19
2018/10/19,UTTAR PRADESH,KANNAUJ,3.24,-,22.45,14.60677159,2018,Oct,19
2018/10/19,UTTAR PRADESH,SANT KABIR NAGAR,2.24,-,17.6,13.262034,2018,Oct,19
2018/10/19,UTTAR PRADESH,SONBHADRA,2.05,-,14.19,20.70493209,2018,Oct,19
2018/10/19,UTTAR PRADESH,FATEHPUR,2.47,-,19.08,8.554618944,2018,Oct,19
2018/10/19,UTTAR PRADESH,BARA BANKI,1.01,-,6.24,13.63491342,2018,Oct,19
2018/10/19,UTTAR PRADESH,AZAMGARH,2.63,-,17.57,12.72106207,2018,Oct,19
2018/10/19,UTTAR PRADESH,BAGHPAT,4.41,-,29.29,13.65345363,2018,Oct,19
2018/10/19,UTTAR PRADESH,ALIGARH,0.71,-,4.93,16.47880776,2018,Oct,19
2018/10/19,UTTAR PRADESH,HARDOI,1.71,-,12.57,13.50514663,2018,Oct,19
2018/10/19,UTTAR PRADESH,RAE BARELI,2.2,-,17.56,11.7705065,2018,Oct,19
2018/10/19,UTTAR PRADESH,GHAZIPUR,5.27,-,39.42,14.43647652,2018,Oct,19
2018/10/19,UTTAR PRADESH,KAUSHAMBI,3.32,-,24.76,9.849718859,2018,Oct,19
2018/10/19,UTTAR PRADESH,BULANDSHAHR,1.62,-,10.56,14.42380221,2018,Oct,19
2018/10/19,UTTAR PRADESH,DEORIA,0.74,-,4.97,17.13970366,2018,Oct,19
2018/10/19,UTTAR PRADESH,BAHRAICH,2.99,-,24.69,13.30618448,2018,Oct,19
2018/10/19,UTTAR PRADESH,GORAKHPUR,2.89,-,19.97,14.21727423,2018,Oct,19
2018/10/19,UTTAR PRADESH,BIJNOR,7.08,-,48.44,16.33522157,2018,Oct,19
2018/10/19,UTTAR PRADESH,BANDA,0.86,-,7.03,10.01560733,2018,Oct,19
2018/10/19,UTTAR PRADESH,MUZAFFARNAGAR,3.82,-,27.17,14.83870178,2018,Oct,19
2018/10/19,UTTAR PRADESH,SANT RAVI DAS NAGAR(BHADOHI),3.17,-,21.9,13.28511081,2018,Oct,19
2018/10/19,UTTAR PRADESH,HAMIRPUR,0.16,-,1.21,10.82310448,2018,Oct,19
2018/10/19,UTTAR PRADESH,PRATAPGARH,0.45,-,3.64,14.68549502,2018,Oct,19
2018/10/19,UTTAR PRADESH,ETAWAH,2.68,-,19.25,12.7407276,2018,Oct,19
2018/10/19,UTTAR PRADESH,MORADABAD,4.54,-,32.02,13.20882339,2018,Oct,19
2018/10/19,UTTAR PRADESH,AGRA,1.71,-,13.08,14.95835756,2018,Oct,19
2018/10/19,UTTAR PRADESH,JAUNPUR,1.25,-,9.17,13.06806378,2018,Oct,19
2018/10/19,UTTAR PRADESH,KANPUR NAGAR,1.54,-,10.0,10.07717466,2018,Oct,19
2018/10/19,UTTAR PRADESH,JHANSI,2.24,-,16.74,10.41535266,2018,Oct,19
2018/10/19,UTTAR PRADESH,SIDDHARTH NAGAR,0.44,-,2.74,13.75997465,2018,Oct,19
2018/10/19,UTTAR PRADESH,MEERUT,4.77,-,30.65,14.82589096,2018,Oct,19
2018/10/19,UTTAR PRADESH,PILIBHIT,6.59,-,43.6,15.31822832,2018,Oct,19
2018/10/19,UTTAR PRADESH,SHAHJAHANPUR,2.4,-,18.55,13.73068467,2018,Oct,19
2018/10/19,UTTAR PRADESH,KANPUR DEHAT,1.08,-,6.71,11.14812209,2018,Oct,19
2018/10/19,UTTAR PRADESH,FIROZABAD,1.56,-,12.02,14.42854927,2018,Oct,19
2018/10/19,UTTAR PRADESH,AYODHYA,3.35,-,23.49,14.18938971,2018,Oct,19
2018/10/19,UTTAR PRADESH,KUSHINAGAR,1.56,-,13.77,17.57827531,2018,Oct,19
2018/10/19,UTTAR PRADESH,JALAUN,0.14,-,0.83,17.86421549,2018,Oct,19
2018/10/19,UTTAR PRADESH,GHAZIABAD,4.29,-,27.48,13.3240989,2018,Oct,19
2018/10/19,UTTAR PRADESH,ETAH,0.02,-,0.1,16.58066608,2018,Oct,19
2018/10/19,UTTAR PRADESH,BALLIA,0.73,-,4.87,15.58221535,2018,Oct,19
2018/10/19,UTTAR PRADESH,UNNAO,1.6,-,12.65,10.90813345,2018,Oct,19
2018/10/19,UTTAR PRADESH,MAU,2.35,-,16.43,13.55383772,2018,Oct,19
2018/10/19,UTTAR PRADESH,SITAPUR,1.99,-,13.43,12.24886064,2018,Oct,19
2018/10/19,UTTAR PRADESH,PRAYAGRAJ,2.37,-,20.89,13.57084169,2018,Oct,19
2018/10/19,UTTAR PRADESH,BAREILLY,6.05,-,39.66,14.34007851,2018,Oct,19
2018/10/19,UTTAR PRADESH,SHRAWASTI,2.42,-,21.46,16.53016521,2018,Oct,19
2018/10/19,UTTAR PRADESH,SULTANPUR,1.52,-,10.14,16.86239935,2018,Oct,19
2018/10/19,UTTAR PRADESH,GONDA,4.07,-,27.06,13.8233,2018,Oct,19
2018/10/19,UTTAR PRADESH,GAUTAM BUDDHA NAGAR,3.09,-,19.82,14.54588928,2018,Oct,19
2018/10/19,UTTAR PRADESH,KANSIRAM NAGAR,2.11,-,17.78,13.90503251,2018,Oct,19
2018/10/19,UTTAR PRADESH,MAHARAJGANJ,1.26,-,10.19,17.48635607,2018,Oct,19
2018/10/19,UTTAR PRADESH,MAINPURI,0.47,-,4.19,13.31715525,2018,Oct,19
2018/10/19,UTTAR PRADESH,VARANASI,1.7,-,12.96,16.42254588,2018,Oct,19
2018/10/19,UTTAR PRADESH,AURAIYA,1.76,-,12.42,12.04066137,2018,Oct,19
2018/10/18,UTTAR PRADESH,FARRUKHABAD,3.59,-,24.89,14.40520067,2018,Oct,18
2018/10/18,UTTAR PRADESH,LUCKNOW,3.19,-,22.41,11.29630474,2018,Oct,18
2018/10/18,UTTAR PRADESH,KHERI,4.61,-,31.25,13.65833585,2018,Oct,18
2018/10/18,UTTAR PRADESH,CHANDAULI,2.42,-,18.65,18.2187432,2018,Oct,18
2018/10/18,UTTAR PRADESH,AMBEDKAR NAGAR,1.52,-,10.14,14.69763071,2018,Oct,18
2018/10/18,UTTAR PRADESH,BUDAUN,3.47,-,28.82,11.31110429,2018,Oct,18
2018/10/18,UTTAR PRADESH,BALRAMPUR,5.8,-,37.93,13.05541632,2018,Oct,18
2018/10/18,UTTAR PRADESH,BASTI,2.82,-,17.79,12.69816265,2018,Oct,18
2018/10/18,UTTAR PRADESH,RAMPUR,8.12,-,51.8,14.37661156,2018,Oct,18
2018/10/18,UTTAR PRADESH,MIRZAPUR,2.32,-,19.39,16.95315375,2018,Oct,18
2018/10/18,UTTAR PRADESH,JYOTIBA PHULE NAGAR,4.82,-,37.96,12.92613137,2018,Oct,18
2018/10/18,UTTAR PRADESH,LALITPUR,2.9,-,19.76,8.56109269,2018,Oct,18
2018/10/18,UTTAR PRADESH,MAHAMAYA NAGAR,0.2,-,1.21,17.86241619,2018,Oct,18
2018/10/18,UTTAR PRADESH,MATHURA,0.27,-,1.8,15.24042517,2018,Oct,18
2018/10/18,UTTAR PRADESH,MAHOBA,0.96,-,7.54,6.444725357,2018,Oct,18
2018/10/18,UTTAR PRADESH,CHITRAKOOT,1.49,-,13.11,11.84025771,2018,Oct,18
2018/10/18,UTTAR PRADESH,SAHARANPUR,7.82,-,54.2,17.70330978,2018,Oct,18
2018/10/18,UTTAR PRADESH,KANNAUJ,3.38,-,23.41,14.90689087,2018,Oct,18
2018/10/18,UTTAR PRADESH,SANT KABIR NAGAR,2.56,-,19.79,13.30592237,2018,Oct,18
2018/10/18,UTTAR PRADESH,SONBHADRA,2.11,-,14.58,21.18041912,2018,Oct,18
2018/10/18,UTTAR PRADESH,FATEHPUR,2.55,-,19.59,8.696739581,2018,Oct,18
2018/10/18,UTTAR PRADESH,BARA BANKI,1.14,-,7.01,13.70286379,2018,Oct,18
2018/10/18,UTTAR PRADESH,AZAMGARH,2.98,-,19.88,12.80610576,2018,Oct,18
2018/10/18,UTTAR PRADESH,BAGHPAT,4.74,-,31.52,13.89285382,2018,Oct,18
2018/10/18,UTTAR PRADESH,ALIGARH,0.74,-,5.12,16.75489364,2018,Oct,18
2018/10/18,UTTAR PRADESH,HARDOI,1.86,-,13.52,13.68488002,2018,Oct,18
2018/10/18,UTTAR PRADESH,RAE BARELI,2.31,-,18.41,11.86622152,2018,Oct,18
2018/10/18,UTTAR PRADESH,GHAZIPUR,5.42,-,40.43,15.06929767,2018,Oct,18
2018/10/18,UTTAR PRADESH,KAUSHAMBI,3.43,-,25.48,9.987382411,2018,Oct,18
2018/10/18,UTTAR PRADESH,BULANDSHAHR,1.83,-,11.85,14.62352243,2018,Oct,18
2018/10/18,UTTAR PRADESH,DEORIA,0.95,-,6.25,17.27676624,2018,Oct,18
2018/10/18,UTTAR PRADESH,BAHRAICH,3.13,-,25.71,13.42292565,2018,Oct,18
2018/10/18,UTTAR PRADESH,GORAKHPUR,3.2,-,21.91,14.32713032,2018,Oct,18
2018/10/18,UTTAR PRADESH,BIJNOR,7.23,-,49.46,16.6103303,2018,Oct,18
2018/10/18,UTTAR PRADESH,BANDA,0.87,-,7.09,10.17294651,2018,Oct,18
2018/10/18,UTTAR PRADESH,MUZAFFARNAGAR,4.11,-,29.02,15.03907288,2018,Oct,18
2018/10/18,UTTAR PRADESH,SANT RAVI DAS NAGAR(BHADOHI),3.22,-,22.24,13.51761508,2018,Oct,18
2018/10/18,UTTAR PRADESH,HAMIRPUR,0.17,-,1.24,10.98906991,2018,Oct,18
2018/10/18,UTTAR PRADESH,PRATAPGARH,0.47,-,3.76,14.83557,2018,Oct,18
2018/10/18,UTTAR PRADESH,ETAWAH,2.8,-,20.06,12.92252227,2018,Oct,18
2018/10/18,UTTAR PRADESH,MORADABAD,4.71,-,33.07,13.34258819,2018,Oct,18
2018/10/18,UTTAR PRADESH,AGRA,1.76,-,13.45,15.24980952,2018,Oct,18
2018/10/18,UTTAR PRADESH,JAUNPUR,1.42,-,10.27,13.22487539,2018,Oct,18
2018/10/18,UTTAR PRADESH,KANPUR NAGAR,1.62,-,10.5,10.26408985,2018,Oct,18
2018/10/18,UTTAR PRADESH,JHANSI,2.27,-,16.91,10.63317724,2018,Oct,18
2018/10/18,UTTAR PRADESH,SIDDHARTH NAGAR,0.57,-,3.58,13.80171757,2018,Oct,18
2018/10/18,UTTAR PRADESH,MEERUT,5.04,-,32.38,15.05647877,2018,Oct,18
2018/10/18,UTTAR PRADESH,PILIBHIT,6.87,-,45.35,15.55114294,2018,Oct,18
2018/10/18,UTTAR PRADESH,SHAHJAHANPUR,2.57,-,19.72,13.87861691,2018,Oct,18
2018/10/18,UTTAR PRADESH,KANPUR DEHAT,1.11,-,6.89,11.30442811,2018,Oct,18
2018/10/18,UTTAR PRADESH,FIROZABAD,1.62,-,12.53,14.70351065,2018,Oct,18
2018/10/18,UTTAR PRADESH,AYODHYA,3.62,-,25.36,14.25185011,2018,Oct,18
2018/10/18,UTTAR PRADESH,KUSHINAGAR,1.63,-,14.26,17.63020379,2018,Oct,18
2018/10/18,UTTAR PRADESH,JALAUN,0.14,-,0.85,18.14969205,2018,Oct,18
2018/10/18,UTTAR PRADESH,GHAZIABAD,4.53,-,28.99,13.55790365,2018,Oct,18
2018/10/18,UTTAR PRADESH,ETAH,0.02,-,0.12,16.83232541,2018,Oct,18
2018/10/18,UTTAR PRADESH,BALLIA,0.81,-,5.38,16.2635259,2018,Oct,18
2018/10/18,UTTAR PRADESH,UNNAO,1.71,-,13.46,11.05656268,2018,Oct,18
2018/10/18,UTTAR PRADESH,MAU,2.52,-,17.51,13.8021403,2018,Oct,18
2018/10/18,UTTAR PRADESH,SITAPUR,2.12,-,14.27,12.34690573,2018,Oct,18
2018/10/18,UTTAR PRADESH,PRAYAGRAJ,2.44,-,21.47,13.78770854,2018,Oct,18
2018/10/18,UTTAR PRADESH,BAREILLY,6.35,-,41.53,14.57361151,2018,Oct,18
2018/10/18,UTTAR PRADESH,SHRAWASTI,2.52,-,22.2,16.59087353,2018,Oct,18
2018/10/18,UTTAR PRADESH,SULTANPUR,1.71,-,11.38,16.95552944,2018,Oct,18
2018/10/18,UTTAR PRADESH,GONDA,4.34,-,28.78,13.93486889,2018,Oct,18
2018/10/18,UTTAR PRADESH,GAUTAM BUDDHA NAGAR,3.15,-,20.2,14.88479086,2018,Oct,18
2018/10/18,UTTAR PRADESH,KANSIRAM NAGAR,2.15,-,18.08,14.08438604,2018,Oct,18
2018/10/18,UTTAR PRADESH,MAHARAJGANJ,1.38,-,10.99,17.61087784,2018,Oct,18
2018/10/18,UTTAR PRADESH,MAINPURI,0.51,-,4.49,13.51536001,2018,Oct,18
2018/10/18,UTTAR PRADESH,VARANASI,1.78,-,13.51,16.70843279,2018,Oct,18
2018/10/18,UTTAR PRADESH,AURAIYA,1.89,-,13.31,12.2379732,2018,Oct,18
2018/10/17,UTTAR PRADESH,FARRUKHABAD,3.78,-,26.08,14.735478,2018,Oct,17
2018/10/17,UTTAR PRADESH,LUCKNOW,3.33,-,23.32,11.44170335,2018,Oct,17
2018/10/17,UTTAR PRADESH,KHERI,4.79,-,32.33,13.93788481,2018,Oct,17
2018/10/17,UTTAR PRADESH,CHANDAULI,2.5,-,19.25,18.7862325,2018,Oct,17
2018/10/17,UTTAR PRADESH,AMBEDKAR NAGAR,1.71,-,11.44,14.73099746,2018,Oct,17
2018/10/17,UTTAR PRADESH,BUDAUN,3.6,-,29.71,11.47345255,2018,Oct,17
2018/10/17,UTTAR PRADESH,BALRAMPUR,6.14,-,40.04,13.19740991,2018,Oct,17
2018/10/17,UTTAR PRADESH,BASTI,3.25,-,20.48,12.76593969,2018,Oct,17
2018/10/17,UTTAR PRADESH,RAMPUR,8.28,-,52.85,14.58890165,2018,Oct,17
2018/10/17,UTTAR PRADESH,MIRZAPUR,2.37,-,19.76,17.52264108,2018,Oct,17
2018/10/17,UTTAR PRADESH,JYOTIBA PHULE NAGAR,5.01,-,39.24,13.10725293,2018,Oct,17
2018/10/17,UTTAR PRADESH,LALITPUR,2.95,-,20.09,8.810352122,2018,Oct,17
2018/10/17,UTTAR PRADESH,MAHAMAYA NAGAR,0.21,-,1.27,18.14779434,2018,Oct,17
2018/10/17,UTTAR PRADESH,MATHURA,0.28,-,1.86,15.49029194,2018,Oct,17
2018/10/17,UTTAR PRADESH,MAHOBA,0.98,-,7.67,6.653911669,2018,Oct,17
2018/10/17,UTTAR PRADESH,CHITRAKOOT,1.5,-,13.22,12.01638129,2018,Oct,17
2018/10/17,UTTAR PRADESH,SAHARANPUR,7.97,-,55.22,17.98364488,2018,Oct,17
2018/10/17,UTTAR PRADESH,KANNAUJ,3.54,-,24.47,15.22143184,2018,Oct,17
2018/10/17,UTTAR PRADESH,SANT KABIR NAGAR,2.99,-,22.57,13.37202598,2018,Oct,17
2018/10/17,UTTAR PRADESH,SONBHADRA,2.18,-,14.98,21.6710565,2018,Oct,17
2018/10/17,UTTAR PRADESH,FATEHPUR,2.63,-,20.13,8.841269846,2018,Oct,17
2018/10/17,UTTAR PRADESH,BARA BANKI,1.29,-,7.92,13.77288282,2018,Oct,17
2018/10/17,UTTAR PRADESH,AZAMGARH,3.38,-,22.42,12.9041895,2018,Oct,17
2018/10/17,UTTAR PRADESH,BAGHPAT,5.06,-,33.7,14.11928025,2018,Oct,17
2018/10/17,UTTAR PRADESH,ALIGARH,0.77,-,5.29,17.01952986,2018,Oct,17
2018/10/17,UTTAR PRADESH,HARDOI,2.02,-,14.52,13.87124986,2018,Oct,17
2018/10/17,UTTAR PRADESH,RAE BARELI,2.43,-,19.29,11.96808661,2018,Oct,17
2018/10/17,UTTAR PRADESH,GHAZIPUR,5.54,-,41.28,15.86902433,2018,Oct,17
2018/10/17,UTTAR PRADESH,KAUSHAMBI,3.53,-,26.18,10.12749123,2018,Oct,17
2018/10/17,UTTAR PRADESH,BULANDSHAHR,2.07,-,13.29,14.82196265,2018,Oct,17
2018/10/17,UTTAR PRADESH,DEORIA,1.24,-,8.05,17.4343065,2018,Oct,17
2018/10/17,UTTAR PRADESH,BAHRAICH,3.29,-,26.91,13.55560823,2018,Oct,17
2018/10/17,UTTAR PRADESH,GORAKHPUR,3.54,-,24.07,14.43738811,2018,Oct,17
2018/10/17,UTTAR PRADESH,BIJNOR,7.38,-,50.48,16.93200315,2018,Oct,17
2018/10/17,UTTAR PRADESH,BANDA,0.88,-,7.17,10.32194666,2018,Oct,17
2018/10/17,UTTAR PRADESH,MUZAFFARNAGAR,4.42,-,30.98,15.25257182,2018,Oct,17
2018/10/17,UTTAR PRADESH,SANT RAVI DAS NAGAR(BHADOHI),3.28,-,22.67,13.74190661,2018,Oct,17
2018/10/17,UTTAR PRADESH,HAMIRPUR,0.17,-,1.28,11.17786526,2018,Oct,17
2018/10/17,UTTAR PRADESH,PRATAPGARH,0.49,-,3.9,14.98869906,2018,Oct,17
2018/10/17,UTTAR PRADESH,ETAWAH,2.94,-,21.02,13.14705466,2018,Oct,17
2018/10/17,UTTAR PRADESH,MORADABAD,4.87,-,34.08,13.49324882,2018,Oct,17
2018/10/17,UTTAR PRADESH,AGRA,1.82,-,13.9,15.58977268,2018,Oct,17
2018/10/17,UTTAR PRADESH,JAUNPUR,1.57,-,11.31,13.38197754,2018,Oct,17
2018/10/17,UTTAR PRADESH,KANPUR NAGAR,1.71,-,11.07,10.46397866,2018,Oct,17
2018/10/17,UTTAR PRADESH,JHANSI,2.3,-,17.15,10.88142052,2018,Oct,17
2018/10/17,UTTAR PRADESH,SIDDHARTH NAGAR,0.74,-,4.62,13.84861083,2018,Oct,17
2018/10/17,UTTAR PRADESH,MEERUT,5.33,-,34.2,15.30809382,2018,Oct,17
2018/10/17,UTTAR PRADESH,PILIBHIT,7.14,-,47.01,15.81294307,2018,Oct,17
2018/10/17,UTTAR PRADESH,SHAHJAHANPUR,2.76,-,21.05,14.04099899,2018,Oct,17
2018/10/17,UTTAR PRADESH,KANPUR DEHAT,1.15,-,7.12,11.47906348,2018,Oct,17
2018/10/17,UTTAR PRADESH,FIROZABAD,1.73,-,13.29,15.02265932,2018,Oct,17
2018/10/17,UTTAR PRADESH,AYODHYA,3.85,-,26.96,14.32452442,2018,Oct,17
2018/10/17,UTTAR PRADESH,KUSHINAGAR,1.71,-,14.81,17.69058946,2018,Oct,17
2018/10/17,UTTAR PRADESH,JALAUN,0.15,-,0.88,18.48568451,2018,Oct,17
2018/10/17,UTTAR PRADESH,GHAZIABAD,4.77,-,30.45,13.79187593,2018,Oct,17
2018/10/17,UTTAR PRADESH,ETAH,0.02,-,0.14,17.09625547,2018,Oct,17
2018/10/17,UTTAR PRADESH,BALLIA,0.89,-,5.88,17.14361336,2018,Oct,17
2018/10/17,UTTAR PRADESH,UNNAO,1.82,-,14.31,11.20590638,2018,Oct,17
2018/10/17,UTTAR PRADESH,MAU,2.67,-,18.47,14.14093584,2018,Oct,17
2018/10/17,UTTAR PRADESH,SITAPUR,2.28,-,15.28,12.45168482,2018,Oct,17
2018/10/17,UTTAR PRADESH,PRAYAGRAJ,2.5,-,21.95,14.00413368,2018,Oct,17
2018/10/17,UTTAR PRADESH,BAREILLY,6.61,-,43.17,14.83689554,2018,Oct,17
2018/10/17,UTTAR PRADESH,SHRAWASTI,2.64,-,23.06,16.67501623,2018,Oct,17
2018/10/17,UTTAR PRADESH,SULTANPUR,1.9,-,12.62,17.04486511,2018,Oct,17
2018/10/17,UTTAR PRADESH,GONDA,4.63,-,30.62,14.05982162,2018,Oct,17
2018/10/17,UTTAR PRADESH,GAUTAM BUDDHA NAGAR,3.21,-,20.56,15.20399483,2018,Oct,17
2018/10/17,UTTAR PRADESH,KANSIRAM NAGAR,2.19,-,18.38,14.27985058,2018,Oct,17
2018/10/17,UTTAR PRADESH,MAHARAJGANJ,1.52,-,11.89,17.76314279,2018,Oct,17
2018/10/17,UTTAR PRADESH,MAINPURI,0.55,-,4.8,13.73296946,2018,Oct,17
2018/10/17,UTTAR PRADESH,VARANASI,1.87,-,14.14,17.04308092,2018,Oct,17
2018/10/17,UTTAR PRADESH,AURAIYA,2.05,-,14.33,12.4657633,2018,Oct,17
2018/10/16,UTTAR PRADESH,FARRUKHABAD,3.98,-,27.38,15.11528936,2018,Oct,16
2018/10/16,UTTAR PRADESH,LUCKNOW,3.47,-,24.25,11.58529679,2018,Oct,16
2018/10/16,UTTAR PRADESH,KHERI,4.95,-,33.38,14.22867434,2018,Oct,16
2018/10/16,UTTAR PRADESH,CHANDAULI,2.6,-,19.96,19.58956264,2018,Oct,16
2018/10/16,UTTAR PRADESH,AMBEDKAR NAGAR,1.91,-,12.72,14.76780553,2018,Oct,16
2018/10/16,UTTAR PRADESH,BUDAUN,3.73,-,30.6,11.64453798,2018,Oct,16
2018/10/16,UTTAR PRADESH,BALRAMPUR,6.42,-,41.81,13.33885752,2018,Oct,16
2018/10/16,UTTAR PRADESH,BASTI,3.72,-,23.45,12.83917024,2018,Oct,16
2018/10/16,UTTAR PRADESH,RAMPUR,8.41,-,53.68,14.85287209,2018,Oct,16
2018/10/16,UTTAR PRADESH,MIRZAPUR,2.42,-,20.17,18.19614472,2018,Oct,16
2018/10/16,UTTAR PRADESH,JYOTIBA PHULE NAGAR,5.18,-,40.27,13.28373282,2018,Oct,16
2018/10/16,UTTAR PRADESH,LALITPUR,3.0,-,20.43,9.09027926,2018,Oct,16
2018/10/16,UTTAR PRADESH,MAHAMAYA NAGAR,0.22,-,1.35,18.46267688,2018,Oct,16
2018/10/16,UTTAR PRADESH,MATHURA,0.29,-,1.95,15.74938366,2018,Oct,16
2018/10/16,UTTAR PRADESH,MAHOBA,0.99,-,7.79,6.896282829,2018,Oct,16
2018/10/16,UTTAR PRADESH,CHITRAKOOT,1.52,-,13.34,12.2469378,2018,Oct,16
2018/10/16,UTTAR PRADESH,SAHARANPUR,8.11,-,56.14,18.31492312,2018,Oct,16
2018/10/16,UTTAR PRADESH,KANNAUJ,3.71,-,25.6,15.57521449,2018,Oct,16
2018/10/16,UTTAR PRADESH,SANT KABIR NAGAR,3.45,-,25.52,13.44262459,2018,Oct,16
2018/10/16,UTTAR PRADESH,SONBHADRA,2.24,-,15.41,21.91144688,2018,Oct,16
2018/10/16,UTTAR PRADESH,FATEHPUR,2.72,-,20.74,9.011092097,2018,Oct,16
2018/10/16,UTTAR PRADESH,BARA BANKI,1.46,-,9.01,13.84386679,2018,Oct,16
2018/10/16,UTTAR PRADESH,AZAMGARH,3.76,-,24.92,13.008334,2018,Oct,16
2018/10/16,UTTAR PRADESH,BAGHPAT,5.35,-,35.67,14.34826619,2018,Oct,16
2018/10/16,UTTAR PRADESH,ALIGARH,0.79,-,5.48,17.30707024,2018,Oct,16
2018/10/16,UTTAR PRADESH,HARDOI,2.19,-,15.66,14.08272369,2018,Oct,16
2018/10/16,UTTAR PRADESH,RAE BARELI,2.57,-,20.25,12.07311486,2018,Oct,16
2018/10/16,UTTAR PRADESH,GHAZIPUR,5.67,-,42.19,16.90727775,2018,Oct,16
2018/10/16,UTTAR PRADESH,KAUSHAMBI,3.66,-,27.05,10.28992748,2018,Oct,16
2018/10/16,UTTAR PRADESH,BULANDSHAHR,2.31,-,14.81,15.02105383,2018,Oct,16
2018/10/16,UTTAR PRADESH,DEORIA,1.57,-,10.12,17.60635084,2018,Oct,16
2018/10/16,UTTAR PRADESH,BAHRAICH,3.47,-,28.15,13.69044444,2018,Oct,16
2018/10/16,UTTAR PRADESH,GORAKHPUR,3.92,-,26.39,14.57171097,2018,Oct,16
2018/10/16,UTTAR PRADESH,BIJNOR,7.53,-,51.43,17.2825574,2018,Oct,16
2018/10/16,UTTAR PRADESH,BANDA,0.88,-,7.24,10.51556593,2018,Oct,16
2018/10/16,UTTAR PRADESH,MUZAFFARNAGAR,4.67,-,32.59,15.45759462,2018,Oct,16
2018/10/16,UTTAR PRADESH,SANT RAVI DAS NAGAR(BHADOHI),3.35,-,23.09,14.00896142,2018,Oct,16
2018/10/16,UTTAR PRADESH,HAMIRPUR,0.17,-,1.31,11.39816812,2018,Oct,16
2018/10/16,UTTAR PRADESH,PRATAPGARH,0.51,-,4.05,15.15212632,2018,Oct,16
2018/10/16,UTTAR PRADESH,ETAWAH,3.09,-,22.02,13.37975701,2018,Oct,16
2018/10/16,UTTAR PRADESH,MORADABAD,5.02,-,35.04,13.65134723,2018,Oct,16
2018/10/16,UTTAR PRADESH,AGRA,1.88,-,14.31,15.91360442,2018,Oct,16
2018/10/16,UTTAR PRADESH,JAUNPUR,1.72,-,12.31,13.54996451,2018,Oct,16
2018/10/16,UTTAR PRADESH,KANPUR NAGAR,1.81,-,11.73,10.68156672,2018,Oct,16
2018/10/16,UTTAR PRADESH,JHANSI,2.33,-,17.39,11.14136818,2018,Oct,16
2018/10/16,UTTAR PRADESH,SIDDHARTH NAGAR,0.92,-,5.79,13.89697479,2018,Oct,16
2018/10/16,UTTAR PRADESH,MEERUT,5.58,-,35.73,15.53113171,2018,Oct,16
2018/10/16,UTTAR PRADESH,PILIBHIT,7.4,-,48.62,16.10036994,2018,Oct,16
2018/10/16,UTTAR PRADESH,SHAHJAHANPUR,2.98,-,22.48,14.21970418,2018,Oct,16
2018/10/16,UTTAR PRADESH,KANPUR DEHAT,1.21,-,7.49,11.66209285,2018,Oct,16
2018/10/16,UTTAR PRADESH,FIROZABAD,1.82,-,13.97,15.34460484,2018,Oct,16
2018/10/16,UTTAR PRADESH,AYODHYA,4.07,-,28.4,14.39394225,2018,Oct,16
2018/10/16,UTTAR PRADESH,KUSHINAGAR,1.81,-,15.49,17.7519809,2018,Oct,16
2018/10/16,UTTAR PRADESH,JALAUN,0.15,-,0.91,18.82785288,2018,Oct,16
2018/10/16,UTTAR PRADESH,GHAZIABAD,4.97,-,31.7,14.03163002,2018,Oct,16
2018/10/16,UTTAR PRADESH,ETAH,0.03,-,0.17,17.37677586,2018,Oct,16
2018/10/16,UTTAR PRADESH,BALLIA,0.97,-,6.4,18.14965862,2018,Oct,16
2018/10/16,UTTAR PRADESH,UNNAO,1.95,-,15.22,11.365898,2018,Oct,16
2018/10/16,UTTAR PRADESH,MAU,2.85,-,19.59,14.51705194,2018,Oct,16
2018/10/16,UTTAR PRADESH,SITAPUR,2.45,-,16.37,12.56304613,2018,Oct,16
2018/10/16,UTTAR PRADESH,PRAYAGRAJ,2.56,-,22.46,14.24995155,2018,Oct,16
2018/10/16,UTTAR PRADESH,BAREILLY,6.83,-,44.54,15.14908177,2018,Oct,16
2018/10/16,UTTAR PRADESH,SHRAWASTI,2.76,-,23.92,16.75435712,2018,Oct,16
2018/10/16,UTTAR PRADESH,SULTANPUR,2.09,-,13.83,17.13548699,2018,Oct,16
2018/10/16,UTTAR PRADESH,GONDA,4.92,-,32.52,14.18628272,2018,Oct,16
2018/10/16,UTTAR PRADESH,GAUTAM BUDDHA NAGAR,3.28,-,21.0,15.53769359,2018,Oct,16
2018/10/16,UTTAR PRADESH,KANSIRAM NAGAR,2.24,-,18.72,14.47398357,2018,Oct,16
2018/10/16,UTTAR PRADESH,MAHARAJGANJ,1.66,-,12.82,17.93305822,2018,Oct,16
2018/10/16,UTTAR PRADESH,MAINPURI,0.59,-,5.15,13.98121994,2018,Oct,16
2018/10/16,UTTAR PRADESH,VARANASI,1.97,-,14.81,17.46485232,2018,Oct,16
2018/10/16,UTTAR PRADESH,AURAIYA,2.21,-,15.4,12.70123456,2018,Oct,16
2018/10/15,UTTAR PRADESH,FARRUKHABAD,4.19,-,28.66,15.52098465,2018,Oct,15
2018/10/15,UTTAR PRADESH,LUCKNOW,3.62,-,25.27,11.7456541,2018,Oct,15
2018/10/15,UTTAR PRADESH,KHERI,5.11,-,34.36,14.54558509,2018,Oct,15
2018/10/15,UTTAR PRADESH,CHANDAULI,2.7,-,20.67,20.46726576,2018,Oct,15
2018/10/15,UTTAR PRADESH,AMBEDKAR NAGAR,2.11,-,14.01,14.81669059,2018,Oct,15
2018/10/15,UTTAR PRADESH,BUDAUN,3.88,-,31.59,11.82466458,2018,Oct,15
2018/10/15,UTTAR PRADESH,BALRAMPUR,6.71,-,43.63,13.49301701,2018,Oct,15
2018/10/15,UTTAR PRADESH,BASTI,4.31,-,27.13,12.92407754,2018,Oct,15
2018/10/15,UTTAR PRADESH,RAMPUR,8.52,-,54.36,15.18699313,2018,Oct,15
2018/10/15,UTTAR PRADESH,MIRZAPUR,2.47,-,20.59,18.98001855,2018,Oct,15
2018/10/15,UTTAR PRADESH,JYOTIBA PHULE NAGAR,5.33,-,41.22,13.40268138,2018,Oct,15
2018/10/15,UTTAR PRADESH,LALITPUR,3.05,-,20.79,9.377448057,2018,Oct,15
2018/10/15,UTTAR PRADESH,MAHAMAYA NAGAR,0.24,-,1.45,18.76166791,2018,Oct,15
2018/10/15,UTTAR PRADESH,MATHURA,0.3,-,2.02,16.01353211,2018,Oct,15
2018/10/15,UTTAR PRADESH,MAHOBA,1.01,-,7.94,7.167085649,2018,Oct,15
2018/10/15,UTTAR PRADESH,CHITRAKOOT,1.53,-,13.48,12.51311124,2018,Oct,15
2018/10/15,UTTAR PRADESH,SAHARANPUR,8.26,-,57.19,18.73109821,2018,Oct,15
2018/10/15,UTTAR PRADESH,KANNAUJ,3.9,-,26.88,15.95169563,2018,Oct,15
2018/10/15,UTTAR PRADESH,SANT KABIR NAGAR,3.94,-,28.65,13.51363054,2018,Oct,15
2018/10/15,UTTAR PRADESH,SONBHADRA,2.33,-,15.92,22.46850185,2018,Oct,15
2018/10/15,UTTAR PRADESH,FATEHPUR,2.81,-,21.41,9.17034785,2018,Oct,15
2018/10/15,UTTAR PRADESH,BARA BANKI,1.7,-,10.49,13.92542746,2018,Oct,15
2018/10/15,UTTAR PRADESH,AZAMGARH,4.12,-,27.25,13.13549337,2018,Oct,15
2018/10/15,UTTAR PRADESH,BAGHPAT,5.65,-,37.72,14.5519308,2018,Oct,15
2018/10/15,UTTAR PRADESH,ALIGARH,0.82,-,5.67,17.59893768,2018,Oct,15
2018/10/15,UTTAR PRADESH,HARDOI,2.42,-,17.07,14.31242398,2018,Oct,15
2018/10/15,UTTAR PRADESH,RAE BARELI,2.7,-,21.25,12.18443597,2018,Oct,15
2018/10/15,UTTAR PRADESH,GHAZIPUR,5.79,-,43.04,18.00312303,2018,Oct,15
2018/10/15,UTTAR PRADESH,KAUSHAMBI,3.8,-,28.0,10.46539052,2018,Oct,15
2018/10/15,UTTAR PRADESH,BULANDSHAHR,2.6,-,16.57,15.23595563,2018,Oct,15
2018/10/15,UTTAR PRADESH,DEORIA,1.92,-,12.32,17.7974197,2018,Oct,15
2018/10/15,UTTAR PRADESH,BAHRAICH,3.65,-,29.49,13.83430742,2018,Oct,15
2018/10/15,UTTAR PRADESH,GORAKHPUR,4.29,-,28.74,14.70344333,2018,Oct,15
2018/10/15,UTTAR PRADESH,BIJNOR,7.67,-,52.4,17.71118944,2018,Oct,15
2018/10/15,UTTAR PRADESH,BANDA,0.9,-,7.33,10.71842422,2018,Oct,15
2018/10/15,UTTAR PRADESH,MUZAFFARNAGAR,4.96,-,34.46,15.69318477,2018,Oct,15
2018/10/15,UTTAR PRADESH,SANT RAVI DAS NAGAR(BHADOHI),3.42,-,23.6,14.30295606,2018,Oct,15
2018/10/15,UTTAR PRADESH,HAMIRPUR,0.18,-,1.35,11.63906998,2018,Oct,15
2018/10/15,UTTAR PRADESH,PRATAPGARH,0.54,-,4.24,15.32448068,2018,Oct,15
2018/10/15,UTTAR PRADESH,ETAWAH,3.24,-,23.01,13.60743891,2018,Oct,15
2018/10/15,UTTAR PRADESH,MORADABAD,5.19,-,36.1,13.83905353,2018,Oct,15
2018/10/15,UTTAR PRADESH,AGRA,1.94,-,14.71,16.2290402,2018,Oct,15
2018/10/15,UTTAR PRADESH,JAUNPUR,1.89,-,13.44,13.7403205,2018,Oct,15
2018/10/15,UTTAR PRADESH,KANPUR NAGAR,1.92,-,12.39,10.89602013,2018,Oct,15
2018/10/15,UTTAR PRADESH,JHANSI,2.37,-,17.68,11.43142163,2018,Oct,15
2018/10/15,UTTAR PRADESH,SIDDHARTH NAGAR,1.18,-,7.42,13.95445822,2018,Oct,15
2018/10/15,UTTAR PRADESH,MEERUT,5.82,-,37.31,15.71510545,2018,Oct,15
2018/10/15,UTTAR PRADESH,PILIBHIT,7.66,-,50.2,16.41887868,2018,Oct,15
2018/10/15,UTTAR PRADESH,SHAHJAHANPUR,3.19,-,23.88,14.40741054,2018,Oct,15
2018/10/15,UTTAR PRADESH,KANPUR DEHAT,1.29,-,7.99,11.85106135,2018,Oct,15
2018/10/15,UTTAR PRADESH,FIROZABAD,1.89,-,14.47,15.65365767,2018,Oct,15
2018/10/15,UTTAR PRADESH,AYODHYA,4.29,-,29.81,14.47266038,2018,Oct,15
2018/10/15,UTTAR PRADESH,KUSHINAGAR,1.92,-,16.26,17.81144433,2018,Oct,15
2018/10/15,UTTAR PRADESH,JALAUN,0.16,-,0.93,19.19015976,2018,Oct,15
2018/10/15,UTTAR PRADESH,GHAZIABAD,5.16,-,32.94,14.20514166,2018,Oct,15
2018/10/15,UTTAR PRADESH,ETAH,0.03,-,0.2,17.65803241,2018,Oct,15
2018/10/15,UTTAR PRADESH,BALLIA,1.04,-,6.89,19.20711612,2018,Oct,15
2018/10/15,UTTAR PRADESH,UNNAO,2.09,-,16.21,11.5279758,2018,Oct,15
2018/10/15,UTTAR PRADESH,MAU,3.05,-,20.87,14.94354341,2018,Oct,15
2018/10/15,UTTAR PRADESH,SITAPUR,2.64,-,17.55,12.6767852,2018,Oct,15
2018/10/15,UTTAR PRADESH,PRAYAGRAJ,2.63,-,23.06,14.51509859,2018,Oct,15
2018/10/15,UTTAR PRADESH,BAREILLY,7.0,-,45.64,15.52799816,2018,Oct,15
2018/10/15,UTTAR PRADESH,SHRAWASTI,2.9,-,24.87,16.83702029,2018,Oct,15
2018/10/15,UTTAR PRADESH,SULTANPUR,2.29,-,15.13,17.24068719,2018,Oct,15
2018/10/15,UTTAR PRADESH,GONDA,5.23,-,34.54,14.32605714,2018,Oct,15
2018/10/15,UTTAR PRADESH,GAUTAM BUDDHA NAGAR,3.36,-,21.46,15.9064338,2018,Oct,15
2018/10/15,UTTAR PRADESH,KANSIRAM NAGAR,2.29,-,19.13,14.69339405,2018,Oct,15
2018/10/15,UTTAR PRADESH,MAHARAJGANJ,1.8,-,13.76,18.15208991,2018,Oct,15
2018/10/15,UTTAR PRADESH,MAINPURI,0.63,-,5.4,14.21346158,2018,Oct,15
2018/10/15,UTTAR PRADESH,VARANASI,2.06,-,15.46,18.04336983,2018,Oct,15
2018/10/15,UTTAR PRADESH,AURAIYA,2.38,-,16.52,12.94708274,2018,Oct,15
2018/10/14,UTTAR PRADESH,FARRUKHABAD,4.38,-,29.89,15.94251631,2018,Oct,14
2018/10/14,UTTAR PRADESH,LUCKNOW,3.78,-,26.31,11.90446973,2018,Oct,14
2018/10/14,UTTAR PRADESH,KHERI,5.28,-,35.43,14.89345192,2018,Oct,14
2018/10/14,UTTAR PRADESH,CHANDAULI,2.78,-,21.27,21.33402958,2018,Oct,14
2018/10/14,UTTAR PRADESH,AMBEDKAR NAGAR,2.34,-,15.52,14.86185029,2018,Oct,14
2018/10/14,UTTAR PRADESH,BUDAUN,4.04,-,32.64,12.02963068,2018,Oct,14
2018/10/14,UTTAR PRADESH,BALRAMPUR,6.96,-,45.22,13.65323552,2018,Oct,14
2018/10/14,UTTAR PRADESH,BASTI,4.87,-,30.56,12.99831434,2018,Oct,14
2018/10/14,UTTAR PRADESH,RAMPUR,8.6,-,54.91,15.59866467,2018,Oct,14
2018/10/14,UTTAR PRADESH,MIRZAPUR,2.52,-,20.95,19.79343423,2018,Oct,14
2018/10/14,UTTAR PRADESH,JYOTIBA PHULE NAGAR,5.52,-,42.49,13.64836513,2018,Oct,14
2018/10/14,UTTAR PRADESH,LALITPUR,3.1,-,21.12,9.693319561,2018,Oct,14
2018/10/14,UTTAR PRADESH,MAHAMAYA NAGAR,0.26,-,1.6,19.11640179,2018,Oct,14
2018/10/14,UTTAR PRADESH,MATHURA,0.32,-,2.13,16.30349127,2018,Oct,14
2018/10/14,UTTAR PRADESH,MAHOBA,1.03,-,8.06,7.456999569,2018,Oct,14
2018/10/14,UTTAR PRADESH,CHITRAKOOT,1.55,-,13.65,12.79333748,2018,Oct,14
2018/10/14,UTTAR PRADESH,SAHARANPUR,8.4,-,58.15,19.18872523,2018,Oct,14
2018/10/14,UTTAR PRADESH,KANNAUJ,4.09,-,28.14,16.35757934,2018,Oct,14
2018/10/14,UTTAR PRADESH,SANT KABIR NAGAR,4.43,-,31.78,13.58656235,2018,Oct,14
2018/10/14,UTTAR PRADESH,SONBHADRA,2.4,-,16.37,23.0038594,2018,Oct,14
2018/10/14,UTTAR PRADESH,FATEHPUR,2.93,-,22.19,9.338053953,2018,Oct,14
2018/10/14,UTTAR PRADESH,BARA BANKI,1.96,-,12.14,13.99985381,2018,Oct,14
2018/10/14,UTTAR PRADESH,AZAMGARH,4.45,-,29.34,13.26531786,2018,Oct,14
2018/10/14,UTTAR PRADESH,BAGHPAT,5.97,-,39.85,14.83233066,2018,Oct,14
2018/10/14,UTTAR PRADESH,ALIGARH,0.86,-,5.91,17.92658058,2018,Oct,14
2018/10/14,UTTAR PRADESH,HARDOI,2.66,-,18.6,14.54600092,2018,Oct,14
2018/10/14,UTTAR PRADESH,RAE BARELI,2.85,-,22.28,12.30846706,2018,Oct,14
2018/10/14,UTTAR PRADESH,GHAZIPUR,5.89,-,43.82,19.10618762,2018,Oct,14
2018/10/14,UTTAR PRADESH,KAUSHAMBI,3.97,-,29.11,10.64590517,2018,Oct,14
2018/10/14,UTTAR PRADESH,BULANDSHAHR,2.92,-,18.55,15.47543823,2018,Oct,14
2018/10/14,UTTAR PRADESH,DEORIA,2.28,-,14.56,17.99455535,2018,Oct,14
2018/10/14,UTTAR PRADESH,BAHRAICH,3.83,-,30.77,13.98532881,2018,Oct,14
2018/10/14,UTTAR PRADESH,GORAKHPUR,4.68,-,31.13,14.83640688,2018,Oct,14
2018/10/14,UTTAR PRADESH,BIJNOR,7.79,-,53.28,18.21792794,2018,Oct,14
2018/10/14,UTTAR PRADESH,BANDA,0.91,-,7.47,10.95369047,2018,Oct,14
2018/10/14,UTTAR PRADESH,MUZAFFARNAGAR,5.27,-,36.44,15.96768633,2018,Oct,14
2018/10/14,UTTAR PRADESH,SANT RAVI DAS NAGAR(BHADOHI),3.51,-,24.16,14.63261049,2018,Oct,14
2018/10/14,UTTAR PRADESH,HAMIRPUR,0.18,-,1.4,11.91164834,2018,Oct,14
2018/10/14,UTTAR PRADESH,PRATAPGARH,0.57,-,4.46,15.50473848,2018,Oct,14
2018/10/14,UTTAR PRADESH,ETAWAH,3.4,-,24.07,13.87210438,2018,Oct,14
2018/10/14,UTTAR PRADESH,MORADABAD,5.37,-,37.28,14.07872487,2018,Oct,14
2018/10/14,UTTAR PRADESH,AGRA,2.01,-,15.2,16.59583802,2018,Oct,14
2018/10/14,UTTAR PRADESH,JAUNPUR,2.06,-,14.63,13.94115607,2018,Oct,14
2018/10/14,UTTAR PRADESH,KANPUR NAGAR,2.04,-,13.17,11.12447434,2018,Oct,14
2018/10/14,UTTAR PRADESH,JHANSI,2.4,-,17.92,11.74272798,2018,Oct,14
2018/10/14,UTTAR PRADESH,SIDDHARTH NAGAR,1.49,-,9.38,14.01324225,2018,Oct,14
2018/10/14,UTTAR PRADESH,MEERUT,6.14,-,39.33,16.03300882,2018,Oct,14
2018/10/14,UTTAR PRADESH,PILIBHIT,7.89,-,51.62,16.76468816,2018,Oct,14
2018/10/14,UTTAR PRADESH,SHAHJAHANPUR,3.41,-,25.26,14.60803907,2018,Oct,14
2018/10/14,UTTAR PRADESH,KANPUR DEHAT,1.39,-,8.59,12.05596557,2018,Oct,14
2018/10/14,UTTAR PRADESH,FIROZABAD,2.0,-,15.19,16.01575536,2018,Oct,14
2018/10/14,UTTAR PRADESH,AYODHYA,4.5,-,31.2,14.55230931,2018,Oct,14
2018/10/14,UTTAR PRADESH,KUSHINAGAR,2.05,-,17.13,17.87837869,2018,Oct,14
2018/10/14,UTTAR PRADESH,JALAUN,0.16,-,0.96,19.57016323,2018,Oct,14
2018/10/14,UTTAR PRADESH,GHAZIABAD,5.39,-,34.4,14.50391311,2018,Oct,14
2018/10/14,UTTAR PRADESH,ETAH,0.04,-,0.26,17.97145006,2018,Oct,14
2018/10/14,UTTAR PRADESH,BALLIA,1.11,-,7.33,20.28233644,2018,Oct,14
2018/10/14,UTTAR PRADESH,UNNAO,2.25,-,17.29,11.70385805,2018,Oct,14
2018/10/14,UTTAR PRADESH,MAU,3.27,-,22.24,15.38926869,2018,Oct,14
2018/10/14,UTTAR PRADESH,SITAPUR,2.85,-,18.84,12.79836589,2018,Oct,14
2018/10/14,UTTAR PRADESH,PRAYAGRAJ,2.69,-,23.64,14.79781332,2018,Oct,14
2018/10/14,UTTAR PRADESH,BAREILLY,7.14,-,46.51,15.9602992,2018,Oct,14
2018/10/14,UTTAR PRADESH,SHRAWASTI,3.05,-,25.88,16.92214532,2018,Oct,14
2018/10/14,UTTAR PRADESH,SULTANPUR,2.48,-,16.37,17.34440044,2018,Oct,14
2018/10/14,UTTAR PRADESH,GONDA,5.49,-,36.29,14.46913097,2018,Oct,14
2018/10/14,UTTAR PRADESH,GAUTAM BUDDHA NAGAR,3.44,-,21.99,16.30704,2018,Oct,14
2018/10/14,UTTAR PRADESH,KANSIRAM NAGAR,2.35,-,19.52,14.92670745,2018,Oct,14
2018/10/14,UTTAR PRADESH,MAHARAJGANJ,1.95,-,14.69,18.43040326,2018,Oct,14
2018/10/14,UTTAR PRADESH,MAINPURI,0.68,-,5.73,14.47452412,2018,Oct,14
2018/10/14,UTTAR PRADESH,VARANASI,2.14,-,15.99,18.7133274,2018,Oct,14
2018/10/14,UTTAR PRADESH,AURAIYA,2.56,-,17.74,13.21108481,2018,Oct,14
2018/10/13,UTTAR PRADESH,FARRUKHABAD,4.57,-,31.02,16.37938494,2018,Oct,13
2018/10/13,UTTAR PRADESH,LUCKNOW,3.92,-,27.27,12.06456711,2018,Oct,13
2018/10/13,UTTAR PRADESH,KHERI,5.44,-,36.45,15.25546033,2018,Oct,13
2018/10/13,UTTAR PRADESH,CHANDAULI,2.86,-,21.87,22.28031291,2018,Oct,13
2018/10/13,UTTAR PRADESH,AMBEDKAR NAGAR,2.55,-,16.85,14.90422586,2018,Oct,13
2018/10/13,UTTAR PRADESH,BUDAUN,4.19,-,33.58,12.22924626,2018,Oct,13
2018/10/13,UTTAR PRADESH,BALRAMPUR,7.18,-,46.63,13.81085258,2018,Oct,13
2018/10/13,UTTAR PRADESH,BASTI,5.37,-,33.7,13.07725246,2018,Oct,13
2018/10/13,UTTAR PRADESH,RAMPUR,8.66,-,55.31,16.0427365,2018,Oct,13
2018/10/13,UTTAR PRADESH,MIRZAPUR,2.56,-,21.34,20.67242319,2018,Oct,13
2018/10/13,UTTAR PRADESH,JYOTIBA PHULE NAGAR,5.69,-,43.6,13.94492512,2018,Oct,13
2018/10/13,UTTAR PRADESH,LALITPUR,3.14,-,21.48,10.03271699,2018,Oct,13
2018/10/13,UTTAR PRADESH,MAHAMAYA NAGAR,0.28,-,1.72,19.43387395,2018,Oct,13
2018/10/13,UTTAR PRADESH,MATHURA,0.35,-,2.29,16.59018125,2018,Oct,13
2018/10/13,UTTAR PRADESH,MAHOBA,1.04,-,8.19,7.753473506,2018,Oct,13
2018/10/13,UTTAR PRADESH,CHITRAKOOT,1.57,-,13.81,13.05622589,2018,Oct,13
2018/10/13,UTTAR PRADESH,SAHARANPUR,8.52,-,59.02,19.74363672,2018,Oct,13
2018/10/13,UTTAR PRADESH,KANNAUJ,4.26,-,29.21,16.73955159,2018,Oct,13
2018/10/13,UTTAR PRADESH,SANT KABIR NAGAR,4.89,-,34.7,13.65182415,2018,Oct,13
2018/10/13,UTTAR PRADESH,SONBHADRA,2.48,-,16.87,23.63961782,2018,Oct,13
2018/10/13,UTTAR PRADESH,FATEHPUR,3.05,-,23.01,9.498890945,2018,Oct,13
2018/10/13,UTTAR PRADESH,BARA BANKI,2.21,-,13.69,14.07863738,2018,Oct,13
2018/10/13,UTTAR PRADESH,AZAMGARH,4.7,-,30.99,13.39011306,2018,Oct,13
2018/10/13,UTTAR PRADESH,BAGHPAT,6.26,-,41.81,15.11943539,2018,Oct,13
2018/10/13,UTTAR PRADESH,ALIGARH,0.91,-,6.2,18.23896188,2018,Oct,13
2018/10/13,UTTAR PRADESH,HARDOI,2.9,-,20.13,14.76887838,2018,Oct,13
2018/10/13,UTTAR PRADESH,RAE BARELI,2.97,-,23.12,12.41730366,2018,Oct,13
2018/10/13,UTTAR PRADESH,GHAZIPUR,6.01,-,44.7,20.18014399,2018,Oct,13
2018/10/13,UTTAR PRADESH,KAUSHAMBI,4.13,-,30.16,10.82313659,2018,Oct,13
2018/10/13,UTTAR PRADESH,BULANDSHAHR,3.25,-,20.55,15.70560112,2018,Oct,13
2018/10/13,UTTAR PRADESH,DEORIA,2.62,-,16.63,18.19706579,2018,Oct,13
2018/10/13,UTTAR PRADESH,BAHRAICH,4.01,-,32.01,14.13664708,2018,Oct,13
2018/10/13,UTTAR PRADESH,GORAKHPUR,5.03,-,33.33,14.96055285,2018,Oct,13
2018/10/13,UTTAR PRADESH,BIJNOR,7.91,-,54.1,18.8022513,2018,Oct,13
2018/10/13,UTTAR PRADESH,BANDA,0.92,-,7.62,11.18295687,2018,Oct,13
2018/10/13,UTTAR PRADESH,MUZAFFARNAGAR,5.59,-,38.44,16.25384823,2018,Oct,13
2018/10/13,UTTAR PRADESH,SANT RAVI DAS NAGAR(BHADOHI),3.59,-,24.69,14.96610536,2018,Oct,13
2018/10/13,UTTAR PRADESH,HAMIRPUR,0.19,-,1.45,12.18920174,2018,Oct,13
2018/10/13,UTTAR PRADESH,PRATAPGARH,0.61,-,4.73,15.67538411,2018,Oct,13
2018/10/13,UTTAR PRADESH,ETAWAH,3.54,-,24.95,14.12888826,2018,Oct,13
2018/10/13,UTTAR PRADESH,MORADABAD,5.56,-,38.44,14.36029835,2018,Oct,13
2018/10/13,UTTAR PRADESH,AGRA,2.08,-,15.64,16.95267776,2018,Oct,13
2018/10/13,UTTAR PRADESH,JAUNPUR,2.22,-,15.69,14.12403182,2018,Oct,13
2018/10/13,UTTAR PRADESH,KANPUR NAGAR,2.16,-,13.89,11.33296585,2018,Oct,13
2018/10/13,UTTAR PRADESH,JHANSI,2.44,-,18.24,12.05189025,2018,Oct,13
2018/10/13,UTTAR PRADESH,SIDDHARTH NAGAR,1.81,-,11.38,14.07402436,2018,Oct,13
2018/10/13,UTTAR PRADESH,MEERUT,6.43,-,41.18,16.37428313,2018,Oct,13
2018/10/13,UTTAR PRADESH,PILIBHIT,8.07,-,52.72,17.12357883,2018,Oct,13
2018/10/13,UTTAR PRADESH,SHAHJAHANPUR,3.61,-,26.58,14.79825149,2018,Oct,13
2018/10/13,UTTAR PRADESH,KANPUR DEHAT,1.48,-,9.17,12.24830312,2018,Oct,13
2018/10/13,UTTAR PRADESH,FIROZABAD,2.1,-,15.9,16.35143312,2018,Oct,13
2018/10/13,UTTAR PRADESH,AYODHYA,4.65,-,32.18,14.62920661,2018,Oct,13
2018/10/13,UTTAR PRADESH,KUSHINAGAR,2.17,-,17.95,17.94668486,2018,Oct,13
2018/10/13,UTTAR PRADESH,JALAUN,0.17,-,1.0,19.93278624,2018,Oct,13
2018/10/13,UTTAR PRADESH,GHAZIABAD,5.6,-,35.67,14.80743422,2018,Oct,13
2018/10/13,UTTAR PRADESH,ETAH,0.05,-,0.33,18.25643221,2018,Oct,13
2018/10/13,UTTAR PRADESH,BALLIA,1.17,-,7.71,21.27382931,2018,Oct,13
2018/10/13,UTTAR PRADESH,UNNAO,2.41,-,18.33,11.85418977,2018,Oct,13
2018/10/13,UTTAR PRADESH,MAU,3.43,-,23.31,15.81114477,2018,Oct,13
2018/10/13,UTTAR PRADESH,SITAPUR,3.05,-,20.13,12.91426593,2018,Oct,13
2018/10/13,UTTAR PRADESH,PRAYAGRAJ,2.75,-,24.14,15.07190288,2018,Oct,13
2018/10/13,UTTAR PRADESH,BAREILLY,7.24,-,47.13,16.41002667,2018,Oct,13
2018/10/13,UTTAR PRADESH,SHRAWASTI,3.19,-,26.86,17.00492408,2018,Oct,13
2018/10/13,UTTAR PRADESH,SULTANPUR,2.63,-,17.36,17.44762462,2018,Oct,13
2018/10/13,UTTAR PRADESH,GONDA,5.71,-,37.73,14.60173443,2018,Oct,13
2018/10/13,UTTAR PRADESH,GAUTAM BUDDHA NAGAR,3.53,-,22.53,16.69183596,2018,Oct,13
2018/10/13,UTTAR PRADESH,KANSIRAM NAGAR,2.4,-,19.91,15.14781457,2018,Oct,13
2018/10/13,UTTAR PRADESH,MAHARAJGANJ,2.09,-,15.6,18.75874505,2018,Oct,13
2018/10/13,UTTAR PRADESH,MAINPURI,0.72,-,6.02,14.72042338,2018,Oct,13
2018/10/13,UTTAR PRADESH,VARANASI,2.21,-,16.48,19.50747099,2018,Oct,13
2018/10/13,UTTAR PRADESH,AURAIYA,2.72,-,18.82,13.47275589,2018,Oct,13
2018/10/12,UTTAR PRADESH,FARRUKHABAD,4.75,-,32.16,16.9118577,2018,Oct,12
2018/10/12,UTTAR PRADESH,LUCKNOW,4.08,-,28.32,12.22478493,2018,Oct,12
2018/10/12,UTTAR PRADESH,KHERI,5.59,-,37.41,15.66155151,2018,Oct,12
2018/10/12,UTTAR PRADESH,CHANDAULI,2.95,-,22.49,23.28369379,2018,Oct,12
2018/10/12,UTTAR PRADESH,AMBEDKAR NAGAR,2.79,-,18.42,14.96077444,2018,Oct,12
2018/10/12,UTTAR PRADESH,BUDAUN,4.35,-,34.63,12.46108385,2018,Oct,12
2018/10/12,UTTAR PRADESH,BALRAMPUR,7.39,-,48.04,13.99702707,2018,Oct,12
2018/10/12,UTTAR PRADESH,BASTI,6.0,-,37.6,13.178409,2018,Oct,12
2018/10/12,UTTAR PRADESH,RAMPUR,8.71,-,55.61,16.61319551,2018,Oct,12
2018/10/12,UTTAR PRADESH,MIRZAPUR,2.62,-,21.88,21.69415058,2018,Oct,12
2018/10/12,UTTAR PRADESH,JYOTIBA PHULE NAGAR,5.86,-,44.77,14.2707897,2018,Oct,12
2018/10/12,UTTAR PRADESH,LALITPUR,3.2,-,21.82,10.37050488,2018,Oct,12
2018/10/12,UTTAR PRADESH,MAHAMAYA NAGAR,0.3,-,1.87,19.75073712,2018,Oct,12
2018/10/12,UTTAR PRADESH,MATHURA,0.38,-,2.5,16.87654887,2018,Oct,12
2018/10/12,UTTAR PRADESH,MAHOBA,1.06,-,8.36,8.076278335,2018,Oct,12
2018/10/12,UTTAR PRADESH,CHITRAKOOT,1.59,-,13.97,13.35909881,2018,Oct,12
2018/10/12,UTTAR PRADESH,SAHARANPUR,8.62,-,59.74,20.35092533,2018,Oct,12
2018/10/12,UTTAR PRADESH,KANNAUJ,4.42,-,30.31,17.17075906,2018,Oct,12
2018/10/12,UTTAR PRADESH,SANT KABIR NAGAR,5.46,-,38.36,13.74330949,2018,Oct,12
2018/10/12,UTTAR PRADESH,SONBHADRA,2.56,-,17.37,24.34014324,2018,Oct,12
2018/10/12,UTTAR PRADESH,FATEHPUR,3.21,-,24.07,9.68783034,2018,Oct,12
2018/10/12,UTTAR PRADESH,BARA BANKI,2.51,-,15.53,14.16796195,2018,Oct,12
2018/10/12,UTTAR PRADESH,AZAMGARH,5.01,-,32.99,13.55277324,2018,Oct,12
2018/10/12,UTTAR PRADESH,BAGHPAT,6.51,-,43.57,15.41936504,2018,Oct,12
2018/10/12,UTTAR PRADESH,ALIGARH,0.95,-,6.5,18.54015125,2018,Oct,12
2018/10/12,UTTAR PRADESH,HARDOI,3.16,-,21.77,15.01311871,2018,Oct,12
2018/10/12,UTTAR PRADESH,RAE BARELI,3.1,-,24.02,12.54347987,2018,Oct,12
2018/10/12,UTTAR PRADESH,GHAZIPUR,6.15,-,45.73,21.33187322,2018,Oct,12
2018/10/12,UTTAR PRADESH,KAUSHAMBI,4.3,-,31.27,11.01466565,2018,Oct,12
2018/10/12,UTTAR PRADESH,BULANDSHAHR,3.58,-,22.57,15.94213822,2018,Oct,12
2018/10/12,UTTAR PRADESH,DEORIA,3.07,-,19.42,18.43835496,2018,Oct,12
2018/10/12,UTTAR PRADESH,BAHRAICH,4.18,-,33.17,14.29355192,2018,Oct,12
2018/10/12,UTTAR PRADESH,GORAKHPUR,5.46,-,36.0,15.128928,2018,Oct,12
2018/10/12,UTTAR PRADESH,BIJNOR,8.03,-,55.01,19.46759304,2018,Oct,12
2018/10/12,UTTAR PRADESH,BANDA,0.93,-,7.76,11.43365003,2018,Oct,12
2018/10/12,UTTAR PRADESH,MUZAFFARNAGAR,5.87,-,40.28,16.54814666,2018,Oct,12
2018/10/12,UTTAR PRADESH,SANT RAVI DAS NAGAR(BHADOHI),3.69,-,25.36,15.38553503,2018,Oct,12
2018/10/12,UTTAR PRADESH,HAMIRPUR,0.2,-,1.5,12.50528117,2018,Oct,12
2018/10/12,UTTAR PRADESH,PRATAPGARH,0.66,-,5.09,15.87369723,2018,Oct,12
2018/10/12,UTTAR PRADESH,ETAWAH,3.67,-,25.79,14.38820766,2018,Oct,12
2018/10/12,UTTAR PRADESH,MORADABAD,5.76,-,39.73,14.69069621,2018,Oct,12
2018/10/12,UTTAR PRADESH,AGRA,2.14,-,16.04,17.31790938,2018,Oct,12
2018/10/12,UTTAR PRADESH,JAUNPUR,2.42,-,17.02,14.3674319,2018,Oct,12
2018/10/12,UTTAR PRADESH,KANPUR NAGAR,2.28,-,14.67,11.56278414,2018,Oct,12
2018/10/12,UTTAR PRADESH,JHANSI,2.48,-,18.51,12.37738988,2018,Oct,12
2018/10/12,UTTAR PRADESH,SIDDHARTH NAGAR,2.23,-,14.01,14.156393,2018,Oct,12
2018/10/12,UTTAR PRADESH,MEERUT,6.7,-,42.95,16.7298734,2018,Oct,12
2018/10/12,UTTAR PRADESH,PILIBHIT,8.25,-,53.81,17.53418099,2018,Oct,12
2018/10/12,UTTAR PRADESH,SHAHJAHANPUR,3.83,-,28.01,15.0139033,2018,Oct,12
2018/10/12,UTTAR PRADESH,KANPUR DEHAT,1.59,-,9.83,12.45688175,2018,Oct,12
2018/10/12,UTTAR PRADESH,FIROZABAD,2.21,-,16.63,16.69245311,2018,Oct,12
2018/10/12,UTTAR PRADESH,AYODHYA,4.83,-,33.33,14.71246026,2018,Oct,12
2018/10/12,UTTAR PRADESH,KUSHINAGAR,2.32,-,18.97,18.03181774,2018,Oct,12
2018/10/12,UTTAR PRADESH,JALAUN,0.17,-,1.03,20.33298402,2018,Oct,12
2018/10/12,UTTAR PRADESH,GHAZIABAD,5.78,-,36.82,15.12647104,2018,Oct,12
2018/10/12,UTTAR PRADESH,ETAH,0.07,-,0.41,18.5455622,2018,Oct,12
2018/10/12,UTTAR PRADESH,BALLIA,1.22,-,8.07,22.37950192,2018,Oct,12
2018/10/12,UTTAR PRADESH,UNNAO,2.57,-,19.41,12.02270196,2018,Oct,12
2018/10/12,UTTAR PRADESH,MAU,3.64,-,24.58,16.31478447,2018,Oct,12
2018/10/12,UTTAR PRADESH,SITAPUR,3.27,-,21.46,13.0415799,2018,Oct,12
2018/10/12,UTTAR PRADESH,PRAYAGRAJ,2.81,-,24.67,15.40134804,2018,Oct,12
2018/10/12,UTTAR PRADESH,BAREILLY,7.32,-,47.71,16.96052343,2018,Oct,12
2018/10/12,UTTAR PRADESH,SHRAWASTI,3.35,-,27.95,17.08658775,2018,Oct,12
2018/10/12,UTTAR PRADESH,SULTANPUR,2.81,-,18.55,17.56412482,2018,Oct,12
2018/10/12,UTTAR PRADESH,GONDA,5.93,-,39.26,14.77036837,2018,Oct,12
2018/10/12,UTTAR PRADESH,GAUTAM BUDDHA NAGAR,3.63,-,23.12,17.07950306,2018,Oct,12
2018/10/12,UTTAR PRADESH,KANSIRAM NAGAR,2.46,-,20.39,15.37350045,2018,Oct,12
2018/10/12,UTTAR PRADESH,MAHARAJGANJ,2.26,-,16.76,19.08652101,2018,Oct,12
2018/10/12,UTTAR PRADESH,MAINPURI,0.77,-,6.36,14.96922167,2018,Oct,12
2018/10/12,UTTAR PRADESH,VARANASI,2.28,-,17.02,20.39964888,2018,Oct,12
2018/10/12,UTTAR PRADESH,AURAIYA,2.89,-,19.9,13.73438852,2018,Oct,12
2018/10/11,UTTAR PRADESH,FARRUKHABAD,5.07,-,34.13,17.86838274,2018,Oct,11
2018/10/11,UTTAR PRADESH,LUCKNOW,4.23,-,29.3,12.38867734,2018,Oct,11
2018/10/11,UTTAR PRADESH,KHERI,5.76,-,38.48,16.14776397,2018,Oct,11
2018/10/11,UTTAR PRADESH,CHANDAULI,2.93,-,22.25,21.27608641,2018,Oct,11
2018/10/11,UTTAR PRADESH,AMBEDKAR NAGAR,2.98,-,19.69,15.01647056,2018,Oct,11
2018/10/11,UTTAR PRADESH,BUDAUN,4.53,-,35.79,12.7093054,2018,Oct,11
2018/10/11,UTTAR PRADESH,BALRAMPUR,7.56,-,49.11,14.14138978,2018,Oct,11
2018/10/11,UTTAR PRADESH,BASTI,6.48,-,40.6,13.25724474,2018,Oct,11
2018/10/11,UTTAR PRADESH,RAMPUR,8.74,-,55.82,17.20117373,2018,Oct,11
2018/10/11,UTTAR PRADESH,MIRZAPUR,2.53,-,20.96,18.77912828,2018,Oct,11
2018/10/11,UTTAR PRADESH,JYOTIBA PHULE NAGAR,6.05,-,46.04,14.63270297,2018,Oct,11
2018/10/11,UTTAR PRADESH,LALITPUR,3.25,-,22.19,10.73688471,2018,Oct,11
2018/10/11,UTTAR PRADESH,MAHAMAYA NAGAR,0.33,-,2.04,20.08015952,2018,Oct,11
2018/10/11,UTTAR PRADESH,MATHURA,0.43,-,2.79,17.17231417,2018,Oct,11
2018/10/11,UTTAR PRADESH,MAHOBA,1.08,-,8.51,8.412642693,2018,Oct,11
2018/10/11,UTTAR PRADESH,CHITRAKOOT,1.61,-,14.14,13.65736999,2018,Oct,11
2018/10/11,UTTAR PRADESH,SAHARANPUR,8.74,-,60.59,21.15671544,2018,Oct,11
2018/10/11,UTTAR PRADESH,KANNAUJ,4.7,-,32.05,17.87078299,2018,Oct,11
2018/10/11,UTTAR PRADESH,SANT KABIR NAGAR,5.94,-,41.37,13.81717594,2018,Oct,11
2018/10/11,UTTAR PRADESH,SONBHADRA,2.62,-,17.75,24.58346533,2018,Oct,11
2018/10/11,UTTAR PRADESH,FATEHPUR,3.38,-,25.16,9.865989971,2018,Oct,11
2018/10/11,UTTAR PRADESH,BARA BANKI,2.76,-,17.12,14.25252136,2018,Oct,11
2018/10/11,UTTAR PRADESH,AZAMGARH,5.25,-,34.54,13.46208877,2018,Oct,11
2018/10/11,UTTAR PRADESH,BAGHPAT,6.78,-,45.35,15.73484063,2018,Oct,11
2018/10/11,UTTAR PRADESH,ALIGARH,1.01,-,6.84,18.85283734,2018,Oct,11
2018/10/11,UTTAR PRADESH,HARDOI,3.42,-,23.42,15.28781244,2018,Oct,11
2018/10/11,UTTAR PRADESH,RAE BARELI,3.22,-,24.9,12.66698976,2018,Oct,11
2018/10/11,UTTAR PRADESH,GHAZIPUR,5.98,-,44.26,16.96554009,2018,Oct,11
2018/10/11,UTTAR PRADESH,KAUSHAMBI,4.46,-,32.32,11.21232492,2018,Oct,11
2018/10/11,UTTAR PRADESH,BULANDSHAHR,3.93,-,24.78,16.2015852,2018,Oct,11
2018/10/11,UTTAR PRADESH,DEORIA,3.43,-,21.66,17.7705195,2018,Oct,11
2018/10/11,UTTAR PRADESH,BAHRAICH,4.33,-,34.27,14.45852308,2018,Oct,11
2018/10/11,UTTAR PRADESH,GORAKHPUR,5.82,-,38.24,15.2808645,2018,Oct,11
2018/10/11,UTTAR PRADESH,BIJNOR,8.17,-,56.04,20.17444203,2018,Oct,11
2018/10/11,UTTAR PRADESH,BANDA,0.95,-,7.91,11.6898244,2018,Oct,11
2018/10/11,UTTAR PRADESH,MUZAFFARNAGAR,6.16,-,42.11,16.8740026,2018,Oct,11
2018/10/11,UTTAR PRADESH,SANT RAVI DAS NAGAR(BHADOHI),3.74,-,25.71,14.78308347,2018,Oct,11
2018/10/11,UTTAR PRADESH,HAMIRPUR,0.2,-,1.55,12.82722792,2018,Oct,11
2018/10/11,UTTAR PRADESH,PRATAPGARH,0.7,-,5.43,16.0665078,2018,Oct,11
2018/10/11,UTTAR PRADESH,ETAWAH,3.81,-,26.67,14.66872398,2018,Oct,11
2018/10/11,UTTAR PRADESH,MORADABAD,5.96,-,41.02,15.04093032,2018,Oct,11
2018/10/11,UTTAR PRADESH,AGRA,2.19,-,16.41,17.69665993,2018,Oct,11
2018/10/11,UTTAR PRADESH,JAUNPUR,2.57,-,18.04,14.52364114,2018,Oct,11
2018/10/11,UTTAR PRADESH,KANPUR NAGAR,2.41,-,15.48,11.78728433,2018,Oct,11
2018/10/11,UTTAR PRADESH,JHANSI,2.52,-,18.82,12.72379374,2018,Oct,11
2018/10/11,UTTAR PRADESH,SIDDHARTH NAGAR,2.64,-,16.62,14.19828833,2018,Oct,11
2018/10/11,UTTAR PRADESH,MEERUT,6.96,-,44.62,17.13693879,2018,Oct,11
2018/10/11,UTTAR PRADESH,PILIBHIT,8.39,-,54.75,17.99601721,2018,Oct,11
2018/10/11,UTTAR PRADESH,SHAHJAHANPUR,4.04,-,29.43,15.23412163,2018,Oct,11
2018/10/11,UTTAR PRADESH,KANPUR DEHAT,1.71,-,10.55,12.66790463,2018,Oct,11
2018/10/11,UTTAR PRADESH,FIROZABAD,2.31,-,17.31,17.0503188,2018,Oct,11
2018/10/11,UTTAR PRADESH,AYODHYA,4.99,-,34.34,14.79142408,2018,Oct,11
2018/10/11,UTTAR PRADESH,KUSHINAGAR,2.48,-,20.03,18.09494967,2018,Oct,11
2018/10/11,UTTAR PRADESH,JALAUN,0.18,-,1.07,20.74185418,2018,Oct,11
2018/10/11,UTTAR PRADESH,GHAZIABAD,5.99,-,38.11,15.49178672,2018,Oct,11
2018/10/11,UTTAR PRADESH,ETAH,0.08,-,0.51,18.85030738,2018,Oct,11
2018/10/11,UTTAR PRADESH,BALLIA,1.23,-,8.13,17.52787859,2018,Oct,11
2018/10/11,UTTAR PRADESH,UNNAO,2.73,-,20.46,12.19770862,2018,Oct,11
2018/10/11,UTTAR PRADESH,MAU,3.8,-,25.61,14.4700985,2018,Oct,11
2018/10/11,UTTAR PRADESH,SITAPUR,3.49,-,22.82,13.17474962,2018,Oct,11
2018/10/11,UTTAR PRADESH,PRAYAGRAJ,2.86,-,25.16,15.25078384,2018,Oct,11
2018/10/11,UTTAR PRADESH,BAREILLY,7.4,-,48.18,17.52868547,2018,Oct,11
2018/10/11,UTTAR PRADESH,SHRAWASTI,3.52,-,29.09,17.16454121,2018,Oct,11
2018/10/11,UTTAR PRADESH,SULTANPUR,2.96,-,19.47,17.67218264,2018,Oct,11
2018/10/11,UTTAR PRADESH,GONDA,6.1,-,40.37,14.90210452,2018,Oct,11
2018/10/11,UTTAR PRADESH,GAUTAM BUDDHA NAGAR,3.72,-,23.72,17.51047692,2018,Oct,11
2018/10/11,UTTAR PRADESH,KANSIRAM NAGAR,2.55,-,20.99,15.60823537,2018,Oct,11
2018/10/11,UTTAR PRADESH,MAHARAJGANJ,2.46,-,18.05,17.7619641,2018,Oct,11
2018/10/11,UTTAR PRADESH,MAINPURI,0.82,-,6.68,15.23209133,2018,Oct,11
2018/10/11,UTTAR PRADESH,VARANASI,2.29,-,17.01,19.0523625,2018,Oct,11
2018/10/11,UTTAR PRADESH,AURAIYA,3.07,-,21.11,14.02273374,2018,Oct,11
2018/10/10,UTTAR PRADESH,FARRUKHABAD,4.85,-,32.8,15.02386312,2018,Oct,10
2018/10/10,UTTAR PRADESH,LUCKNOW,4.39,-,30.34,12.56690089,2018,Oct,10
2018/10/10,UTTAR PRADESH,KHERI,5.87,-,39.15,14.92251045,2018,Oct,10
2018/10/10,UTTAR PRADESH,CHANDAULI,2.93,-,22.23,17.30189316,2018,Oct,10
2018/10/10,UTTAR PRADESH,AMBEDKAR NAGAR,3.21,-,21.21,15.08652335,2018,Oct,10
2018/10/10,UTTAR PRADESH,BUDAUN,4.64,-,36.31,12.02456535,2018,Oct,10
2018/10/10,UTTAR PRADESH,BALRAMPUR,7.73,-,50.22,14.3248055,2018,Oct,10
2018/10/10,UTTAR PRADESH,BASTI,7.05,-,44.13,13.36161354,2018,Oct,10
2018/10/10,UTTAR PRADESH,RAMPUR,8.77,-,56.05,16.11534467,2018,Oct,10
2018/10/10,UTTAR PRADESH,MIRZAPUR,2.51,-,20.71,15.51765687,2018,Oct,10
2018/10/10,UTTAR PRADESH,JYOTIBA PHULE NAGAR,6.24,-,47.38,15.00652344,2018,Oct,10
2018/10/10,UTTAR PRADESH,LALITPUR,3.3,-,22.57,11.11395896,2018,Oct,10
2018/10/10,UTTAR PRADESH,MAHAMAYA NAGAR,0.36,-,2.23,20.41891943,2018,Oct,10
2018/10/10,UTTAR PRADESH,MATHURA,0.48,-,3.13,17.48961615,2018,Oct,10
2018/10/10,UTTAR PRADESH,MAHOBA,1.09,-,8.66,8.77501015,2018,Oct,10
2018/10/10,UTTAR PRADESH,CHITRAKOOT,1.63,-,14.3,13.98136699,2018,Oct,10
2018/10/10,UTTAR PRADESH,SAHARANPUR,8.58,-,59.15,19.06089976,2018,Oct,10
2018/10/10,UTTAR PRADESH,KANNAUJ,4.64,-,31.74,15.93574528,2018,Oct,10
2018/10/10,UTTAR PRADESH,SANT KABIR NAGAR,6.45,-,44.61,13.91660482,2018,Oct,10
2018/10/10,UTTAR PRADESH,SONBHADRA,2.64,-,17.9,20.33454738,2018,Oct,10
2018/10/10,UTTAR PRADESH,FATEHPUR,3.57,-,26.4,10.05877629,2018,Oct,10
2018/10/10,UTTAR PRADESH,BARA BANKI,3.05,-,18.93,14.34062987,2018,Oct,10
2018/10/10,UTTAR PRADESH,AZAMGARH,5.54,-,36.44,13.59065609,2018,Oct,10
2018/10/10,UTTAR PRADESH,BAGHPAT,7.0,-,46.89,16.01562864,2018,Oct,10
2018/10/10,UTTAR PRADESH,ALIGARH,1.07,-,7.23,19.1771368,2018,Oct,10
2018/10/10,UTTAR PRADESH,HARDOI,3.69,-,25.13,14.91463187,2018,Oct,10
2018/10/10,UTTAR PRADESH,RAE BARELI,3.36,-,25.85,12.80415407,2018,Oct,10
2018/10/10,UTTAR PRADESH,GHAZIPUR,6.07,-,44.76,12.94631576,2018,Oct,10
2018/10/10,UTTAR PRADESH,KAUSHAMBI,4.64,-,33.44,11.42866857,2018,Oct,10
2018/10/10,UTTAR PRADESH,BULANDSHAHR,4.3,-,27.02,16.46115115,2018,Oct,10
2018/10/10,UTTAR PRADESH,DEORIA,3.93,-,24.8,17.3489632,2018,Oct,10
2018/10/10,UTTAR PRADESH,BAHRAICH,4.47,-,35.26,14.57352232,2018,Oct,10
2018/10/10,UTTAR PRADESH,GORAKHPUR,6.22,-,40.79,15.47289889,2018,Oct,10
2018/10/10,UTTAR PRADESH,BIJNOR,8.13,-,55.57,18.5278459,2018,Oct,10
2018/10/10,UTTAR PRADESH,BANDA,0.96,-,8.04,11.96258715,2018,Oct,10
2018/10/10,UTTAR PRADESH,MUZAFFARNAGAR,6.41,-,43.7,17.11098822,2018,Oct,10
2018/10/10,UTTAR PRADESH,SANT RAVI DAS NAGAR(BHADOHI),3.89,-,26.66,14.87782819,2018,Oct,10
2018/10/10,UTTAR PRADESH,HAMIRPUR,0.21,-,1.6,13.16852152,2018,Oct,10
2018/10/10,UTTAR PRADESH,PRATAPGARH,0.77,-,5.87,16.2836082,2018,Oct,10
2018/10/10,UTTAR PRADESH,ETAWAH,3.95,-,27.58,14.95496717,2018,Oct,10
2018/10/10,UTTAR PRADESH,MORADABAD,6.12,-,42.07,15.18544103,2018,Oct,10
2018/10/10,UTTAR PRADESH,AGRA,2.25,-,16.77,18.10358194,2018,Oct,10
2018/10/10,UTTAR PRADESH,JAUNPUR,2.77,-,19.37,14.7696284,2018,Oct,10
2018/10/10,UTTAR PRADESH,KANPUR NAGAR,2.55,-,16.32,12.03925728,2018,Oct,10
2018/10/10,UTTAR PRADESH,JHANSI,2.56,-,19.15,13.09318648,2018,Oct,10
2018/10/10,UTTAR PRADESH,SIDDHARTH NAGAR,3.1,-,19.56,14.27813963,2018,Oct,10
2018/10/10,UTTAR PRADESH,MEERUT,7.18,-,46.04,17.46870039,2018,Oct,10
2018/10/10,UTTAR PRADESH,PILIBHIT,8.54,-,55.62,16.89255796,2018,Oct,10
2018/10/10,UTTAR PRADESH,SHAHJAHANPUR,4.22,-,30.55,15.02261683,2018,Oct,10
2018/10/10,UTTAR PRADESH,KANPUR DEHAT,1.84,-,11.41,12.89926317,2018,Oct,10
2018/10/10,UTTAR PRADESH,FIROZABAD,2.41,-,18.0,17.41311181,2018,Oct,10
2018/10/10,UTTAR PRADESH,AYODHYA,5.16,-,35.46,14.89628188,2018,Oct,10
2018/10/10,UTTAR PRADESH,KUSHINAGAR,2.65,-,21.23,18.18553616,2018,Oct,10
2018/10/10,UTTAR PRADESH,JALAUN,0.19,-,1.11,21.15476024,2018,Oct,10
2018/10/10,UTTAR PRADESH,GHAZIABAD,6.19,-,39.41,15.83782163,2018,Oct,10
2018/10/10,UTTAR PRADESH,ETAH,0.11,-,0.65,19.15717076,2018,Oct,10
2018/10/10,UTTAR PRADESH,BALLIA,1.33,-,8.77,13.96417454,2018,Oct,10
2018/10/10,UTTAR PRADESH,UNNAO,2.91,-,21.59,12.38251036,2018,Oct,10
2018/10/10,UTTAR PRADESH,MAU,4.02,-,26.98,13.44132738,2018,Oct,10
2018/10/10,UTTAR PRADESH,SITAPUR,3.7,-,24.16,13.322295,2018,Oct,10
2018/10/10,UTTAR PRADESH,PRAYAGRAJ,2.93,-,25.73,15.430386,2018,Oct,10
2018/10/10,UTTAR PRADESH,BAREILLY,7.46,-,48.61,15.32723775,2018,Oct,10
2018/10/10,UTTAR PRADESH,SHRAWASTI,3.69,-,30.28,17.24603809,2018,Oct,10
2018/10/10,UTTAR PRADESH,SULTANPUR,3.1,-,20.38,17.80337978,2018,Oct,10
2018/10/10,UTTAR PRADESH,GONDA,6.28,-,41.59,15.07203216,2018,Oct,10
2018/10/10,UTTAR PRADESH,GAUTAM BUDDHA NAGAR,3.82,-,24.35,17.92437201,2018,Oct,10
2018/10/10,UTTAR PRADESH,KANSIRAM NAGAR,2.64,-,21.64,15.80182784,2018,Oct,10
2018/10/10,UTTAR PRADESH,MAHARAJGANJ,2.68,-,19.54,17.88333935,2018,Oct,10
2018/10/10,UTTAR PRADESH,MAINPURI,0.87,-,7.06,15.49802102,2018,Oct,10
2018/10/10,UTTAR PRADESH,VARANASI,2.41,-,17.87,16.80058103,2018,Oct,10
2018/10/10,UTTAR PRADESH,AURAIYA,3.25,-,22.23,14.31887281,2018,Oct,10
2018/10/09,UTTAR PRADESH,FARRUKHABAD,5.07,-,34.13,15.3802704,2018,Oct,9
2018/10/09,UTTAR PRADESH,LUCKNOW,4.57,-,31.49,12.76815954,2018,Oct,9
2018/10/09,UTTAR PRADESH,KHERI,6.02,-,40.12,15.23288559,2018,Oct,9
2018/10/09,UTTAR PRADESH,CHANDAULI,3.05,-,23.09,17.51478542,2018,Oct,9
2018/10/09,UTTAR PRADESH,AMBEDKAR NAGAR,3.43,-,22.58,15.16163665,2018,Oct,9
2018/10/09,UTTAR PRADESH,BUDAUN,4.85,-,37.63,12.21018048,2018,Oct,9
2018/10/09,UTTAR PRADESH,BALRAMPUR,7.91,-,51.41,14.54080076,2018,Oct,9
2018/10/09,UTTAR PRADESH,BASTI,7.58,-,47.44,13.48123389,2018,Oct,9
2018/10/09,UTTAR PRADESH,RAMPUR,8.8,-,56.27,16.65701178,2018,Oct,9
2018/10/09,UTTAR PRADESH,MIRZAPUR,2.55,-,21.09,16.00172616,2018,Oct,9
2018/10/09,UTTAR PRADESH,JYOTIBA PHULE NAGAR,6.44,-,48.86,15.44912639,2018,Oct,9
2018/10/09,UTTAR PRADESH,LALITPUR,3.37,-,23.03,11.5366439,2018,Oct,9
2018/10/09,UTTAR PRADESH,MAHAMAYA NAGAR,0.4,-,2.46,20.80992816,2018,Oct,9
2018/10/09,UTTAR PRADESH,MATHURA,0.55,-,3.56,17.86030143,2018,Oct,9
2018/10/09,UTTAR PRADESH,MAHOBA,1.11,-,8.86,9.191036502,2018,Oct,9
2018/10/09,UTTAR PRADESH,CHITRAKOOT,1.66,-,14.51,14.343126,2018,Oct,9
2018/10/09,UTTAR PRADESH,SAHARANPUR,8.66,-,59.66,19.53798833,2018,Oct,9
2018/10/09,UTTAR PRADESH,KANNAUJ,4.86,-,33.14,16.29957227,2018,Oct,9
2018/10/09,UTTAR PRADESH,SANT KABIR NAGAR,6.89,-,47.42,14.01744035,2018,Oct,9
2018/10/09,UTTAR PRADESH,SONBHADRA,2.75,-,18.57,20.15059645,2018,Oct,9
2018/10/09,UTTAR PRADESH,FATEHPUR,3.79,-,27.84,10.26893691,2018,Oct,9
2018/10/09,UTTAR PRADESH,BARA BANKI,3.38,-,21.0,14.45284,2018,Oct,9
2018/10/09,UTTAR PRADESH,AZAMGARH,5.79,-,38.11,13.76635633,2018,Oct,9
2018/10/09,UTTAR PRADESH,BAGHPAT,7.22,-,48.38,16.3788713,2018,Oct,9
2018/10/09,UTTAR PRADESH,ALIGARH,1.14,-,7.66,19.53379281,2018,Oct,9
2018/10/09,UTTAR PRADESH,HARDOI,4.0,-,27.03,15.1560274,2018,Oct,9
2018/10/09,UTTAR PRADESH,RAE BARELI,3.52,-,26.88,12.95025825,2018,Oct,9
2018/10/09,UTTAR PRADESH,GHAZIPUR,6.2,-,45.69,13.13119358,2018,Oct,9
2018/10/09,UTTAR PRADESH,KAUSHAMBI,4.83,-,34.64,11.66695016,2018,Oct,9
2018/10/09,UTTAR PRADESH,BULANDSHAHR,4.66,-,29.25,16.75254709,2018,Oct,9
2018/10/09,UTTAR PRADESH,DEORIA,4.41,-,27.83,17.45222406,2018,Oct,9
2018/10/09,UTTAR PRADESH,BAHRAICH,4.62,-,36.31,14.76410422,2018,Oct,9
2018/10/09,UTTAR PRADESH,GORAKHPUR,6.59,-,43.11,15.66457417,2018,Oct,9
2018/10/09,UTTAR PRADESH,BIJNOR,8.22,-,56.21,19.05904526,2018,Oct,9
2018/10/09,UTTAR PRADESH,BANDA,0.98,-,8.19,12.27766898,2018,Oct,9
2018/10/09,UTTAR PRADESH,MUZAFFARNAGAR,6.68,-,45.41,17.47461167,2018,Oct,9
2018/10/09,UTTAR PRADESH,SANT RAVI DAS NAGAR(BHADOHI),4.08,-,27.97,15.27377058,2018,Oct,9
2018/10/09,UTTAR PRADESH,HAMIRPUR,0.22,-,1.67,13.56384848,2018,Oct,9
2018/10/09,UTTAR PRADESH,PRATAPGARH,0.83,-,6.36,16.51917187,2018,Oct,9
2018/10/09,UTTAR PRADESH,ETAWAH,4.11,-,28.57,15.2773638,2018,Oct,9
2018/10/09,UTTAR PRADESH,MORADABAD,6.29,-,43.16,15.60075789,2018,Oct,9
2018/10/09,UTTAR PRADESH,AGRA,2.31,-,17.2,18.57017437,2018,Oct,9
2018/10/09,UTTAR PRADESH,JAUNPUR,3.01,-,20.93,15.08570103,2018,Oct,9
2018/10/09,UTTAR PRADESH,KANPUR NAGAR,2.7,-,17.25,12.31642903,2018,Oct,9
2018/10/09,UTTAR PRADESH,JHANSI,2.61,-,19.51,13.50409147,2018,Oct,9
2018/10/09,UTTAR PRADESH,SIDDHARTH NAGAR,3.58,-,22.58,14.35870574,2018,Oct,9
2018/10/09,UTTAR PRADESH,MEERUT,7.41,-,47.55,17.95988197,2018,Oct,9
2018/10/09,UTTAR PRADESH,PILIBHIT,8.68,-,56.53,17.25216569,2018,Oct,9
2018/10/09,UTTAR PRADESH,SHAHJAHANPUR,4.45,-,32.02,15.24020681,2018,Oct,9
2018/10/09,UTTAR PRADESH,KANPUR DEHAT,2.01,-,12.42,13.14984526,2018,Oct,9
2018/10/09,UTTAR PRADESH,FIROZABAD,2.52,-,18.69,17.8237708,2018,Oct,9
2018/10/09,UTTAR PRADESH,AYODHYA,5.32,-,36.53,15.00196545,2018,Oct,9
2018/10/09,UTTAR PRADESH,KUSHINAGAR,2.83,-,22.48,18.28407693,2018,Oct,9
2018/10/09,UTTAR PRADESH,JALAUN,0.19,-,1.17,21.60967763,2018,Oct,9
2018/10/09,UTTAR PRADESH,GHAZIABAD,6.44,-,40.98,16.289658,2018,Oct,9
2018/10/09,UTTAR PRADESH,ETAH,0.14,-,0.83,19.49128613,2018,Oct,9
2018/10/09,UTTAR PRADESH,BALLIA,1.47,-,9.72,14.11876137,2018,Oct,9
2018/10/09,UTTAR PRADESH,UNNAO,3.12,-,22.92,12.58455966,2018,Oct,9
2018/10/09,UTTAR PRADESH,MAU,4.23,-,28.3,13.56455104,2018,Oct,9
2018/10/09,UTTAR PRADESH,SITAPUR,3.92,-,25.52,13.47736761,2018,Oct,9
2018/10/09,UTTAR PRADESH,PRAYAGRAJ,3.01,-,26.36,15.78008224,2018,Oct,9
2018/10/09,UTTAR PRADESH,BAREILLY,7.55,-,49.17,15.64696417,2018,Oct,9
2018/10/09,UTTAR PRADESH,SHRAWASTI,3.89,-,31.65,17.33124408,2018,Oct,9
2018/10/09,UTTAR PRADESH,SULTANPUR,3.23,-,21.26,17.95119066,2018,Oct,9
2018/10/09,UTTAR PRADESH,GONDA,6.47,-,42.87,15.28097524,2018,Oct,9
2018/10/09,UTTAR PRADESH,GAUTAM BUDDHA NAGAR,3.91,-,24.91,18.40421391,2018,Oct,9
2018/10/09,UTTAR PRADESH,KANSIRAM NAGAR,2.76,-,22.5,16.05919868,2018,Oct,9
2018/10/09,UTTAR PRADESH,MAHARAJGANJ,2.92,-,21.09,18.00613259,2018,Oct,9
2018/10/09,UTTAR PRADESH,MAINPURI,0.94,-,7.46,15.7886045,2018,Oct,9
2018/10/09,UTTAR PRADESH,VARANASI,2.58,-,19.07,17.13856308,2018,Oct,9
2018/10/09,UTTAR PRADESH,AURAIYA,3.44,-,23.44,14.64789703,2018,Oct,9
2018/10/08,UTTAR PRADESH,FARRUKHABAD,5.3,-,35.55,15.75031452,2018,Oct,8
2018/10/08,UTTAR PRADESH,LUCKNOW,4.78,-,32.87,12.99496016,2018,Oct,8
2018/10/08,UTTAR PRADESH,KHERI,6.16,-,41.07,15.56264999,2018,Oct,8
2018/10/08,UTTAR PRADESH,CHANDAULI,3.19,-,24.15,17.98340105,2018,Oct,8
2018/10/08,UTTAR PRADESH,AMBEDKAR NAGAR,3.66,-,24.09,15.25282633,2018,Oct,8
2018/10/08,UTTAR PRADESH,BUDAUN,5.08,-,39.08,12.41086217,2018,Oct,8
2018/10/08,UTTAR PRADESH,BALRAMPUR,8.09,-,52.64,14.77813504,2018,Oct,8
2018/10/08,UTTAR PRADESH,BASTI,8.08,-,50.55,13.60809346,2018,Oct,8
2018/10/08,UTTAR PRADESH,RAMPUR,8.83,-,56.49,17.30534003,2018,Oct,8
2018/10/08,UTTAR PRADESH,MIRZAPUR,2.61,-,21.58,16.59109624,2018,Oct,8
2018/10/08,UTTAR PRADESH,JYOTIBA PHULE NAGAR,6.63,-,50.31,15.93142483,2018,Oct,8
2018/10/08,UTTAR PRADESH,LALITPUR,3.44,-,23.55,11.99635629,2018,Oct,8
2018/10/08,UTTAR PRADESH,MAHAMAYA NAGAR,0.44,-,2.69,21.22750008,2018,Oct,8
2018/10/08,UTTAR PRADESH,MATHURA,0.64,-,4.12,18.27301087,2018,Oct,8
2018/10/08,UTTAR PRADESH,MAHOBA,1.14,-,9.03,9.624809311,2018,Oct,8
2018/10/08,UTTAR PRADESH,CHITRAKOOT,1.68,-,14.69,14.71925442,2018,Oct,8
2018/10/08,UTTAR PRADESH,SAHARANPUR,8.74,-,60.25,20.17073581,2018,Oct,8
2018/10/08,UTTAR PRADESH,KANNAUJ,5.08,-,34.61,16.68515548,2018,Oct,8
2018/10/08,UTTAR PRADESH,SANT KABIR NAGAR,7.23,-,49.52,14.12823349,2018,Oct,8
2018/10/08,UTTAR PRADESH,SONBHADRA,2.88,-,19.4,20.67953757,2018,Oct,8
2018/10/08,UTTAR PRADESH,FATEHPUR,4.06,-,29.58,10.50305795,2018,Oct,8
2018/10/08,UTTAR PRADESH,BARA BANKI,3.77,-,23.45,14.59400431,2018,Oct,8
2018/10/08,UTTAR PRADESH,AZAMGARH,6.04,-,39.72,13.97123798,2018,Oct,8
2018/10/08,UTTAR PRADESH,BAGHPAT,7.49,-,50.12,16.7672302,2018,Oct,8
2018/10/08,UTTAR PRADESH,ALIGARH,1.22,-,8.17,19.91081448,2018,Oct,8
2018/10/08,UTTAR PRADESH,HARDOI,4.32,-,29.03,15.42633755,2018,Oct,8
2018/10/08,UTTAR PRADESH,RAE BARELI,3.69,-,28.07,13.11450864,2018,Oct,8
2018/10/08,UTTAR PRADESH,GHAZIPUR,6.37,-,46.8,13.42371619,2018,Oct,8
2018/10/08,UTTAR PRADESH,KAUSHAMBI,5.04,-,35.99,11.92069145,2018,Oct,8
2018/10/08,UTTAR PRADESH,BULANDSHAHR,5.0,-,31.37,17.05177517,2018,Oct,8
2018/10/08,UTTAR PRADESH,DEORIA,4.88,-,30.73,17.56158157,2018,Oct,8
2018/10/08,UTTAR PRADESH,BAHRAICH,4.79,-,37.45,14.97418401,2018,Oct,8
2018/10/08,UTTAR PRADESH,GORAKHPUR,6.92,-,45.23,15.88300639,2018,Oct,8
2018/10/08,UTTAR PRADESH,BIJNOR,8.3,-,56.85,19.67245303,2018,Oct,8
2018/10/08,UTTAR PRADESH,BANDA,0.99,-,8.35,12.61250938,2018,Oct,8
2018/10/08,UTTAR PRADESH,MUZAFFARNAGAR,6.96,-,47.25,17.88584817,2018,Oct,8
2018/10/08,UTTAR PRADESH,SANT RAVI DAS NAGAR(BHADOHI),4.31,-,29.51,15.73318799,2018,Oct,8
2018/10/08,UTTAR PRADESH,HAMIRPUR,0.22,-,1.72,13.97206258,2018,Oct,8
2018/10/08,UTTAR PRADESH,PRATAPGARH,0.92,-,6.96,16.7904074,2018,Oct,8
2018/10/08,UTTAR PRADESH,ETAWAH,4.29,-,29.69,15.61224379,2018,Oct,8
2018/10/08,UTTAR PRADESH,MORADABAD,6.46,-,44.35,16.04519794,2018,Oct,8
2018/10/08,UTTAR PRADESH,AGRA,2.39,-,17.68,19.06139039,2018,Oct,8
2018/10/08,UTTAR PRADESH,JAUNPUR,3.28,-,22.75,15.46886056,2018,Oct,8
2018/10/08,UTTAR PRADESH,KANPUR NAGAR,2.87,-,18.3,12.62279282,2018,Oct,8
2018/10/08,UTTAR PRADESH,JHANSI,2.65,-,19.85,13.93322748,2018,Oct,8
2018/10/08,UTTAR PRADESH,SIDDHARTH NAGAR,4.08,-,25.75,14.46003719,2018,Oct,8
2018/10/08,UTTAR PRADESH,MEERUT,7.63,-,49.04,18.5417564,2018,Oct,8
2018/10/08,UTTAR PRADESH,PILIBHIT,8.82,-,57.42,17.68129675,2018,Oct,8
2018/10/08,UTTAR PRADESH,SHAHJAHANPUR,4.66,-,33.44,15.4896642,2018,Oct,8
2018/10/08,UTTAR PRADESH,KANPUR DEHAT,2.17,-,13.45,13.4205861,2018,Oct,8
2018/10/08,UTTAR PRADESH,FIROZABAD,2.63,-,19.43,18.23746201,2018,Oct,8
2018/10/08,UTTAR PRADESH,AYODHYA,5.5,-,37.68,15.12780669,2018,Oct,8
2018/10/08,UTTAR PRADESH,KUSHINAGAR,3.03,-,23.93,18.39584531,2018,Oct,8
2018/10/08,UTTAR PRADESH,JALAUN,0.2,-,1.24,22.08839666,2018,Oct,8
2018/10/08,UTTAR PRADESH,GHAZIABAD,6.67,-,42.49,16.78857161,2018,Oct,8
2018/10/08,UTTAR PRADESH,ETAH,0.16,-,0.99,19.84490596,2018,Oct,8
2018/10/08,UTTAR PRADESH,BALLIA,1.64,-,10.84,14.37754184,2018,Oct,8
2018/10/08,UTTAR PRADESH,UNNAO,3.36,-,24.43,12.81780393,2018,Oct,8
2018/10/08,UTTAR PRADESH,MAU,4.45,-,29.74,13.72324319,2018,Oct,8
2018/10/08,UTTAR PRADESH,SITAPUR,4.15,-,26.95,13.65490283,2018,Oct,8
2018/10/08,UTTAR PRADESH,PRAYAGRAJ,3.08,-,26.98,16.16290471,2018,Oct,8
2018/10/08,UTTAR PRADESH,BAREILLY,7.62,-,49.65,16.00708667,2018,Oct,8
2018/10/08,UTTAR PRADESH,SHRAWASTI,4.09,-,33.02,17.42727817,2018,Oct,8
2018/10/08,UTTAR PRADESH,SULTANPUR,3.37,-,22.2,18.11596497,2018,Oct,8
2018/10/08,UTTAR PRADESH,GONDA,6.67,-,44.26,15.50927056,2018,Oct,8
2018/10/08,UTTAR PRADESH,GAUTAM BUDDHA NAGAR,4.01,-,25.5,18.90211247,2018,Oct,8
2018/10/08,UTTAR PRADESH,KANSIRAM NAGAR,2.9,-,23.45,16.33205522,2018,Oct,8
2018/10/08,UTTAR PRADESH,MAHARAJGANJ,3.15,-,22.6,18.14111627,2018,Oct,8
2018/10/08,UTTAR PRADESH,MAINPURI,1.02,-,7.99,16.09474773,2018,Oct,8
2018/10/08,UTTAR PRADESH,VARANASI,2.81,-,20.7,17.54619581,2018,Oct,8
2018/10/08,UTTAR PRADESH,AURAIYA,3.62,-,24.67,15.00456169,2018,Oct,8
2018/10/07,UTTAR PRADESH,FARRUKHABAD,5.56,-,37.15,16.17934907,2018,Oct,7
2018/10/07,UTTAR PRADESH,LUCKNOW,5.02,-,34.39,13.24421275,2018,Oct,7
2018/10/07,UTTAR PRADESH,KHERI,6.34,-,42.22,16.00989489,2018,Oct,7
2018/10/07,UTTAR PRADESH,CHANDAULI,3.36,-,25.4,18.4830385,2018,Oct,7
2018/10/07,UTTAR PRADESH,AMBEDKAR NAGAR,3.93,-,25.87,15.38884938,2018,Oct,7
2018/10/07,UTTAR PRADESH,BUDAUN,5.37,-,40.96,12.67404239,2018,Oct,7
2018/10/07,UTTAR PRADESH,BALRAMPUR,8.34,-,54.25,15.11720456,2018,Oct,7
2018/10/07,UTTAR PRADESH,BASTI,8.58,-,53.64,13.78671497,2018,Oct,7
2018/10/07,UTTAR PRADESH,RAMPUR,8.88,-,56.79,18.31206271,2018,Oct,7
2018/10/07,UTTAR PRADESH,MIRZAPUR,2.67,-,22.11,17.21097322,2018,Oct,7
2018/10/07,UTTAR PRADESH,JYOTIBA PHULE NAGAR,6.87,-,52.07,16.62524566,2018,Oct,7
2018/10/07,UTTAR PRADESH,LALITPUR,3.5,-,24.05,12.44871367,2018,Oct,7
2018/10/07,UTTAR PRADESH,MAHAMAYA NAGAR,0.49,-,2.99,21.69351994,2018,Oct,7
2018/10/07,UTTAR PRADESH,MATHURA,0.76,-,4.83,18.7498253,2018,Oct,7
2018/10/07,UTTAR PRADESH,MAHOBA,1.16,-,9.23,10.08304958,2018,Oct,7
2018/10/07,UTTAR PRADESH,CHITRAKOOT,1.7,-,14.88,15.1015995,2018,Oct,7
2018/10/07,UTTAR PRADESH,SAHARANPUR,8.82,-,60.87,20.99127555,2018,Oct,7
2018/10/07,UTTAR PRADESH,KANNAUJ,5.32,-,36.1,17.10250951,2018,Oct,7
2018/10/07,UTTAR PRADESH,SANT KABIR NAGAR,7.54,-,51.5,14.28829452,2018,Oct,7
2018/10/07,UTTAR PRADESH,SONBHADRA,3.01,-,20.24,21.18137048,2018,Oct,7
2018/10/07,UTTAR PRADESH,FATEHPUR,4.34,-,31.4,10.75146687,2018,Oct,7
2018/10/07,UTTAR PRADESH,BARA BANKI,4.18,-,26.1,14.75880409,2018,Oct,7
2018/10/07,UTTAR PRADESH,AZAMGARH,6.31,-,41.52,14.25900592,2018,Oct,7
2018/10/07,UTTAR PRADESH,BAGHPAT,7.74,-,51.78,17.25481332,2018,Oct,7
2018/10/07,UTTAR PRADESH,ALIGARH,1.32,-,8.81,20.33793907,2018,Oct,7
2018/10/07,UTTAR PRADESH,HARDOI,4.67,-,31.24,15.75214273,2018,Oct,7
2018/10/07,UTTAR PRADESH,RAE BARELI,3.89,-,29.44,13.29712142,2018,Oct,7
2018/10/07,UTTAR PRADESH,GHAZIPUR,6.54,-,47.97,13.80300368,2018,Oct,7
2018/10/07,UTTAR PRADESH,KAUSHAMBI,5.25,-,37.37,12.19355727,2018,Oct,7
2018/10/07,UTTAR PRADESH,BULANDSHAHR,5.34,-,33.47,17.42470138,2018,Oct,7
2018/10/07,UTTAR PRADESH,DEORIA,5.45,-,34.32,17.713188,2018,Oct,7
2018/10/07,UTTAR PRADESH,BAHRAICH,4.98,-,38.79,15.25611456,2018,Oct,7
2018/10/07,UTTAR PRADESH,GORAKHPUR,7.3,-,47.61,16.19689403,2018,Oct,7
2018/10/07,UTTAR PRADESH,BIJNOR,8.4,-,57.63,20.60874551,2018,Oct,7
2018/10/07,UTTAR PRADESH,BANDA,1.0,-,8.52,12.97062866,2018,Oct,7
2018/10/07,UTTAR PRADESH,MUZAFFARNAGAR,7.27,-,49.25,18.44349452,2018,Oct,7
2018/10/07,UTTAR PRADESH,SANT RAVI DAS NAGAR(BHADOHI),4.55,-,31.18,16.27942277,2018,Oct,7
2018/10/07,UTTAR PRADESH,HAMIRPUR,0.23,-,1.77,14.40647945,2018,Oct,7
2018/10/07,UTTAR PRADESH,PRATAPGARH,1.04,-,7.78,17.09504717,2018,Oct,7
2018/10/07,UTTAR PRADESH,ETAWAH,4.47,-,30.87,15.96542564,2018,Oct,7
2018/10/07,UTTAR PRADESH,MORADABAD,6.66,-,45.83,16.69269652,2018,Oct,7
2018/10/07,UTTAR PRADESH,AGRA,2.45,-,18.1,19.56622497,2018,Oct,7
2018/10/07,UTTAR PRADESH,JAUNPUR,3.61,-,24.93,15.94713065,2018,Oct,7
2018/10/07,UTTAR PRADESH,KANPUR NAGAR,3.04,-,19.42,12.95314646,2018,Oct,7
2018/10/07,UTTAR PRADESH,JHANSI,2.7,-,20.22,14.38309638,2018,Oct,7
2018/10/07,UTTAR PRADESH,SIDDHARTH NAGAR,4.61,-,29.17,14.58930524,2018,Oct,7
2018/10/07,UTTAR PRADESH,MEERUT,7.9,-,50.78,19.39554382,2018,Oct,7
2018/10/07,UTTAR PRADESH,PILIBHIT,8.96,-,58.31,18.28361583,2018,Oct,7
2018/10/07,UTTAR PRADESH,SHAHJAHANPUR,4.92,-,35.13,15.81434838,2018,Oct,7
2018/10/07,UTTAR PRADESH,KANPUR DEHAT,2.35,-,14.53,13.70822016,2018,Oct,7
2018/10/07,UTTAR PRADESH,FIROZABAD,2.74,-,20.19,18.68396302,2018,Oct,7
2018/10/07,UTTAR PRADESH,AYODHYA,5.68,-,38.89,15.29237843,2018,Oct,7
2018/10/07,UTTAR PRADESH,KUSHINAGAR,3.33,-,26.07,18.54618177,2018,Oct,7
2018/10/07,UTTAR PRADESH,JALAUN,0.22,-,1.31,22.57255705,2018,Oct,7
2018/10/07,UTTAR PRADESH,GHAZIABAD,6.9,-,43.99,17.4419167,2018,Oct,7
2018/10/07,UTTAR PRADESH,ETAH,0.2,-,1.23,20.24327206,2018,Oct,7
2018/10/07,UTTAR PRADESH,BALLIA,1.83,-,12.06,14.70208713,2018,Oct,7
2018/10/07,UTTAR PRADESH,UNNAO,3.63,-,26.16,13.06783427,2018,Oct,7
2018/10/07,UTTAR PRADESH,MAU,4.73,-,31.46,13.92533637,2018,Oct,7
2018/10/07,UTTAR PRADESH,SITAPUR,4.4,-,28.55,13.89300488,2018,Oct,7
2018/10/07,UTTAR PRADESH,PRAYAGRAJ,3.16,-,27.66,16.56922435,2018,Oct,7
2018/10/07,UTTAR PRADESH,BAREILLY,7.71,-,50.22,16.5468423,2018,Oct,7
2018/10/07,UTTAR PRADESH,SHRAWASTI,4.35,-,34.88,17.55792461,2018,Oct,7
2018/10/07,UTTAR PRADESH,SULTANPUR,3.5,-,23.1,18.31621934,2018,Oct,7
2018/10/07,UTTAR PRADESH,GONDA,6.9,-,45.8,15.82191409,2018,Oct,7
2018/10/07,UTTAR PRADESH,GAUTAM BUDDHA NAGAR,4.1,-,26.08,19.47923552,2018,Oct,7
2018/10/07,UTTAR PRADESH,KANSIRAM NAGAR,3.06,-,24.54,16.64601795,2018,Oct,7
2018/10/07,UTTAR PRADESH,MAHARAJGANJ,3.42,-,24.35,18.30737344,2018,Oct,7
2018/10/07,UTTAR PRADESH,MAINPURI,1.12,-,8.65,16.42360181,2018,Oct,7
2018/10/07,UTTAR PRADESH,VARANASI,3.1,-,22.73,18.01131695,2018,Oct,7
2018/10/07,UTTAR PRADESH,AURAIYA,3.79,-,25.73,15.38461606,2018,Oct,7
2018/10/06,UTTAR PRADESH,FARRUKHABAD,5.83,-,38.83,16.61927193,2018,Oct,6
2018/10/06,UTTAR PRADESH,LUCKNOW,5.26,-,35.9,13.50450678,2018,Oct,6
2018/10/06,UTTAR PRADESH,KHERI,6.49,-,43.29,16.49141804,2018,Oct,6
2018/10/06,UTTAR PRADESH,CHANDAULI,3.52,-,26.63,19.05282674,2018,Oct,6
2018/10/06,UTTAR PRADESH,AMBEDKAR NAGAR,4.18,-,27.53,15.56451256,2018,Oct,6
2018/10/06,UTTAR PRADESH,BUDAUN,5.66,-,42.81,12.9675055,2018,Oct,6
2018/10/06,UTTAR PRADESH,BALRAMPUR,8.55,-,55.75,15.4843327,2018,Oct,6
2018/10/06,UTTAR PRADESH,BASTI,8.99,-,56.24,13.99629808,2018,Oct,6
2018/10/06,UTTAR PRADESH,RAMPUR,8.92,-,57.09,19.37351232,2018,Oct,6
2018/10/06,UTTAR PRADESH,MIRZAPUR,2.74,-,22.7,17.89129775,2018,Oct,6
2018/10/06,UTTAR PRADESH,JYOTIBA PHULE NAGAR,7.07,-,53.49,17.3712669,2018,Oct,6
2018/10/06,UTTAR PRADESH,LALITPUR,3.58,-,24.62,12.91400394,2018,Oct,6
2018/10/06,UTTAR PRADESH,MAHAMAYA NAGAR,0.53,-,3.24,22.17656249,2018,Oct,6
2018/10/06,UTTAR PRADESH,MATHURA,0.87,-,5.55,19.25691531,2018,Oct,6
2018/10/06,UTTAR PRADESH,MAHOBA,1.18,-,9.45,10.58168154,2018,Oct,6
2018/10/06,UTTAR PRADESH,CHITRAKOOT,1.73,-,15.09,15.51730948,2018,Oct,6
2018/10/06,UTTAR PRADESH,SAHARANPUR,8.89,-,61.44,21.81791501,2018,Oct,6
2018/10/06,UTTAR PRADESH,KANNAUJ,5.56,-,37.63,17.53622398,2018,Oct,6
2018/10/06,UTTAR PRADESH,SANT KABIR NAGAR,7.81,-,53.22,14.46971426,2018,Oct,6
2018/10/06,UTTAR PRADESH,SONBHADRA,3.16,-,21.15,21.7337763,2018,Oct,6
2018/10/06,UTTAR PRADESH,FATEHPUR,4.64,-,33.35,11.03262064,2018,Oct,6
2018/10/06,UTTAR PRADESH,BARA BANKI,4.6,-,28.75,14.93846679,2018,Oct,6
2018/10/06,UTTAR PRADESH,AZAMGARH,6.59,-,43.33,14.6174565,2018,Oct,6
2018/10/06,UTTAR PRADESH,BAGHPAT,7.93,-,52.97,17.7836932,2018,Oct,6
2018/10/06,UTTAR PRADESH,ALIGARH,1.41,-,9.41,20.74265264,2018,Oct,6
2018/10/06,UTTAR PRADESH,HARDOI,4.97,-,33.15,16.10749041,2018,Oct,6
2018/10/06,UTTAR PRADESH,RAE BARELI,4.1,-,30.89,13.49698182,2018,Oct,6
2018/10/06,UTTAR PRADESH,GHAZIPUR,6.72,-,49.19,14.27156275,2018,Oct,6
2018/10/06,UTTAR PRADESH,KAUSHAMBI,5.49,-,38.92,12.51192724,2018,Oct,6
2018/10/06,UTTAR PRADESH,BULANDSHAHR,5.63,-,35.32,17.81559332,2018,Oct,6
2018/10/06,UTTAR PRADESH,DEORIA,5.95,-,37.59,17.92051168,2018,Oct,6
2018/10/06,UTTAR PRADESH,BAHRAICH,5.16,-,40.06,15.56920301,2018,Oct,6
2018/10/06,UTTAR PRADESH,GORAKHPUR,7.65,-,49.83,16.56033195,2018,Oct,6
2018/10/06,UTTAR PRADESH,BIJNOR,8.49,-,58.34,21.55176266,2018,Oct,6
2018/10/06,UTTAR PRADESH,BANDA,1.02,-,8.67,13.25959149,2018,Oct,6
2018/10/06,UTTAR PRADESH,MUZAFFARNAGAR,7.53,-,50.91,19.05449593,2018,Oct,6
2018/10/06,UTTAR PRADESH,SANT RAVI DAS NAGAR(BHADOHI),4.86,-,33.35,16.96818917,2018,Oct,6
2018/10/06,UTTAR PRADESH,HAMIRPUR,0.24,-,1.84,14.86933218,2018,Oct,6
2018/10/06,UTTAR PRADESH,PRATAPGARH,1.17,-,8.66,17.43443127,2018,Oct,6
2018/10/06,UTTAR PRADESH,ETAWAH,4.68,-,32.18,16.35779358,2018,Oct,6
2018/10/06,UTTAR PRADESH,MORADABAD,6.85,-,47.15,17.38834802,2018,Oct,6
2018/10/06,UTTAR PRADESH,AGRA,2.53,-,18.59,20.13089815,2018,Oct,6
2018/10/06,UTTAR PRADESH,JAUNPUR,3.97,-,27.31,16.53608347,2018,Oct,6
2018/10/06,UTTAR PRADESH,KANPUR NAGAR,3.23,-,20.59,13.29647552,2018,Oct,6
2018/10/06,UTTAR PRADESH,JHANSI,2.75,-,20.64,14.85672419,2018,Oct,6
2018/10/06,UTTAR PRADESH,SIDDHARTH NAGAR,5.11,-,32.41,14.7398605,2018,Oct,6
2018/10/06,UTTAR PRADESH,MEERUT,8.12,-,52.21,20.34662155,2018,Oct,6
2018/10/06,UTTAR PRADESH,PILIBHIT,9.07,-,59.04,18.92696027,2018,Oct,6
2018/10/06,UTTAR PRADESH,SHAHJAHANPUR,5.14,-,36.58,16.17005294,2018,Oct,6
2018/10/06,UTTAR PRADESH,KANPUR DEHAT,2.54,-,15.76,14.0196456,2018,Oct,6
2018/10/06,UTTAR PRADESH,FIROZABAD,2.86,-,20.94,19.14329325,2018,Oct,6
2018/10/06,UTTAR PRADESH,AYODHYA,5.85,-,40.1,15.46836343,2018,Oct,6
2018/10/06,UTTAR PRADESH,KUSHINAGAR,3.66,-,28.55,18.72616278,2018,Oct,6
2018/10/06,UTTAR PRADESH,JALAUN,0.23,-,1.41,23.08355032,2018,Oct,6
2018/10/06,UTTAR PRADESH,GHAZIABAD,7.1,-,45.25,18.1734138,2018,Oct,6
2018/10/06,UTTAR PRADESH,ETAH,0.26,-,1.57,20.64983544,2018,Oct,6
2018/10/06,UTTAR PRADESH,BALLIA,2.0,-,13.23,15.07853026,2018,Oct,6
2018/10/06,UTTAR PRADESH,UNNAO,3.91,-,27.95,13.33710992,2018,Oct,6
2018/10/06,UTTAR PRADESH,MAU,5.0,-,33.19,14.18420972,2018,Oct,6
2018/10/06,UTTAR PRADESH,SITAPUR,4.64,-,30.06,14.15195062,2018,Oct,6
2018/10/06,UTTAR PRADESH,PRAYAGRAJ,3.25,-,28.4,17.04037591,2018,Oct,6
2018/10/06,UTTAR PRADESH,BAREILLY,7.8,-,50.81,17.16188611,2018,Oct,6
2018/10/06,UTTAR PRADESH,SHRAWASTI,4.63,-,36.81,17.68479955,2018,Oct,6
2018/10/06,UTTAR PRADESH,SULTANPUR,3.62,-,23.93,18.54681304,2018,Oct,6
2018/10/06,UTTAR PRADESH,GONDA,7.1,-,47.26,16.17601975,2018,Oct,6
2018/10/06,UTTAR PRADESH,GAUTAM BUDDHA NAGAR,4.19,-,26.66,20.05826536,2018,Oct,6
2018/10/06,UTTAR PRADESH,KANSIRAM NAGAR,3.22,-,25.6,16.95969488,2018,Oct,6
2018/10/06,UTTAR PRADESH,MAHARAJGANJ,3.7,-,26.15,18.49659064,2018,Oct,6
2018/10/06,UTTAR PRADESH,MAINPURI,1.23,-,9.41,16.76831498,2018,Oct,6
2018/10/06,UTTAR PRADESH,VARANASI,3.43,-,25.2,18.58014112,2018,Oct,6
2018/10/06,UTTAR PRADESH,AURAIYA,3.95,-,26.78,15.80816322,2018,Oct,6
2018/10/05,UTTAR PRADESH,FARRUKHABAD,6.1,-,40.44,17.09660088,2018,Oct,5
2018/10/05,UTTAR PRADESH,LUCKNOW,5.51,-,37.5,13.76810067,2018,Oct,5
2018/10/05,UTTAR PRADESH,KHERI,6.66,-,44.39,17.06327223,2018,Oct,5
2018/10/05,UTTAR PRADESH,CHANDAULI,3.69,-,27.95,19.75305081,2018,Oct,5
2018/10/05,UTTAR PRADESH,AMBEDKAR NAGAR,4.44,-,29.2,15.76421785,2018,Oct,5
2018/10/05,UTTAR PRADESH,BUDAUN,5.94,-,44.67,13.32394155,2018,Oct,5
2018/10/05,UTTAR PRADESH,BALRAMPUR,8.77,-,57.31,15.93485353,2018,Oct,5
2018/10/05,UTTAR PRADESH,BASTI,9.3,-,58.23,14.23965379,2018,Oct,5
2018/10/05,UTTAR PRADESH,RAMPUR,8.98,-,57.49,20.55942147,2018,Oct,5
2018/10/05,UTTAR PRADESH,MIRZAPUR,2.81,-,23.38,18.66814459,2018,Oct,5
2018/10/05,UTTAR PRADESH,JYOTIBA PHULE NAGAR,7.25,-,54.81,18.24551739,2018,Oct,5
2018/10/05,UTTAR PRADESH,LALITPUR,3.67,-,25.22,13.44343216,2018,Oct,5
2018/10/05,UTTAR PRADESH,MAHAMAYA NAGAR,0.57,-,3.51,22.71294905,2018,Oct,5
2018/10/05,UTTAR PRADESH,MATHURA,0.99,-,6.29,19.80671032,2018,Oct,5
2018/10/05,UTTAR PRADESH,MAHOBA,1.21,-,9.64,11.11032403,2018,Oct,5
2018/10/05,UTTAR PRADESH,CHITRAKOOT,1.76,-,15.32,15.95113847,2018,Oct,5
2018/10/05,UTTAR PRADESH,SAHARANPUR,8.96,-,62.0,22.74405713,2018,Oct,5
2018/10/05,UTTAR PRADESH,KANNAUJ,5.81,-,39.16,17.99840709,2018,Oct,5
2018/10/05,UTTAR PRADESH,SANT KABIR NAGAR,7.98,-,54.23,14.69257679,2018,Oct,5
2018/10/05,UTTAR PRADESH,SONBHADRA,3.33,-,22.24,22.36171026,2018,Oct,5
2018/10/05,UTTAR PRADESH,FATEHPUR,4.95,-,35.39,11.33397391,2018,Oct,5
2018/10/05,UTTAR PRADESH,BARA BANKI,5.0,-,31.24,15.15195783,2018,Oct,5
2018/10/05,UTTAR PRADESH,AZAMGARH,6.85,-,45.1,15.04448881,2018,Oct,5
2018/10/05,UTTAR PRADESH,BAGHPAT,8.11,-,54.18,18.42866209,2018,Oct,5
2018/10/05,UTTAR PRADESH,ALIGARH,1.53,-,10.12,21.18548337,2018,Oct,5
2018/10/05,UTTAR PRADESH,HARDOI,5.26,-,35.0,16.52427189,2018,Oct,5
2018/10/05,UTTAR PRADESH,RAE BARELI,4.33,-,32.41,13.70865223,2018,Oct,5
2018/10/05,UTTAR PRADESH,GHAZIPUR,6.89,-,50.38,14.8844723,2018,Oct,5
2018/10/05,UTTAR PRADESH,KAUSHAMBI,5.72,-,40.42,12.84638024,2018,Oct,5
2018/10/05,UTTAR PRADESH,BULANDSHAHR,5.92,-,37.14,18.25844479,2018,Oct,5
2018/10/05,UTTAR PRADESH,DEORIA,6.38,-,40.4,18.15138666,2018,Oct,5
2018/10/05,UTTAR PRADESH,BAHRAICH,5.36,-,41.46,15.95381506,2018,Oct,5
2018/10/05,UTTAR PRADESH,GORAKHPUR,7.95,-,51.78,17.00067796,2018,Oct,5
2018/10/05,UTTAR PRADESH,BIJNOR,8.6,-,59.16,22.58407661,2018,Oct,5
2018/10/05,UTTAR PRADESH,BANDA,1.04,-,8.82,13.67083971,2018,Oct,5
2018/10/05,UTTAR PRADESH,MUZAFFARNAGAR,7.78,-,52.57,19.75684959,2018,Oct,5
2018/10/05,UTTAR PRADESH,SANT RAVI DAS NAGAR(BHADOHI),5.17,-,35.57,17.87753405,2018,Oct,5
2018/10/05,UTTAR PRADESH,HAMIRPUR,0.25,-,1.91,15.36992951,2018,Oct,5
2018/10/05,UTTAR PRADESH,PRATAPGARH,1.3,-,9.62,17.81145481,2018,Oct,5
2018/10/05,UTTAR PRADESH,ETAWAH,4.9,-,33.54,16.77286503,2018,Oct,5
2018/10/05,UTTAR PRADESH,MORADABAD,7.05,-,48.55,18.18475563,2018,Oct,5
2018/10/05,UTTAR PRADESH,AGRA,2.6,-,19.06,20.73787556,2018,Oct,5
2018/10/05,UTTAR PRADESH,JAUNPUR,4.32,-,29.62,17.26899328,2018,Oct,5
2018/10/05,UTTAR PRADESH,KANPUR NAGAR,3.43,-,21.79,13.66999675,2018,Oct,5
2018/10/05,UTTAR PRADESH,JHANSI,2.81,-,21.06,15.35157871,2018,Oct,5
2018/10/05,UTTAR PRADESH,SIDDHARTH NAGAR,5.61,-,35.65,14.94032493,2018,Oct,5
2018/10/05,UTTAR PRADESH,MEERUT,8.34,-,53.67,21.38788482,2018,Oct,5
2018/10/05,UTTAR PRADESH,PILIBHIT,9.18,-,59.79,19.70124325,2018,Oct,5
2018/10/05,UTTAR PRADESH,SHAHJAHANPUR,5.34,-,37.97,16.60245889,2018,Oct,5
2018/10/05,UTTAR PRADESH,KANPUR DEHAT,2.75,-,17.07,14.34659478,2018,Oct,5
2018/10/05,UTTAR PRADESH,FIROZABAD,2.98,-,21.74,19.63464712,2018,Oct,5
2018/10/05,UTTAR PRADESH,AYODHYA,6.03,-,41.38,15.67056898,2018,Oct,5
2018/10/05,UTTAR PRADESH,KUSHINAGAR,4.04,-,31.4,18.93141438,2018,Oct,5
2018/10/05,UTTAR PRADESH,JALAUN,0.24,-,1.5,23.6268068,2018,Oct,5
2018/10/05,UTTAR PRADESH,GHAZIABAD,7.29,-,46.52,18.99620687,2018,Oct,5
2018/10/05,UTTAR PRADESH,ETAH,0.33,-,2.0,21.07698354,2018,Oct,5
2018/10/05,UTTAR PRADESH,BALLIA,2.21,-,14.61,15.51950016,2018,Oct,5
2018/10/05,UTTAR PRADESH,UNNAO,4.22,-,29.93,13.62359641,2018,Oct,5
2018/10/05,UTTAR PRADESH,MAU,5.26,-,34.84,14.49090766,2018,Oct,5
2018/10/05,UTTAR PRADESH,SITAPUR,4.87,-,31.5,14.46282266,2018,Oct,5
2018/10/05,UTTAR PRADESH,PRAYAGRAJ,3.33,-,29.18,17.5747863,2018,Oct,5
2018/10/05,UTTAR PRADESH,BAREILLY,7.89,-,51.44,17.9388237,2018,Oct,5
2018/10/05,UTTAR PRADESH,SHRAWASTI,4.96,-,39.1,17.84693104,2018,Oct,5
2018/10/05,UTTAR PRADESH,SULTANPUR,3.72,-,24.7,18.79081439,2018,Oct,5
2018/10/05,UTTAR PRADESH,GONDA,7.31,-,48.71,16.60245504,2018,Oct,5
2018/10/05,UTTAR PRADESH,GAUTAM BUDDHA NAGAR,4.27,-,27.16,20.64485473,2018,Oct,5
2018/10/05,UTTAR PRADESH,KANSIRAM NAGAR,3.43,-,26.92,17.3010268,2018,Oct,5
2018/10/05,UTTAR PRADESH,MAHARAJGANJ,3.99,-,28.06,18.70096278,2018,Oct,5
2018/10/05,UTTAR PRADESH,MAINPURI,1.37,-,10.34,17.13739802,2018,Oct,5
2018/10/05,UTTAR PRADESH,VARANASI,3.82,-,28.16,19.33973554,2018,Oct,5
2018/10/05,UTTAR PRADESH,AURAIYA,4.07,-,27.6,16.2594602,2018,Oct,5
2018/10/04,UTTAR PRADESH,FARRUKHABAD,6.35,-,42.05,17.61095924,2018,Oct,4
2018/10/04,UTTAR PRADESH,LUCKNOW,5.78,-,39.23,14.0716382,2018,Oct,4
2018/10/04,UTTAR PRADESH,KHERI,6.8,-,45.37,17.65954368,2018,Oct,4
2018/10/04,UTTAR PRADESH,CHANDAULI,3.87,-,29.42,20.56317084,2018,Oct,4
2018/10/04,UTTAR PRADESH,AMBEDKAR NAGAR,4.72,-,31.08,16.05948538,2018,Oct,4
2018/10/04,UTTAR PRADESH,BUDAUN,6.22,-,46.47,13.74402758,2018,Oct,4
2018/10/04,UTTAR PRADESH,BALRAMPUR,8.97,-,58.72,16.42938214,2018,Oct,4
2018/10/04,UTTAR PRADESH,BASTI,9.53,-,59.65,14.53242337,2018,Oct,4
2018/10/04,UTTAR PRADESH,RAMPUR,9.04,-,57.97,21.66922491,2018,Oct,4
2018/10/04,UTTAR PRADESH,MIRZAPUR,2.91,-,24.2,19.49909565,2018,Oct,4
2018/10/04,UTTAR PRADESH,JYOTIBA PHULE NAGAR,7.41,-,55.99,19.18127757,2018,Oct,4
2018/10/04,UTTAR PRADESH,LALITPUR,3.76,-,25.85,13.99624474,2018,Oct,4
2018/10/04,UTTAR PRADESH,MAHAMAYA NAGAR,0.6,-,3.7,22.90185731,2018,Oct,4
2018/10/04,UTTAR PRADESH,MATHURA,1.12,-,7.11,20.32700025,2018,Oct,4
2018/10/04,UTTAR PRADESH,MAHOBA,1.23,-,9.85,11.6641846,2018,Oct,4
2018/10/04,UTTAR PRADESH,CHITRAKOOT,1.79,-,15.59,16.39329902,2018,Oct,4
2018/10/04,UTTAR PRADESH,SAHARANPUR,9.04,-,62.69,23.77084879,2018,Oct,4
2018/10/04,UTTAR PRADESH,KANNAUJ,6.05,-,40.69,18.50329757,2018,Oct,4
2018/10/04,UTTAR PRADESH,SANT KABIR NAGAR,8.09,-,54.98,14.9655028,2018,Oct,4
2018/10/04,UTTAR PRADESH,SONBHADRA,3.48,-,23.28,23.00847362,2018,Oct,4
2018/10/04,UTTAR PRADESH,FATEHPUR,5.26,-,37.38,11.64263454,2018,Oct,4
2018/10/04,UTTAR PRADESH,BARA BANKI,5.39,-,33.77,15.41997072,2018,Oct,4
2018/10/04,UTTAR PRADESH,AZAMGARH,7.14,-,47.01,15.66885174,2018,Oct,4
2018/10/04,UTTAR PRADESH,BAGHPAT,8.29,-,55.31,19.21918693,2018,Oct,4
2018/10/04,UTTAR PRADESH,ALIGARH,1.64,-,10.83,21.65087126,2018,Oct,4
2018/10/04,UTTAR PRADESH,HARDOI,5.53,-,36.75,17.01796734,2018,Oct,4
2018/10/04,UTTAR PRADESH,RAE BARELI,4.54,-,33.86,13.93574622,2018,Oct,4
2018/10/04,UTTAR PRADESH,GHAZIPUR,7.06,-,51.53,15.69093354,2018,Oct,4
2018/10/04,UTTAR PRADESH,KAUSHAMBI,5.93,-,41.8,13.19959965,2018,Oct,4
2018/10/04,UTTAR PRADESH,BULANDSHAHR,6.16,-,38.68,18.76484795,2018,Oct,4
2018/10/04,UTTAR PRADESH,DEORIA,6.75,-,42.85,18.44027961,2018,Oct,4
2018/10/04,UTTAR PRADESH,BAHRAICH,5.53,-,42.73,16.3786501,2018,Oct,4
2018/10/04,UTTAR PRADESH,GORAKHPUR,8.2,-,53.43,17.53617386,2018,Oct,4
2018/10/04,UTTAR PRADESH,BIJNOR,8.71,-,60.03,23.63661365,2018,Oct,4
2018/10/04,UTTAR PRADESH,BANDA,1.05,-,8.97,14.09240748,2018,Oct,4
2018/10/04,UTTAR PRADESH,MUZAFFARNAGAR,8.02,-,54.15,20.56416797,2018,Oct,4
2018/10/04,UTTAR PRADESH,SANT RAVI DAS NAGAR(BHADOHI),5.43,-,37.56,19.01171452,2018,Oct,4
2018/10/04,UTTAR PRADESH,HAMIRPUR,0.26,-,1.99,15.89380413,2018,Oct,4
2018/10/04,UTTAR PRADESH,PRATAPGARH,1.49,-,10.92,18.23113269,2018,Oct,4
2018/10/04,UTTAR PRADESH,ETAWAH,5.11,-,34.86,17.24137326,2018,Oct,4
2018/10/04,UTTAR PRADESH,MORADABAD,7.25,-,49.98,19.0054758,2018,Oct,4
2018/10/04,UTTAR PRADESH,AGRA,2.67,-,19.55,19.56691697,2018,Oct,4
2018/10/04,UTTAR PRADESH,JAUNPUR,4.67,-,31.98,18.20947006,2018,Oct,4
2018/10/04,UTTAR PRADESH,KANPUR NAGAR,3.64,-,23.11,14.06575533,2018,Oct,4
2018/10/04,UTTAR PRADESH,JHANSI,2.86,-,21.47,15.8785873,2018,Oct,4
2018/10/04,UTTAR PRADESH,SIDDHARTH NAGAR,6.05,-,38.55,15.17472962,2018,Oct,4
2018/10/04,UTTAR PRADESH,MEERUT,8.53,-,54.93,22.51326535,2018,Oct,4
2018/10/04,UTTAR PRADESH,PILIBHIT,9.28,-,60.5,20.47370768,2018,Oct,4
2018/10/04,UTTAR PRADESH,SHAHJAHANPUR,5.5,-,39.13,17.09308792,2018,Oct,4
2018/10/04,UTTAR PRADESH,KANPUR DEHAT,2.99,-,18.55,14.70575686,2018,Oct,4
2018/10/04,UTTAR PRADESH,FIROZABAD,3.11,-,22.59,19.88399179,2018,Oct,4
2018/10/04,UTTAR PRADESH,AYODHYA,6.21,-,42.7,15.92651416,2018,Oct,4
2018/10/04,UTTAR PRADESH,KUSHINAGAR,4.43,-,34.36,19.17552135,2018,Oct,4
2018/10/04,UTTAR PRADESH,JALAUN,0.26,-,1.61,24.20546035,2018,Oct,4
2018/10/04,UTTAR PRADESH,GHAZIABAD,7.5,-,47.88,19.92916231,2018,Oct,4
2018/10/04,UTTAR PRADESH,ETAH,0.43,-,2.59,21.39907214,2018,Oct,4
2018/10/04,UTTAR PRADESH,BALLIA,2.44,-,16.16,16.0810825,2018,Oct,4
2018/10/04,UTTAR PRADESH,UNNAO,4.58,-,32.24,13.9321405,2018,Oct,4
2018/10/04,UTTAR PRADESH,MAU,5.53,-,36.53,14.92428668,2018,Oct,4
2018/10/04,UTTAR PRADESH,SITAPUR,5.1,-,32.99,14.82573793,2018,Oct,4
2018/10/04,UTTAR PRADESH,PRAYAGRAJ,3.42,-,29.9,18.18760334,2018,Oct,4
2018/10/04,UTTAR PRADESH,BAREILLY,7.97,-,51.98,18.79343079,2018,Oct,4
2018/10/04,UTTAR PRADESH,SHRAWASTI,5.28,-,41.3,18.00664673,2018,Oct,4
2018/10/04,UTTAR PRADESH,SULTANPUR,3.86,-,25.73,19.10799687,2018,Oct,4
2018/10/04,UTTAR PRADESH,GONDA,7.52,-,50.16,17.10993409,2018,Oct,4
2018/10/04,UTTAR PRADESH,GAUTAM BUDDHA NAGAR,4.36,-,27.71,21.28916173,2018,Oct,4
2018/10/04,UTTAR PRADESH,KANSIRAM NAGAR,3.64,-,28.36,17.64444985,2018,Oct,4
2018/10/04,UTTAR PRADESH,MAHARAJGANJ,4.26,-,29.77,18.92867914,2018,Oct,4
2018/10/04,UTTAR PRADESH,MAINPURI,1.54,-,11.43,17.53324971,2018,Oct,4
2018/10/04,UTTAR PRADESH,VARANASI,4.2,-,31.21,20.27909821,2018,Oct,4
2018/10/04,UTTAR PRADESH,AURAIYA,4.19,-,28.44,16.79143123,2018,Oct,4
2018/10/03,UTTAR PRADESH,FARRUKHABAD,6.57,-,43.46,18.16909845,2018,Oct,3
2018/10/03,UTTAR PRADESH,LUCKNOW,6.04,-,40.84,14.39013439,2018,Oct,3
2018/10/03,UTTAR PRADESH,KHERI,6.97,-,46.55,18.40686131,2018,Oct,3
2018/10/03,UTTAR PRADESH,CHANDAULI,4.06,-,30.97,21.5281697,2018,Oct,3
2018/10/03,UTTAR PRADESH,AMBEDKAR NAGAR,4.97,-,32.82,16.47671494,2018,Oct,3
2018/10/03,UTTAR PRADESH,BUDAUN,6.47,-,48.13,14.27457392,2018,Oct,3
2018/10/03,UTTAR PRADESH,BALRAMPUR,9.12,-,59.76,17.05903916,2018,Oct,3
2018/10/03,UTTAR PRADESH,BASTI,9.64,-,60.4,14.92757891,2018,Oct,3
2018/10/03,UTTAR PRADESH,RAMPUR,9.11,-,58.45,23.01512668,2018,Oct,3
2018/10/03,UTTAR PRADESH,MIRZAPUR,3.03,-,25.3,20.40363502,2018,Oct,3
2018/10/03,UTTAR PRADESH,JYOTIBA PHULE NAGAR,7.58,-,57.31,20.29868662,2018,Oct,3
2018/10/03,UTTAR PRADESH,LALITPUR,3.85,-,26.53,14.58221223,2018,Oct,3
2018/10/03,UTTAR PRADESH,MAHAMAYA NAGAR,0.65,-,3.99,22.06066668,2018,Oct,3
2018/10/03,UTTAR PRADESH,MATHURA,1.28,-,8.12,18.63661561,2018,Oct,3
2018/10/03,UTTAR PRADESH,MAHOBA,1.26,-,10.07,12.24068021,2018,Oct,3
2018/10/03,UTTAR PRADESH,CHITRAKOOT,1.82,-,15.91,16.87041329,2018,Oct,3
2018/10/03,UTTAR PRADESH,SAHARANPUR,9.12,-,63.4,24.78670917,2018,Oct,3
2018/10/03,UTTAR PRADESH,KANNAUJ,6.23,-,41.87,19.01924318,2018,Oct,3
2018/10/03,UTTAR PRADESH,SANT KABIR NAGAR,8.16,-,55.41,15.30237205,2018,Oct,3
2018/10/03,UTTAR PRADESH,SONBHADRA,3.66,-,24.4,23.7086592,2018,Oct,3
2018/10/03,UTTAR PRADESH,FATEHPUR,5.56,-,39.31,11.9660414,2018,Oct,3
2018/10/03,UTTAR PRADESH,BARA BANKI,5.78,-,36.29,15.7548024,2018,Oct,3
2018/10/03,UTTAR PRADESH,AZAMGARH,7.41,-,48.81,16.49709641,2018,Oct,3
2018/10/03,UTTAR PRADESH,BAGHPAT,8.45,-,56.42,20.10403891,2018,Oct,3
2018/10/03,UTTAR PRADESH,ALIGARH,1.74,-,11.46,22.07556498,2018,Oct,3
2018/10/03,UTTAR PRADESH,HARDOI,5.78,-,38.33,17.61564939,2018,Oct,3
2018/10/03,UTTAR PRADESH,RAE BARELI,4.74,-,35.22,14.17446061,2018,Oct,3
2018/10/03,UTTAR PRADESH,GHAZIPUR,7.22,-,52.73,16.7136219,2018,Oct,3
2018/10/03,UTTAR PRADESH,KAUSHAMBI,6.16,-,43.28,13.62253189,2018,Oct,3
2018/10/03,UTTAR PRADESH,BULANDSHAHR,6.38,-,40.06,19.36059788,2018,Oct,3
2018/10/03,UTTAR PRADESH,DEORIA,7.11,-,45.37,18.82327415,2018,Oct,3
2018/10/03,UTTAR PRADESH,BAHRAICH,5.7,-,44.01,16.96458846,2018,Oct,3
2018/10/03,UTTAR PRADESH,GORAKHPUR,8.42,-,54.93,18.14643832,2018,Oct,3
2018/10/03,UTTAR PRADESH,BIJNOR,8.83,-,60.91,24.81360477,2018,Oct,3
2018/10/03,UTTAR PRADESH,BANDA,1.07,-,9.12,14.52573556,2018,Oct,3
2018/10/03,UTTAR PRADESH,MUZAFFARNAGAR,8.27,-,55.77,21.46620308,2018,Oct,3
2018/10/03,UTTAR PRADESH,SANT RAVI DAS NAGAR(BHADOHI),5.66,-,39.2,20.40866285,2018,Oct,3
2018/10/03,UTTAR PRADESH,HAMIRPUR,0.26,-,2.07,16.45012145,2018,Oct,3
2018/10/03,UTTAR PRADESH,PRATAPGARH,1.69,-,12.27,18.75623786,2018,Oct,3
2018/10/03,UTTAR PRADESH,ETAWAH,5.28,-,35.96,17.70832342,2018,Oct,3
2018/10/03,UTTAR PRADESH,MORADABAD,7.47,-,51.55,20.03903629,2018,Oct,3
2018/10/03,UTTAR PRADESH,AGRA,2.75,-,20.04,19.73764886,2018,Oct,3
2018/10/03,UTTAR PRADESH,JAUNPUR,5.0,-,34.2,19.35668374,2018,Oct,3
2018/10/03,UTTAR PRADESH,KANPUR NAGAR,3.84,-,24.38,14.4760577,2018,Oct,3
2018/10/03,UTTAR PRADESH,JHANSI,2.92,-,21.95,16.43244008,2018,Oct,3
2018/10/03,UTTAR PRADESH,SIDDHARTH NAGAR,6.46,-,41.3,15.48121068,2018,Oct,3
2018/10/03,UTTAR PRADESH,MEERUT,8.71,-,56.11,23.70211684,2018,Oct,3
2018/10/03,UTTAR PRADESH,PILIBHIT,9.41,-,61.4,21.46281839,2018,Oct,3
2018/10/03,UTTAR PRADESH,SHAHJAHANPUR,5.69,-,40.42,17.75996579,2018,Oct,3
2018/10/03,UTTAR PRADESH,KANPUR DEHAT,3.23,-,20.09,15.08348088,2018,Oct,3
2018/10/03,UTTAR PRADESH,FIROZABAD,3.22,-,23.31,20.2844062,2018,Oct,3
2018/10/03,UTTAR PRADESH,AYODHYA,6.4,-,44.11,16.25258476,2018,Oct,3
2018/10/03,UTTAR PRADESH,KUSHINAGAR,4.83,-,37.39,19.47517938,2018,Oct,3
2018/10/03,UTTAR PRADESH,JALAUN,0.27,-,1.72,24.8144899,2018,Oct,3
2018/10/03,UTTAR PRADESH,GHAZIABAD,7.69,-,49.12,20.96225715,2018,Oct,3
2018/10/03,UTTAR PRADESH,ETAH,0.55,-,3.28,21.36449776,2018,Oct,3
2018/10/03,UTTAR PRADESH,BALLIA,2.68,-,17.69,16.7955528,2018,Oct,3
2018/10/03,UTTAR PRADESH,UNNAO,4.94,-,34.55,14.23114947,2018,Oct,3
2018/10/03,UTTAR PRADESH,MAU,5.76,-,38.04,15.50389565,2018,Oct,3
2018/10/03,UTTAR PRADESH,SITAPUR,5.35,-,34.58,15.29595778,2018,Oct,3
2018/10/03,UTTAR PRADESH,PRAYAGRAJ,3.51,-,30.69,18.91586453,2018,Oct,3
2018/10/03,UTTAR PRADESH,BAREILLY,8.06,-,52.55,19.94642288,2018,Oct,3
2018/10/03,UTTAR PRADESH,SHRAWASTI,5.62,-,43.65,18.2195053,2018,Oct,3
2018/10/03,UTTAR PRADESH,SULTANPUR,4.02,-,26.85,19.51681878,2018,Oct,3
2018/10/03,UTTAR PRADESH,GONDA,7.74,-,51.71,17.77487879,2018,Oct,3
2018/10/03,UTTAR PRADESH,GAUTAM BUDDHA NAGAR,4.43,-,28.21,21.99133091,2018,Oct,3
2018/10/03,UTTAR PRADESH,KANSIRAM NAGAR,3.88,-,29.9,18.01043118,2018,Oct,3
2018/10/03,UTTAR PRADESH,MAHARAJGANJ,4.53,-,31.57,19.17673813,2018,Oct,3
2018/10/03,UTTAR PRADESH,MAINPURI,1.72,-,12.59,17.92808438,2018,Oct,3
2018/10/03,UTTAR PRADESH,VARANASI,4.57,-,34.28,21.45084622,2018,Oct,3
2018/10/03,UTTAR PRADESH,AURAIYA,4.32,-,29.29,17.35142469,2018,Oct,3
2018/10/02,UTTAR PRADESH,FARRUKHABAD,6.75,-,44.67,18.83270639,2018,Oct,2
2018/10/02,UTTAR PRADESH,LUCKNOW,6.29,-,42.49,14.73312263,2018,Oct,2
2018/10/02,UTTAR PRADESH,KHERI,7.14,-,47.73,19.28128785,2018,Oct,2
2018/10/02,UTTAR PRADESH,CHANDAULI,4.24,-,32.43,22.58663493,2018,Oct,2
2018/10/02,UTTAR PRADESH,AMBEDKAR NAGAR,5.21,-,34.47,17.04359824,2018,Oct,2
2018/10/02,UTTAR PRADESH,BUDAUN,6.72,-,49.8,14.96790696,2018,Oct,2
2018/10/02,UTTAR PRADESH,BALRAMPUR,9.25,-,60.65,17.8342792,2018,Oct,2
2018/10/02,UTTAR PRADESH,BASTI,9.72,-,60.91,15.46594581,2018,Oct,2
2018/10/02,UTTAR PRADESH,RAMPUR,9.2,-,59.05,24.50303715,2018,Oct,2
2018/10/02,UTTAR PRADESH,MIRZAPUR,3.18,-,26.56,21.35469438,2018,Oct,2
2018/10/02,UTTAR PRADESH,JYOTIBA PHULE NAGAR,7.76,-,58.68,21.59855172,2018,Oct,2
2018/10/02,UTTAR PRADESH,LALITPUR,3.95,-,27.2,15.2150617,2018,Oct,2
2018/10/02,UTTAR PRADESH,MAHAMAYA NAGAR,0.72,-,4.45,22.54116058,2018,Oct,2
2018/10/02,UTTAR PRADESH,MATHURA,1.48,-,9.35,19.0592698,2018,Oct,2
2018/10/02,UTTAR PRADESH,MAHOBA,1.29,-,10.31,12.87954749,2018,Oct,2
2018/10/02,UTTAR PRADESH,CHITRAKOOT,1.87,-,16.25,17.39549801,2018,Oct,2
2018/10/02,UTTAR PRADESH,SAHARANPUR,9.22,-,64.3,26.05507091,2018,Oct,2
2018/10/02,UTTAR PRADESH,KANNAUJ,6.44,-,43.24,19.60809513,2018,Oct,2
2018/10/02,UTTAR PRADESH,SANT KABIR NAGAR,8.19,-,55.6,15.79704957,2018,Oct,2
2018/10/02,UTTAR PRADESH,SONBHADRA,3.81,-,25.45,24.42876856,2018,Oct,2
2018/10/02,UTTAR PRADESH,FATEHPUR,5.89,-,41.49,12.33073375,2018,Oct,2
2018/10/02,UTTAR PRADESH,BARA BANKI,6.1,-,38.41,16.17563002,2018,Oct,2
2018/10/02,UTTAR PRADESH,AZAMGARH,7.63,-,50.29,17.52146736,2018,Oct,2
2018/10/02,UTTAR PRADESH,BAGHPAT,8.62,-,57.58,21.25864689,2018,Oct,2
2018/10/02,UTTAR PRADESH,ALIGARH,1.84,-,12.14,22.62896014,2018,Oct,2
2018/10/02,UTTAR PRADESH,HARDOI,6.0,-,39.77,18.37955738,2018,Oct,2
2018/10/02,UTTAR PRADESH,RAE BARELI,4.97,-,36.73,14.45920911,2018,Oct,2
2018/10/02,UTTAR PRADESH,GHAZIPUR,7.38,-,53.89,17.89433775,2018,Oct,2
2018/10/02,UTTAR PRADESH,KAUSHAMBI,6.39,-,44.82,14.11020301,2018,Oct,2
2018/10/02,UTTAR PRADESH,BULANDSHAHR,6.6,-,41.49,20.10991923,2018,Oct,2
2018/10/02,UTTAR PRADESH,DEORIA,7.5,-,48.1,19.34448221,2018,Oct,2
2018/10/02,UTTAR PRADESH,BAHRAICH,5.89,-,45.37,17.70027615,2018,Oct,2
2018/10/02,UTTAR PRADESH,GORAKHPUR,8.58,-,55.99,18.97144496,2018,Oct,2
2018/10/02,UTTAR PRADESH,BIJNOR,8.97,-,62.02,26.17989628,2018,Oct,2
2018/10/02,UTTAR PRADESH,BANDA,1.1,-,9.34,14.99922774,2018,Oct,2
2018/10/02,UTTAR PRADESH,MUZAFFARNAGAR,8.5,-,57.37,22.58117153,2018,Oct,2
2018/10/02,UTTAR PRADESH,SANT RAVI DAS NAGAR(BHADOHI),5.88,-,40.84,21.83974425,2018,Oct,2
2018/10/02,UTTAR PRADESH,HAMIRPUR,0.27,-,2.14,17.03189621,2018,Oct,2
2018/10/02,UTTAR PRADESH,PRATAPGARH,1.9,-,13.76,19.40247797,2018,Oct,2
2018/10/02,UTTAR PRADESH,ETAWAH,5.47,-,37.13,18.2298499,2018,Oct,2
2018/10/02,UTTAR PRADESH,MORADABAD,7.7,-,53.24,21.27375634,2018,Oct,2
2018/10/02,UTTAR PRADESH,AGRA,2.84,-,20.64,20.09381584,2018,Oct,2
2018/10/02,UTTAR PRADESH,JAUNPUR,5.29,-,36.09,20.62155833,2018,Oct,2
2018/10/02,UTTAR PRADESH,KANPUR NAGAR,4.06,-,25.72,14.91479886,2018,Oct,2
2018/10/02,UTTAR PRADESH,JHANSI,2.99,-,22.45,17.01365369,2018,Oct,2
2018/10/02,UTTAR PRADESH,SIDDHARTH NAGAR,6.81,-,43.68,15.92655272,2018,Oct,2
2018/10/02,UTTAR PRADESH,MEERUT,8.88,-,57.25,25.05853304,2018,Oct,2
2018/10/02,UTTAR PRADESH,PILIBHIT,9.53,-,62.35,22.57044993,2018,Oct,2
2018/10/02,UTTAR PRADESH,SHAHJAHANPUR,5.88,-,41.8,18.6111943,2018,Oct,2
2018/10/02,UTTAR PRADESH,KANPUR DEHAT,3.46,-,21.49,15.49780532,2018,Oct,2
2018/10/02,UTTAR PRADESH,FIROZABAD,3.36,-,24.14,20.66379446,2018,Oct,2
2018/10/02,UTTAR PRADESH,AYODHYA,6.58,-,45.46,16.65786295,2018,Oct,2
2018/10/02,UTTAR PRADESH,KUSHINAGAR,5.26,-,40.62,19.90601243,2018,Oct,2
2018/10/02,UTTAR PRADESH,JALAUN,0.29,-,1.83,25.43620522,2018,Oct,2
2018/10/02,UTTAR PRADESH,GHAZIABAD,7.85,-,50.2,22.23239314,2018,Oct,2
2018/10/02,UTTAR PRADESH,ETAH,0.7,-,4.16,21.83227398,2018,Oct,2
2018/10/02,UTTAR PRADESH,BALLIA,2.93,-,19.38,17.69212965,2018,Oct,2
2018/10/02,UTTAR PRADESH,UNNAO,5.32,-,36.99,14.57015296,2018,Oct,2
2018/10/02,UTTAR PRADESH,MAU,6.02,-,39.75,16.27779076,2018,Oct,2
2018/10/02,UTTAR PRADESH,SITAPUR,5.58,-,36.05,15.8781147,2018,Oct,2
2018/10/02,UTTAR PRADESH,PRAYAGRAJ,3.61,-,31.61,19.75780614,2018,Oct,2
2018/10/02,UTTAR PRADESH,BAREILLY,8.13,-,53.04,21.29009816,2018,Oct,2
2018/10/02,UTTAR PRADESH,SHRAWASTI,5.94,-,45.92,18.51049148,2018,Oct,2
2018/10/02,UTTAR PRADESH,SULTANPUR,4.16,-,27.92,20.04689401,2018,Oct,2
2018/10/02,UTTAR PRADESH,GONDA,7.94,-,53.15,18.62738532,2018,Oct,2
2018/10/02,UTTAR PRADESH,GAUTAM BUDDHA NAGAR,4.51,-,28.7,22.7531736,2018,Oct,2
2018/10/02,UTTAR PRADESH,KANSIRAM NAGAR,4.15,-,31.72,18.45948913,2018,Oct,2
2018/10/02,UTTAR PRADESH,MAHARAJGANJ,4.85,-,33.73,19.49836093,2018,Oct,2
2018/10/02,UTTAR PRADESH,MAINPURI,1.93,-,13.94,18.40098349,2018,Oct,2
2018/10/02,UTTAR PRADESH,VARANASI,4.86,-,36.55,22.77937404,2018,Oct,2
2018/10/02,UTTAR PRADESH,AURAIYA,4.43,-,30.08,18.01320299,2018,Oct,2
2018/10/01,UTTAR PRADESH,FARRUKHABAD,6.86,-,45.37,19.30115286,2018,Oct,1
2018/10/01,UTTAR PRADESH,LUCKNOW,6.46,-,43.59,14.97806243,2018,Oct,1
2018/10/01,UTTAR PRADESH,KHERI,7.25,-,48.46,19.8741163,2018,Oct,1
2018/10/01,UTTAR PRADESH,CHANDAULI,4.29,-,32.94,23.17258823,2018,Oct,1
2018/10/01,UTTAR PRADESH,AMBEDKAR NAGAR,5.36,-,35.53,17.47525265,2018,Oct,1
2018/10/01,UTTAR PRADESH,BUDAUN,6.86,-,50.77,15.42130068,2018,Oct,1
2018/10/01,UTTAR PRADESH,BALRAMPUR,9.31,-,61.06,18.35185556,2018,Oct,1
2018/10/01,UTTAR PRADESH,BASTI,9.76,-,61.17,15.84458774,2018,Oct,1
2018/10/01,UTTAR PRADESH,RAMPUR,9.25,-,59.47,25.44106812,2018,Oct,1
2018/10/01,UTTAR PRADESH,MIRZAPUR,3.25,-,27.2,21.86679952,2018,Oct,1
2018/10/01,UTTAR PRADESH,JYOTIBA PHULE NAGAR,7.87,-,59.43,22.47185542,2018,Oct,1
2018/10/01,UTTAR PRADESH,LALITPUR,4.02,-,27.68,15.61763824,2018,Oct,1
2018/10/01,UTTAR PRADESH,MAHAMAYA NAGAR,0.78,-,4.8,22.86971143,2018,Oct,1
2018/10/01,UTTAR PRADESH,MATHURA,1.61,-,10.14,19.33706078,2018,Oct,1
2018/10/01,UTTAR PRADESH,MAHOBA,1.31,-,10.49,13.3010595,2018,Oct,1
2018/10/01,UTTAR PRADESH,CHITRAKOOT,1.9,-,16.46,17.70176715,2018,Oct,1
2018/10/01,UTTAR PRADESH,SAHARANPUR,9.3,-,64.94,26.95361133,2018,Oct,1
2018/10/01,UTTAR PRADESH,KANNAUJ,6.58,-,44.11,20.039211,2018,Oct,1
2018/10/01,UTTAR PRADESH,SANT KABIR NAGAR,8.2,-,55.69,16.15359501,2018,Oct,1
2018/10/01,UTTAR PRADESH,SONBHADRA,3.88,-,25.93,24.77882633,2018,Oct,1
2018/10/01,UTTAR PRADESH,FATEHPUR,6.11,-,42.9,12.56549519,2018,Oct,1
2018/10/01,UTTAR PRADESH,BARA BANKI,6.31,-,39.76,16.48655374,2018,Oct,1
2018/10/01,UTTAR PRADESH,AZAMGARH,7.76,-,51.12,18.26234693,2018,Oct,1
2018/10/01,UTTAR PRADESH,BAGHPAT,8.73,-,58.35,22.03735191,2018,Oct,1
2018/10/01,UTTAR PRADESH,ALIGARH,1.91,-,12.6,23.00797766,2018,Oct,1
2018/10/01,UTTAR PRADESH,HARDOI,6.14,-,40.7,18.94710362,2018,Oct,1
2018/10/01,UTTAR PRADESH,RAE BARELI,5.11,-,37.67,14.64503533,2018,Oct,1
2018/10/01,UTTAR PRADESH,GHAZIPUR,7.49,-,54.74,18.69995664,2018,Oct,1
2018/10/01,UTTAR PRADESH,KAUSHAMBI,6.52,-,45.64,14.39956524,2018,Oct,1
2018/10/01,UTTAR PRADESH,BULANDSHAHR,6.73,-,42.29,20.63155548,2018,Oct,1
2018/10/01,UTTAR PRADESH,DEORIA,7.73,-,49.73,19.72613484,2018,Oct,1
2018/10/01,UTTAR PRADESH,BAHRAICH,5.99,-,46.13,18.18224374,2018,Oct,1
2018/10/01,UTTAR PRADESH,GORAKHPUR,8.65,-,56.52,19.54180537,2018,Oct,1
2018/10/01,UTTAR PRADESH,BIJNOR,9.06,-,62.69,27.12398104,2018,Oct,1
2018/10/01,UTTAR PRADESH,BANDA,1.11,-,9.52,15.31671272,2018,Oct,1
2018/10/01,UTTAR PRADESH,MUZAFFARNAGAR,8.62,-,58.28,23.33595467,2018,Oct,1
2018/10/01,UTTAR PRADESH,SANT RAVI DAS NAGAR(BHADOHI),6.01,-,41.8,22.59553642,2018,Oct,1
2018/10/01,UTTAR PRADESH,HAMIRPUR,0.28,-,2.2,17.43814304,2018,Oct,1
2018/10/01,UTTAR PRADESH,PRATAPGARH,2.04,-,14.7,19.88046781,2018,Oct,1
2018/10/01,UTTAR PRADESH,ETAWAH,5.59,-,37.89,18.61608569,2018,Oct,1
2018/10/01,UTTAR PRADESH,MORADABAD,7.83,-,54.18,22.05738157,2018,Oct,1
2018/10/01,UTTAR PRADESH,AGRA,2.9,-,21.01,20.42035617,2018,Oct,1
2018/10/01,UTTAR PRADESH,JAUNPUR,5.44,-,37.1,21.40207661,2018,Oct,1
2018/10/01,UTTAR PRADESH,KANPUR NAGAR,4.2,-,26.63,15.22475359,2018,Oct,1
2018/10/01,UTTAR PRADESH,JHANSI,3.03,-,22.77,17.40628154,2018,Oct,1
2018/10/01,UTTAR PRADESH,SIDDHARTH NAGAR,6.95,-,44.74,16.2273468,2018,Oct,1
2018/10/01,UTTAR PRADESH,MEERUT,8.97,-,57.87,26.01488489,2018,Oct,1
2018/10/01,UTTAR PRADESH,PILIBHIT,9.62,-,62.98,23.30829787,2018,Oct,1
2018/10/01,UTTAR PRADESH,SHAHJAHANPUR,6.0,-,42.61,19.17749897,2018,Oct,1
2018/10/01,UTTAR PRADESH,KANPUR DEHAT,3.6,-,22.38,15.78752454,2018,Oct,1
2018/10/01,UTTAR PRADESH,FIROZABAD,3.43,-,24.62,21.03939244,2018,Oct,1
2018/10/01,UTTAR PRADESH,AYODHYA,6.67,-,46.24,16.95503665,2018,Oct,1
2018/10/01,UTTAR PRADESH,KUSHINAGAR,5.49,-,42.3,20.29421761,2018,Oct,1
2018/10/01,UTTAR PRADESH,JALAUN,0.3,-,1.91,25.87206386,2018,Oct,1
2018/10/01,UTTAR PRADESH,GHAZIABAD,7.94,-,50.78,23.1261395,2018,Oct,1
2018/10/01,UTTAR PRADESH,ETAH,0.82,-,4.9,22.1483946,2018,Oct,1
2018/10/01,UTTAR PRADESH,BALLIA,3.08,-,20.45,18.34924925,2018,Oct,1
2018/10/01,UTTAR PRADESH,UNNAO,5.57,-,38.61,14.80039235,2018,Oct,1
2018/10/01,UTTAR PRADESH,MAU,6.21,-,40.94,16.90122178,2018,Oct,1
2018/10/01,UTTAR PRADESH,SITAPUR,5.73,-,37.03,16.32342294,2018,Oct,1
2018/10/01,UTTAR PRADESH,PRAYAGRAJ,3.67,-,32.14,20.23103433,2018,Oct,1
2018/10/01,UTTAR PRADESH,BAREILLY,8.17,-,53.28,22.10957558,2018,Oct,1
2018/10/01,UTTAR PRADESH,SHRAWASTI,6.12,-,47.21,18.7079041,2018,Oct,1
2018/10/01,UTTAR PRADESH,SULTANPUR,4.25,-,28.63,20.48945967,2018,Oct,1
2018/10/01,UTTAR PRADESH,GONDA,8.05,-,53.95,19.22009524,2018,Oct,1
2018/10/01,UTTAR PRADESH,GAUTAM BUDDHA NAGAR,4.55,-,28.99,23.27315224,2018,Oct,1
2018/10/01,UTTAR PRADESH,KANSIRAM NAGAR,4.33,-,32.94,18.76096547,2018,Oct,1
2018/10/01,UTTAR PRADESH,MAHARAJGANJ,5.04,-,35.08,19.7030319,2018,Oct,1
2018/10/01,UTTAR PRADESH,MAINPURI,2.1,-,14.95,18.74296703,2018,Oct,1
2018/10/01,UTTAR PRADESH,VARANASI,5.01,-,37.76,23.53346716,2018,Oct,1
2018/10/01,UTTAR PRADESH,AURAIYA,4.53,-,30.74,18.49616414,2018,Oct,1
2018/11/30,UTTAR PRADESH,FARRUKHABAD,1.38,-,10.1,9.394152089,2018,Nov,30
2018/11/30,UTTAR PRADESH,LUCKNOW,1.67,-,11.51,9.10762551,2018,Nov,30
2018/11/30,UTTAR PRADESH,KHERI,2.09,-,14.68,10.08252464,2018,Nov,30
2018/11/30,UTTAR PRADESH,CHANDAULI,0.54,-,4.56,11.67506694,2018,Nov,30
2018/11/30,UTTAR PRADESH,AMBEDKAR NAGAR,0.26,-,1.56,14.20547615,2018,Nov,30
2018/11/30,UTTAR PRADESH,BUDAUN,1.43,-,12.26,9.361961964,2018,Nov,30
2018/11/30,UTTAR PRADESH,BALRAMPUR,1.09,-,7.55,11.14121401,2018,Nov,30
2018/11/30,UTTAR PRADESH,BASTI,0.61,-,3.72,11.75058339,2018,Nov,30
2018/11/30,UTTAR PRADESH,RAMPUR,0.65,-,4.6,11.97974329,2018,Nov,30
2018/11/30,UTTAR PRADESH,MIRZAPUR,1.16,-,9.98,8.808125042,2018,Nov,30
2018/11/30,UTTAR PRADESH,JYOTIBA PHULE NAGAR,1.65,-,15.49,10.19095615,2018,Nov,30
2018/11/30,UTTAR PRADESH,LALITPUR,1.97,-,13.3,5.130143703,2018,Nov,30
2018/11/30,UTTAR PRADESH,MAHAMAYA NAGAR,0.07,-,0.4,14.15633612,2018,Nov,30
2018/11/30,UTTAR PRADESH,MATHURA,0.19,-,1.26,11.77315575,2018,Nov,30
2018/11/30,UTTAR PRADESH,MAHOBA,0.58,-,4.26,3.468165262,2018,Nov,30
2018/11/30,UTTAR PRADESH,CHITRAKOOT,1.22,-,10.84,8.251156812,2018,Nov,30
2018/11/30,UTTAR PRADESH,SAHARANPUR,1.99,-,14.61,13.14804695,2018,Nov,30
2018/11/30,UTTAR PRADESH,KANNAUJ,1.06,-,7.76,10.04749514,2018,Nov,30
2018/11/30,UTTAR PRADESH,SANT KABIR NAGAR,0.03,-,0.24,12.51672282,2018,Nov,30
2018/11/30,UTTAR PRADESH,SONBHADRA,0.89,-,6.27,13.65920647,2018,Nov,30
2018/11/30,UTTAR PRADESH,FATEHPUR,1.62,-,12.6,7.075461153,2018,Nov,30
2018/11/30,UTTAR PRADESH,BARA BANKI,0.31,-,1.89,12.68039415,2018,Nov,30
2018/11/30,UTTAR PRADESH,AZAMGARH,0.22,-,1.37,11.67205054,2018,Nov,30
2018/11/30,UTTAR PRADESH,BAGHPAT,1.12,-,7.48,10.6268485,2018,Nov,30
2018/11/30,UTTAR PRADESH,ALIGARH,0.47,-,3.3,13.27965917,2018,Nov,30
2018/11/30,UTTAR PRADESH,HARDOI,0.45,-,3.53,11.01769645,2018,Nov,30
2018/11/30,UTTAR PRADESH,RAE BARELI,0.95,-,7.81,10.51785915,2018,Nov,30
2018/11/30,UTTAR PRADESH,GHAZIPUR,0.69,-,5.65,10.86309673,2018,Nov,30
2018/11/30,UTTAR PRADESH,KAUSHAMBI,1.95,-,15.06,7.634099994,2018,Nov,30
2018/11/30,UTTAR PRADESH,BULANDSHAHR,0.48,-,3.4,11.68894981,2018,Nov,30
2018/11/30,UTTAR PRADESH,DEORIA,0.09,-,0.5,16.01297291,2018,Nov,30
2018/11/30,UTTAR PRADESH,BAHRAICH,1.18,-,9.9,11.44596155,2018,Nov,30
2018/11/30,UTTAR PRADESH,GORAKHPUR,0.55,-,3.57,12.75334642,2018,Nov,30
2018/11/30,UTTAR PRADESH,BIJNOR,1.58,-,12.76,12.66527547,2018,Nov,30
2018/11/30,UTTAR PRADESH,BANDA,0.71,-,5.76,8.085840295,2018,Nov,30
2018/11/30,UTTAR PRADESH,MUZAFFARNAGAR,0.57,-,4.67,11.90879359,2018,Nov,30
2018/11/30,UTTAR PRADESH,SANT RAVI DAS NAGAR(BHADOHI),0.89,-,6.48,10.29028038,2018,Nov,30
2018/11/30,UTTAR PRADESH,HAMIRPUR,0.09,-,0.6,8.857635636,2018,Nov,30
2018/11/30,UTTAR PRADESH,PRATAPGARH,0.19,-,1.56,12.42160027,2018,Nov,30
2018/11/30,UTTAR PRADESH,ETAWAH,0.9,-,6.59,9.753991464,2018,Nov,30
2018/11/30,UTTAR PRADESH,MORADABAD,0.89,-,7.02,11.5195909,2018,Nov,30
2018/11/30,UTTAR PRADESH,AGRA,1.02,-,7.93,10.67688793,2018,Nov,30
2018/11/30,UTTAR PRADESH,JAUNPUR,0.18,-,1.58,10.99209985,2018,Nov,30
2018/11/30,UTTAR PRADESH,KANPUR NAGAR,0.74,-,4.75,8.183059979,2018,Nov,30
2018/11/30,UTTAR PRADESH,JHANSI,1.58,-,11.56,7.81314894,2018,Nov,30
2018/11/30,UTTAR PRADESH,SIDDHARTH NAGAR,0.0,-,0.03,13.22109565,2018,Nov,30
2018/11/30,UTTAR PRADESH,MEERUT,1.31,-,9.04,11.42531192,2018,Nov,30
2018/11/30,UTTAR PRADESH,PILIBHIT,1.86,-,13.52,11.82775906,2018,Nov,30
2018/11/30,UTTAR PRADESH,SHAHJAHANPUR,0.42,-,3.59,11.72887813,2018,Nov,30
2018/11/30,UTTAR PRADESH,KANPUR DEHAT,0.61,-,3.75,9.195976177,2018,Nov,30
2018/11/30,UTTAR PRADESH,FIROZABAD,0.97,-,7.75,10.50609326,2018,Nov,30
2018/11/30,UTTAR PRADESH,AYODHYA,0.67,-,4.12,13.2583457,2018,Nov,30
2018/11/30,UTTAR PRADESH,KUSHINAGAR,0.11,-,0.94,16.8207194,2018,Nov,30
2018/11/30,UTTAR PRADESH,JALAUN,0.07,-,0.4,15.19013957,2018,Nov,30
2018/11/30,UTTAR PRADESH,GHAZIABAD,1.89,-,12.45,10.86224243,2018,Nov,30
2018/11/30,UTTAR PRADESH,ETAH,0.0,-,0.0,13.55520525,2018,Nov,30
2018/11/30,UTTAR PRADESH,BALLIA,0.01,-,0.09,11.10599193,2018,Nov,30
2018/11/30,UTTAR PRADESH,UNNAO,0.59,-,4.7,9.28178359,2018,Nov,30
2018/11/30,UTTAR PRADESH,MAU,0.18,-,1.07,12.00428206,2018,Nov,30
2018/11/30,UTTAR PRADESH,SITAPUR,0.6,-,4.36,10.93127508,2018,Nov,30
2018/11/30,UTTAR PRADESH,PRAYAGRAJ,1.29,-,11.51,10.27615249,2018,Nov,30
2018/11/30,UTTAR PRADESH,BAREILLY,0.93,-,6.77,11.46704116,2018,Nov,30
2018/11/30,UTTAR PRADESH,SHRAWASTI,0.16,-,1.4,15.39475567,2018,Nov,30
2018/11/30,UTTAR PRADESH,SULTANPUR,0.12,-,0.77,15.59218522,2018,Nov,30
2018/11/30,UTTAR PRADESH,GONDA,0.98,-,6.29,12.2762348,2018,Nov,30
2018/11/30,UTTAR PRADESH,GAUTAM BUDDHA NAGAR,1.94,-,12.64,10.6692206,2018,Nov,30
2018/11/30,UTTAR PRADESH,KANSIRAM NAGAR,1.69,-,14.34,11.62035512,2018,Nov,30
2018/11/30,UTTAR PRADESH,MAHARAJGANJ,0.23,-,2.11,15.87355745,2018,Nov,30
2018/11/30,UTTAR PRADESH,MAINPURI,0.11,-,1.02,10.620597,2018,Nov,30
2018/11/30,UTTAR PRADESH,VARANASI,0.34,-,2.67,12.72363356,2018,Nov,30
2018/11/30,UTTAR PRADESH,AURAIYA,0.71,-,5.22,9.131765663,2018,Nov,30
2018/11/29,UTTAR PRADESH,FARRUKHABAD,1.38,-,10.12,9.416872548,2018,Nov,29
2018/11/29,UTTAR PRADESH,LUCKNOW,1.68,-,11.58,9.118431434,2018,Nov,29
2018/11/29,UTTAR PRADESH,KHERI,2.1,-,14.79,10.10608636,2018,Nov,29
2018/11/29,UTTAR PRADESH,CHANDAULI,0.55,-,4.61,11.70528541,2018,Nov,29
2018/11/29,UTTAR PRADESH,AMBEDKAR NAGAR,0.27,-,1.56,14.20707116,2018,Nov,29
2018/11/29,UTTAR PRADESH,BUDAUN,1.43,-,12.32,9.370851827,2018,Nov,29
2018/11/29,UTTAR PRADESH,BALRAMPUR,1.11,-,7.68,11.15388146,2018,Nov,29
2018/11/29,UTTAR PRADESH,BASTI,0.62,-,3.75,11.75288863,2018,Nov,29
2018/11/29,UTTAR PRADESH,RAMPUR,0.67,-,4.71,11.99496365,2018,Nov,29
2018/11/29,UTTAR PRADESH,MIRZAPUR,1.17,-,10.07,8.844249672,2018,Nov,29
2018/11/29,UTTAR PRADESH,JYOTIBA PHULE NAGAR,1.67,-,15.7,10.20713133,2018,Nov,29
2018/11/29,UTTAR PRADESH,LALITPUR,1.98,-,13.37,5.141756637,2018,Nov,29
2018/11/29,UTTAR PRADESH,MAHAMAYA NAGAR,0.07,-,0.4,14.15829439,2018,Nov,29
2018/11/29,UTTAR PRADESH,MATHURA,0.19,-,1.27,11.7803703,2018,Nov,29
2018/11/29,UTTAR PRADESH,MAHOBA,0.58,-,4.28,3.479428509,2018,Nov,29
2018/11/29,UTTAR PRADESH,CHITRAKOOT,1.23,-,10.88,8.267832267,2018,Nov,29
2018/11/29,UTTAR PRADESH,SAHARANPUR,2.03,-,14.89,13.19535767,2018,Nov,29
2018/11/29,UTTAR PRADESH,KANNAUJ,1.06,-,7.81,10.06288719,2018,Nov,29
2018/11/29,UTTAR PRADESH,SANT KABIR NAGAR,0.03,-,0.24,12.51870436,2018,Nov,29
2018/11/29,UTTAR PRADESH,SONBHADRA,0.9,-,6.34,13.71070314,2018,Nov,29
2018/11/29,UTTAR PRADESH,FATEHPUR,1.63,-,12.66,7.080946028,2018,Nov,29
2018/11/29,UTTAR PRADESH,BARA BANKI,0.32,-,1.9,12.68597685,2018,Nov,29
2018/11/29,UTTAR PRADESH,AZAMGARH,0.23,-,1.39,11.6756952,2018,Nov,29
2018/11/29,UTTAR PRADESH,BAGHPAT,1.13,-,7.53,10.64576699,2018,Nov,29
2018/11/29,UTTAR PRADESH,ALIGARH,0.47,-,3.32,13.28422652,2018,Nov,29
2018/11/29,UTTAR PRADESH,HARDOI,0.46,-,3.56,11.02767861,2018,Nov,29
2018/11/29,UTTAR PRADESH,RAE BARELI,0.95,-,7.86,10.52173047,2018,Nov,29
2018/11/29,UTTAR PRADESH,GHAZIPUR,0.7,-,5.7,10.87601555,2018,Nov,29
2018/11/29,UTTAR PRADESH,KAUSHAMBI,1.96,-,15.15,7.644789619,2018,Nov,29
2018/11/29,UTTAR PRADESH,BULANDSHAHR,0.48,-,3.42,11.69803912,2018,Nov,29
2018/11/29,UTTAR PRADESH,DEORIA,0.09,-,0.51,16.01498792,2018,Nov,29
2018/11/29,UTTAR PRADESH,BAHRAICH,1.18,-,9.97,11.45863195,2018,Nov,29
2018/11/29,UTTAR PRADESH,GORAKHPUR,0.55,-,3.6,12.76022883,2018,Nov,29
2018/11/29,UTTAR PRADESH,BIJNOR,1.61,-,12.99,12.69927631,2018,Nov,29
2018/11/29,UTTAR PRADESH,BANDA,0.71,-,5.79,8.092544016,2018,Nov,29
2018/11/29,UTTAR PRADESH,MUZAFFARNAGAR,0.59,-,4.8,11.94423787,2018,Nov,29
2018/11/29,UTTAR PRADESH,SANT RAVI DAS NAGAR(BHADOHI),0.9,-,6.57,10.29936535,2018,Nov,29
2018/11/29,UTTAR PRADESH,HAMIRPUR,0.09,-,0.6,8.861622618,2018,Nov,29
2018/11/29,UTTAR PRADESH,PRATAPGARH,0.19,-,1.57,12.43257882,2018,Nov,29
2018/11/29,UTTAR PRADESH,ETAWAH,0.91,-,6.64,9.766662197,2018,Nov,29
2018/11/29,UTTAR PRADESH,MORADABAD,0.91,-,7.16,11.53685251,2018,Nov,29
2018/11/29,UTTAR PRADESH,AGRA,1.03,-,8.0,10.68549481,2018,Nov,29
2018/11/29,UTTAR PRADESH,JAUNPUR,0.18,-,1.58,11.00020608,2018,Nov,29
2018/11/29,UTTAR PRADESH,KANPUR NAGAR,0.74,-,4.79,8.189130467,2018,Nov,29
2018/11/29,UTTAR PRADESH,JHANSI,1.59,-,11.66,7.823208286,2018,Nov,29
2018/11/29,UTTAR PRADESH,SIDDHARTH NAGAR,0.0,-,0.03,13.22367342,2018,Nov,29
2018/11/29,UTTAR PRADESH,MEERUT,1.32,-,9.12,11.45102244,2018,Nov,29
2018/11/29,UTTAR PRADESH,PILIBHIT,1.88,-,13.65,11.85559803,2018,Nov,29
2018/11/29,UTTAR PRADESH,SHAHJAHANPUR,0.43,-,3.63,11.73937973,2018,Nov,29
2018/11/29,UTTAR PRADESH,KANPUR DEHAT,0.61,-,3.77,9.203578292,2018,Nov,29
2018/11/29,UTTAR PRADESH,FIROZABAD,0.97,-,7.78,10.52030801,2018,Nov,29
2018/11/29,UTTAR PRADESH,AYODHYA,0.67,-,4.14,13.26198081,2018,Nov,29
2018/11/29,UTTAR PRADESH,KUSHINAGAR,0.11,-,0.97,16.82304248,2018,Nov,29
2018/11/29,UTTAR PRADESH,JALAUN,0.07,-,0.41,15.19623098,2018,Nov,29
2018/11/29,UTTAR PRADESH,GHAZIABAD,1.9,-,12.51,10.8977357,2018,Nov,29
2018/11/29,UTTAR PRADESH,ETAH,0.0,-,0.0,13.55909881,2018,Nov,29
2018/11/29,UTTAR PRADESH,BALLIA,0.01,-,0.1,11.12205485,2018,Nov,29
2018/11/29,UTTAR PRADESH,UNNAO,0.6,-,4.72,9.286239953,2018,Nov,29
2018/11/29,UTTAR PRADESH,MAU,0.18,-,1.1,12.00708345,2018,Nov,29
2018/11/29,UTTAR PRADESH,SITAPUR,0.61,-,4.39,10.93594977,2018,Nov,29
2018/11/29,UTTAR PRADESH,PRAYAGRAJ,1.3,-,11.59,10.29092003,2018,Nov,29
2018/11/29,UTTAR PRADESH,BAREILLY,0.95,-,6.89,11.48417805,2018,Nov,29
2018/11/29,UTTAR PRADESH,SHRAWASTI,0.16,-,1.43,15.40256318,2018,Nov,29
2018/11/29,UTTAR PRADESH,SULTANPUR,0.12,-,0.78,15.59754703,2018,Nov,29
2018/11/29,UTTAR PRADESH,GONDA,0.99,-,6.35,12.28387135,2018,Nov,29
2018/11/29,UTTAR PRADESH,GAUTAM BUDDHA NAGAR,1.94,-,12.65,10.69920211,2018,Nov,29
2018/11/29,UTTAR PRADESH,KANSIRAM NAGAR,1.7,-,14.37,11.62566172,2018,Nov,29
2018/11/29,UTTAR PRADESH,MAHARAJGANJ,0.23,-,2.14,15.88546485,2018,Nov,29
2018/11/29,UTTAR PRADESH,MAINPURI,0.11,-,1.02,10.62200545,2018,Nov,29
2018/11/29,UTTAR PRADESH,VARANASI,0.35,-,2.73,12.74972637,2018,Nov,29
2018/11/29,UTTAR PRADESH,AURAIYA,0.71,-,5.25,9.143820428,2018,Nov,29
2018/11/28,UTTAR PRADESH,FARRUKHABAD,1.39,-,10.19,9.453407909,2018,Nov,28
2018/11/28,UTTAR PRADESH,LUCKNOW,1.69,-,11.68,9.13879551,2018,Nov,28
2018/11/28,UTTAR PRADESH,KHERI,2.13,-,14.96,10.15121862,2018,Nov,28
2018/11/28,UTTAR PRADESH,CHANDAULI,0.56,-,4.7,11.76388977,2018,Nov,28
2018/11/28,UTTAR PRADESH,AMBEDKAR NAGAR,0.27,-,1.58,14.21469888,2018,Nov,28
2018/11/28,UTTAR PRADESH,BUDAUN,1.45,-,12.45,9.391196766,2018,Nov,28
2018/11/28,UTTAR PRADESH,BALRAMPUR,1.14,-,7.89,11.18054561,2018,Nov,28
2018/11/28,UTTAR PRADESH,BASTI,0.63,-,3.79,11.76271601,2018,Nov,28
2018/11/28,UTTAR PRADESH,RAMPUR,0.7,-,4.91,12.01959397,2018,Nov,28
2018/11/28,UTTAR PRADESH,MIRZAPUR,1.19,-,10.22,8.925238023,2018,Nov,28
2018/11/28,UTTAR PRADESH,JYOTIBA PHULE NAGAR,1.7,-,15.97,10.24344882,2018,Nov,28
2018/11/28,UTTAR PRADESH,LALITPUR,2.0,-,13.48,5.163450257,2018,Nov,28
2018/11/28,UTTAR PRADESH,MAHAMAYA NAGAR,0.07,-,0.4,14.16261141,2018,Nov,28
2018/11/28,UTTAR PRADESH,MATHURA,0.19,-,1.28,11.79028334,2018,Nov,28
2018/11/28,UTTAR PRADESH,MAHOBA,0.59,-,4.36,3.497230613,2018,Nov,28
2018/11/28,UTTAR PRADESH,CHITRAKOOT,1.23,-,10.92,8.302870035,2018,Nov,28
2018/11/28,UTTAR PRADESH,SAHARANPUR,2.09,-,15.36,13.26636769,2018,Nov,28
2018/11/28,UTTAR PRADESH,KANNAUJ,1.07,-,7.86,10.09783351,2018,Nov,28
2018/11/28,UTTAR PRADESH,SANT KABIR NAGAR,0.04,-,0.25,12.52060331,2018,Nov,28
2018/11/28,UTTAR PRADESH,SONBHADRA,0.91,-,6.43,13.82389554,2018,Nov,28
2018/11/28,UTTAR PRADESH,FATEHPUR,1.63,-,12.71,7.089665105,2018,Nov,28
2018/11/28,UTTAR PRADESH,BARA BANKI,0.32,-,1.92,12.69701613,2018,Nov,28
2018/11/28,UTTAR PRADESH,AZAMGARH,0.23,-,1.42,11.68313023,2018,Nov,28
2018/11/28,UTTAR PRADESH,BAGHPAT,1.14,-,7.62,10.68926996,2018,Nov,28
2018/11/28,UTTAR PRADESH,ALIGARH,0.47,-,3.33,13.29559402,2018,Nov,28
2018/11/28,UTTAR PRADESH,HARDOI,0.46,-,3.6,11.04010446,2018,Nov,28
2018/11/28,UTTAR PRADESH,RAE BARELI,0.96,-,7.92,10.53455272,2018,Nov,28
2018/11/28,UTTAR PRADESH,GHAZIPUR,0.72,-,5.86,10.89532762,2018,Nov,28
2018/11/28,UTTAR PRADESH,KAUSHAMBI,1.97,-,15.24,7.657487062,2018,Nov,28
2018/11/28,UTTAR PRADESH,BULANDSHAHR,0.48,-,3.45,11.71330868,2018,Nov,28
2018/11/28,UTTAR PRADESH,DEORIA,0.09,-,0.51,16.02086486,2018,Nov,28
2018/11/28,UTTAR PRADESH,BAHRAICH,1.2,-,10.12,11.4816083,2018,Nov,28
2018/11/28,UTTAR PRADESH,GORAKHPUR,0.56,-,3.66,12.76981499,2018,Nov,28
2018/11/28,UTTAR PRADESH,BIJNOR,1.66,-,13.35,12.76831741,2018,Nov,28
2018/11/28,UTTAR PRADESH,BANDA,0.71,-,5.8,8.10802281,2018,Nov,28
2018/11/28,UTTAR PRADESH,MUZAFFARNAGAR,0.61,-,4.98,11.99233358,2018,Nov,28
2018/11/28,UTTAR PRADESH,SANT RAVI DAS NAGAR(BHADOHI),0.92,-,6.71,10.32780247,2018,Nov,28
2018/11/28,UTTAR PRADESH,HAMIRPUR,0.09,-,0.61,8.872457428,2018,Nov,28
2018/11/28,UTTAR PRADESH,PRATAPGARH,0.19,-,1.59,12.45580676,2018,Nov,28
2018/11/28,UTTAR PRADESH,ETAWAH,0.92,-,6.73,9.787498144,2018,Nov,28
2018/11/28,UTTAR PRADESH,MORADABAD,0.95,-,7.46,11.56521198,2018,Nov,28
2018/11/28,UTTAR PRADESH,AGRA,1.04,-,8.08,10.70686736,2018,Nov,28
2018/11/28,UTTAR PRADESH,JAUNPUR,0.18,-,1.59,11.01295985,2018,Nov,28
2018/11/28,UTTAR PRADESH,KANPUR NAGAR,0.75,-,4.83,8.203924179,2018,Nov,28
2018/11/28,UTTAR PRADESH,JHANSI,1.61,-,11.78,7.842802773,2018,Nov,28
2018/11/28,UTTAR PRADESH,SIDDHARTH NAGAR,0.0,-,0.03,13.22762913,2018,Nov,28
2018/11/28,UTTAR PRADESH,MEERUT,1.34,-,9.21,11.50265339,2018,Nov,28
2018/11/28,UTTAR PRADESH,PILIBHIT,1.91,-,13.87,11.89847911,2018,Nov,28
2018/11/28,UTTAR PRADESH,SHAHJAHANPUR,0.43,-,3.71,11.75321999,2018,Nov,28
2018/11/28,UTTAR PRADESH,KANPUR DEHAT,0.62,-,3.81,9.211436903,2018,Nov,28
2018/11/28,UTTAR PRADESH,FIROZABAD,0.98,-,7.83,10.52990123,2018,Nov,28
2018/11/28,UTTAR PRADESH,AYODHYA,0.68,-,4.19,13.27197953,2018,Nov,28
2018/11/28,UTTAR PRADESH,KUSHINAGAR,0.11,-,1.01,16.82613172,2018,Nov,28
2018/11/28,UTTAR PRADESH,JALAUN,0.07,-,0.41,15.21704607,2018,Nov,28
2018/11/28,UTTAR PRADESH,GHAZIABAD,1.92,-,12.61,10.96806044,2018,Nov,28
2018/11/28,UTTAR PRADESH,ETAH,0.0,-,0.0,13.56508768,2018,Nov,28
2018/11/28,UTTAR PRADESH,BALLIA,0.01,-,0.1,11.14867385,2018,Nov,28
2018/11/28,UTTAR PRADESH,UNNAO,0.6,-,4.76,9.293867972,2018,Nov,28
2018/11/28,UTTAR PRADESH,MAU,0.19,-,1.13,12.01415545,2018,Nov,28
2018/11/28,UTTAR PRADESH,SITAPUR,0.61,-,4.44,10.94352993,2018,Nov,28
2018/11/28,UTTAR PRADESH,PRAYAGRAJ,1.31,-,11.66,10.32074376,2018,Nov,28
2018/11/28,UTTAR PRADESH,BAREILLY,0.98,-,7.08,11.51855784,2018,Nov,28
2018/11/28,UTTAR PRADESH,SHRAWASTI,0.18,-,1.52,15.41512125,2018,Nov,28
2018/11/28,UTTAR PRADESH,SULTANPUR,0.12,-,0.8,15.60954467,2018,Nov,28
2018/11/28,UTTAR PRADESH,GONDA,1.0,-,6.47,12.30162116,2018,Nov,28
2018/11/28,UTTAR PRADESH,GAUTAM BUDDHA NAGAR,1.95,-,12.74,10.74939218,2018,Nov,28
2018/11/28,UTTAR PRADESH,KANSIRAM NAGAR,1.7,-,14.39,11.64062658,2018,Nov,28
2018/11/28,UTTAR PRADESH,MAHARAJGANJ,0.24,-,2.2,15.90248568,2018,Nov,28
2018/11/28,UTTAR PRADESH,MAINPURI,0.11,-,1.03,10.63549635,2018,Nov,28
2018/11/28,UTTAR PRADESH,VARANASI,0.36,-,2.78,12.7795351,2018,Nov,28
2018/11/28,UTTAR PRADESH,AURAIYA,0.72,-,5.3,9.159925479,2018,Nov,28
2018/11/27,UTTAR PRADESH,FARRUKHABAD,1.4,-,10.24,9.489603024,2018,Nov,27
2018/11/27,UTTAR PRADESH,LUCKNOW,1.7,-,11.76,9.156958767,2018,Nov,27
2018/11/27,UTTAR PRADESH,KHERI,2.15,-,15.14,10.19711366,2018,Nov,27
2018/11/27,UTTAR PRADESH,CHANDAULI,0.57,-,4.8,11.83328914,2018,Nov,27
2018/11/27,UTTAR PRADESH,AMBEDKAR NAGAR,0.27,-,1.59,14.21658468,2018,Nov,27
2018/11/27,UTTAR PRADESH,BUDAUN,1.46,-,12.53,9.404559918,2018,Nov,27
2018/11/27,UTTAR PRADESH,BALRAMPUR,1.18,-,8.13,11.20296528,2018,Nov,27
2018/11/27,UTTAR PRADESH,BASTI,0.63,-,3.82,11.76975394,2018,Nov,27
2018/11/27,UTTAR PRADESH,RAMPUR,0.73,-,5.12,12.04295378,2018,Nov,27
2018/11/27,UTTAR PRADESH,MIRZAPUR,1.2,-,10.36,9.01483554,2018,Nov,27
2018/11/27,UTTAR PRADESH,JYOTIBA PHULE NAGAR,1.73,-,16.25,10.26835884,2018,Nov,27
2018/11/27,UTTAR PRADESH,LALITPUR,2.01,-,13.57,5.182449595,2018,Nov,27
2018/11/27,UTTAR PRADESH,MAHAMAYA NAGAR,0.07,-,0.41,14.16302713,2018,Nov,27
2018/11/27,UTTAR PRADESH,MATHURA,0.19,-,1.28,11.80067053,2018,Nov,27
2018/11/27,UTTAR PRADESH,MAHOBA,0.6,-,4.43,3.525606092,2018,Nov,27
2018/11/27,UTTAR PRADESH,CHITRAKOOT,1.24,-,10.97,8.339191537,2018,Nov,27
2018/11/27,UTTAR PRADESH,SAHARANPUR,2.14,-,15.77,13.33627278,2018,Nov,27
2018/11/27,UTTAR PRADESH,KANNAUJ,1.08,-,7.91,10.13534592,2018,Nov,27
2018/11/27,UTTAR PRADESH,SANT KABIR NAGAR,0.04,-,0.25,12.52544631,2018,Nov,27
2018/11/27,UTTAR PRADESH,SONBHADRA,0.93,-,6.52,13.95063586,2018,Nov,27
2018/11/27,UTTAR PRADESH,FATEHPUR,1.64,-,12.75,7.098270035,2018,Nov,27
2018/11/27,UTTAR PRADESH,BARA BANKI,0.32,-,1.94,12.707048,2018,Nov,27
2018/11/27,UTTAR PRADESH,AZAMGARH,0.24,-,1.46,11.69081665,2018,Nov,27
2018/11/27,UTTAR PRADESH,BAGHPAT,1.16,-,7.74,10.72839493,2018,Nov,27
2018/11/27,UTTAR PRADESH,ALIGARH,0.47,-,3.34,13.30147683,2018,Nov,27
2018/11/27,UTTAR PRADESH,HARDOI,0.47,-,3.65,11.05350641,2018,Nov,27
2018/11/27,UTTAR PRADESH,RAE BARELI,0.97,-,7.97,10.54120585,2018,Nov,27
2018/11/27,UTTAR PRADESH,GHAZIPUR,0.74,-,6.01,10.91746418,2018,Nov,27
2018/11/27,UTTAR PRADESH,KAUSHAMBI,1.98,-,15.35,7.681609475,2018,Nov,27
2018/11/27,UTTAR PRADESH,BULANDSHAHR,0.49,-,3.47,11.72247817,2018,Nov,27
2018/11/27,UTTAR PRADESH,DEORIA,0.09,-,0.51,16.02936623,2018,Nov,27
2018/11/27,UTTAR PRADESH,BAHRAICH,1.22,-,10.26,11.50814507,2018,Nov,27
2018/11/27,UTTAR PRADESH,GORAKHPUR,0.57,-,3.73,12.7757185,2018,Nov,27
2018/11/27,UTTAR PRADESH,BIJNOR,1.71,-,13.7,12.83816234,2018,Nov,27
2018/11/27,UTTAR PRADESH,BANDA,0.72,-,5.82,8.122582806,2018,Nov,27
2018/11/27,UTTAR PRADESH,MUZAFFARNAGAR,0.63,-,5.12,12.03005804,2018,Nov,27
2018/11/27,UTTAR PRADESH,SANT RAVI DAS NAGAR(BHADOHI),0.94,-,6.86,10.35043581,2018,Nov,27
2018/11/27,UTTAR PRADESH,HAMIRPUR,0.09,-,0.62,8.888852802,2018,Nov,27
2018/11/27,UTTAR PRADESH,PRATAPGARH,0.19,-,1.59,12.4738715,2018,Nov,27
2018/11/27,UTTAR PRADESH,ETAWAH,0.94,-,6.81,9.806507975,2018,Nov,27
2018/11/27,UTTAR PRADESH,MORADABAD,0.98,-,7.75,11.58971051,2018,Nov,27
2018/11/27,UTTAR PRADESH,AGRA,1.05,-,8.14,10.72389501,2018,Nov,27
2018/11/27,UTTAR PRADESH,JAUNPUR,0.19,-,1.61,11.03115772,2018,Nov,27
2018/11/27,UTTAR PRADESH,KANPUR NAGAR,0.75,-,4.85,8.212672216,2018,Nov,27
2018/11/27,UTTAR PRADESH,JHANSI,1.62,-,11.87,7.859978335,2018,Nov,27
2018/11/27,UTTAR PRADESH,SIDDHARTH NAGAR,0.0,-,0.03,13.23141923,2018,Nov,27
2018/11/27,UTTAR PRADESH,MEERUT,1.35,-,9.3,11.54000809,2018,Nov,27
2018/11/27,UTTAR PRADESH,PILIBHIT,1.94,-,14.08,11.94113149,2018,Nov,27
2018/11/27,UTTAR PRADESH,SHAHJAHANPUR,0.44,-,3.76,11.76828558,2018,Nov,27
2018/11/27,UTTAR PRADESH,KANPUR DEHAT,0.62,-,3.83,9.224097517,2018,Nov,27
2018/11/27,UTTAR PRADESH,FIROZABAD,0.98,-,7.86,10.54581967,2018,Nov,27
2018/11/27,UTTAR PRADESH,AYODHYA,0.69,-,4.23,13.28384018,2018,Nov,27
2018/11/27,UTTAR PRADESH,KUSHINAGAR,0.12,-,1.06,16.83052218,2018,Nov,27
2018/11/27,UTTAR PRADESH,JALAUN,0.07,-,0.42,15.23326341,2018,Nov,27
2018/11/27,UTTAR PRADESH,GHAZIABAD,1.93,-,12.69,11.01852946,2018,Nov,27
2018/11/27,UTTAR PRADESH,ETAH,0.0,-,0.0,13.57206455,2018,Nov,27
2018/11/27,UTTAR PRADESH,BALLIA,0.01,-,0.1,11.17565778,2018,Nov,27
2018/11/27,UTTAR PRADESH,UNNAO,0.6,-,4.78,9.301517142,2018,Nov,27
2018/11/27,UTTAR PRADESH,MAU,0.19,-,1.16,12.02466983,2018,Nov,27
2018/11/27,UTTAR PRADESH,SITAPUR,0.62,-,4.48,10.95231117,2018,Nov,27
2018/11/27,UTTAR PRADESH,PRAYAGRAJ,1.32,-,11.76,10.35095215,2018,Nov,27
2018/11/27,UTTAR PRADESH,BAREILLY,1.0,-,7.27,11.54197894,2018,Nov,27
2018/11/27,UTTAR PRADESH,SHRAWASTI,0.19,-,1.62,15.43359891,2018,Nov,27
2018/11/27,UTTAR PRADESH,SULTANPUR,0.13,-,0.82,15.62225009,2018,Nov,27
2018/11/27,UTTAR PRADESH,GONDA,1.02,-,6.56,12.31391856,2018,Nov,27
2018/11/27,UTTAR PRADESH,GAUTAM BUDDHA NAGAR,1.96,-,12.76,10.78572945,2018,Nov,27
2018/11/27,UTTAR PRADESH,KANSIRAM NAGAR,1.71,-,14.43,11.65444894,2018,Nov,27
2018/11/27,UTTAR PRADESH,MAHARAJGANJ,0.24,-,2.25,15.9196934,2018,Nov,27
2018/11/27,UTTAR PRADESH,MAINPURI,0.11,-,1.03,10.64530832,2018,Nov,27
2018/11/27,UTTAR PRADESH,VARANASI,0.36,-,2.85,12.8178058,2018,Nov,27
2018/11/27,UTTAR PRADESH,AURAIYA,0.73,-,5.34,9.173111905,2018,Nov,27
2018/11/26,UTTAR PRADESH,FARRUKHABAD,1.41,-,10.3,9.525830024,2018,Nov,26
2018/11/26,UTTAR PRADESH,LUCKNOW,1.72,-,11.89,9.175401842,2018,Nov,26
2018/11/26,UTTAR PRADESH,KHERI,2.18,-,15.29,10.23674678,2018,Nov,26
2018/11/26,UTTAR PRADESH,CHANDAULI,0.59,-,4.92,11.90418957,2018,Nov,26
2018/11/26,UTTAR PRADESH,AMBEDKAR NAGAR,0.27,-,1.61,14.21834974,2018,Nov,26
2018/11/26,UTTAR PRADESH,BUDAUN,1.47,-,12.66,9.419880875,2018,Nov,26
2018/11/26,UTTAR PRADESH,BALRAMPUR,1.2,-,8.29,11.21782727,2018,Nov,26
2018/11/26,UTTAR PRADESH,BASTI,0.64,-,3.86,11.7723031,2018,Nov,26
2018/11/26,UTTAR PRADESH,RAMPUR,0.76,-,5.34,12.07099706,2018,Nov,26
2018/11/26,UTTAR PRADESH,MIRZAPUR,1.22,-,10.51,9.104638027,2018,Nov,26
2018/11/26,UTTAR PRADESH,JYOTIBA PHULE NAGAR,1.76,-,16.59,10.29587219,2018,Nov,26
2018/11/26,UTTAR PRADESH,LALITPUR,2.02,-,13.67,5.211146795,2018,Nov,26
2018/11/26,UTTAR PRADESH,MAHAMAYA NAGAR,0.07,-,0.41,14.17472155,2018,Nov,26
2018/11/26,UTTAR PRADESH,MATHURA,0.19,-,1.29,11.81540442,2018,Nov,26
2018/11/26,UTTAR PRADESH,MAHOBA,0.61,-,4.47,3.554614358,2018,Nov,26
2018/11/26,UTTAR PRADESH,CHITRAKOOT,1.25,-,11.03,8.383003661,2018,Nov,26
2018/11/26,UTTAR PRADESH,SAHARANPUR,2.22,-,16.35,13.41607466,2018,Nov,26
2018/11/26,UTTAR PRADESH,KANNAUJ,1.09,-,7.97,10.16936504,2018,Nov,26
2018/11/26,UTTAR PRADESH,SANT KABIR NAGAR,0.04,-,0.27,12.52778781,2018,Nov,26
2018/11/26,UTTAR PRADESH,SONBHADRA,0.95,-,6.63,13.19647995,2018,Nov,26
2018/11/26,UTTAR PRADESH,FATEHPUR,1.65,-,12.81,7.110099609,2018,Nov,26
2018/11/26,UTTAR PRADESH,BARA BANKI,0.33,-,1.96,12.71218153,2018,Nov,26
2018/11/26,UTTAR PRADESH,AZAMGARH,0.24,-,1.5,11.70053908,2018,Nov,26
2018/11/26,UTTAR PRADESH,BAGHPAT,1.18,-,7.85,10.77854033,2018,Nov,26
2018/11/26,UTTAR PRADESH,ALIGARH,0.48,-,3.36,13.31023105,2018,Nov,26
2018/11/26,UTTAR PRADESH,HARDOI,0.48,-,3.69,11.06958069,2018,Nov,26
2018/11/26,UTTAR PRADESH,RAE BARELI,0.98,-,8.04,10.54899677,2018,Nov,26
2018/11/26,UTTAR PRADESH,GHAZIPUR,0.76,-,6.19,10.944647,2018,Nov,26
2018/11/26,UTTAR PRADESH,KAUSHAMBI,2.0,-,15.46,7.708023936,2018,Nov,26
2018/11/26,UTTAR PRADESH,BULANDSHAHR,0.49,-,3.5,11.74124766,2018,Nov,26
2018/11/26,UTTAR PRADESH,DEORIA,0.09,-,0.52,16.03956944,2018,Nov,26
2018/11/26,UTTAR PRADESH,BAHRAICH,1.23,-,10.38,11.52512151,2018,Nov,26
2018/11/26,UTTAR PRADESH,GORAKHPUR,0.57,-,3.77,12.78843135,2018,Nov,26
2018/11/26,UTTAR PRADESH,BIJNOR,1.77,-,14.12,12.92099168,2018,Nov,26
2018/11/26,UTTAR PRADESH,BANDA,0.72,-,5.84,8.147002913,2018,Nov,26
2018/11/26,UTTAR PRADESH,MUZAFFARNAGAR,0.65,-,5.34,12.09186593,2018,Nov,26
2018/11/26,UTTAR PRADESH,SANT RAVI DAS NAGAR(BHADOHI),0.97,-,7.0,10.37435243,2018,Nov,26
2018/11/26,UTTAR PRADESH,HAMIRPUR,0.09,-,0.63,8.905314271,2018,Nov,26
2018/11/26,UTTAR PRADESH,PRATAPGARH,0.19,-,1.61,12.50235563,2018,Nov,26
2018/11/26,UTTAR PRADESH,ETAWAH,0.94,-,6.88,9.830568805,2018,Nov,26
2018/11/26,UTTAR PRADESH,MORADABAD,1.02,-,8.07,11.62048084,2018,Nov,26
2018/11/26,UTTAR PRADESH,AGRA,1.06,-,8.21,10.75047322,2018,Nov,26
2018/11/26,UTTAR PRADESH,JAUNPUR,0.19,-,1.63,11.04769784,2018,Nov,26
2018/11/26,UTTAR PRADESH,KANPUR NAGAR,0.76,-,4.89,8.22333382,2018,Nov,26
2018/11/26,UTTAR PRADESH,JHANSI,1.63,-,11.97,7.878040792,2018,Nov,26
2018/11/26,UTTAR PRADESH,SIDDHARTH NAGAR,0.0,-,0.03,13.23593792,2018,Nov,26
2018/11/26,UTTAR PRADESH,MEERUT,1.37,-,9.42,11.59067186,2018,Nov,26
2018/11/26,UTTAR PRADESH,PILIBHIT,1.97,-,14.29,11.98495373,2018,Nov,26
2018/11/26,UTTAR PRADESH,SHAHJAHANPUR,0.45,-,3.85,11.78237686,2018,Nov,26
2018/11/26,UTTAR PRADESH,KANPUR DEHAT,0.63,-,3.89,9.237228153,2018,Nov,26
2018/11/26,UTTAR PRADESH,FIROZABAD,0.99,-,7.91,10.56188147,2018,Nov,26
2018/11/26,UTTAR PRADESH,AYODHYA,0.7,-,4.28,13.29079516,2018,Nov,26
2018/11/26,UTTAR PRADESH,KUSHINAGAR,0.12,-,1.1,16.84101778,2018,Nov,26
2018/11/26,UTTAR PRADESH,JALAUN,0.07,-,0.43,15.25062304,2018,Nov,26
2018/11/26,UTTAR PRADESH,GHAZIABAD,1.95,-,12.8,11.10567368,2018,Nov,26
2018/11/26,UTTAR PRADESH,ETAH,0.0,-,0.0,13.58304598,2018,Nov,26
2018/11/26,UTTAR PRADESH,BALLIA,0.01,-,0.1,11.20610879,2018,Nov,26
2018/11/26,UTTAR PRADESH,UNNAO,0.61,-,4.81,9.310834197,2018,Nov,26
2018/11/26,UTTAR PRADESH,MAU,0.2,-,1.22,12.0401631,2018,Nov,26
2018/11/26,UTTAR PRADESH,SITAPUR,0.63,-,4.52,10.96312538,2018,Nov,26
2018/11/26,UTTAR PRADESH,PRAYAGRAJ,1.33,-,11.86,10.38093803,2018,Nov,26
2018/11/26,UTTAR PRADESH,BAREILLY,1.03,-,7.44,11.57110596,2018,Nov,26
2018/11/26,UTTAR PRADESH,SHRAWASTI,0.2,-,1.69,15.43991521,2018,Nov,26
2018/11/26,UTTAR PRADESH,SULTANPUR,0.13,-,0.84,15.63062638,2018,Nov,26
2018/11/26,UTTAR PRADESH,GONDA,1.03,-,6.65,12.32599024,2018,Nov,26
2018/11/26,UTTAR PRADESH,GAUTAM BUDDHA NAGAR,1.97,-,12.85,10.83968448,2018,Nov,26
2018/11/26,UTTAR PRADESH,KANSIRAM NAGAR,1.71,-,14.47,11.67864427,2018,Nov,26
2018/11/26,UTTAR PRADESH,MAHARAJGANJ,0.25,-,2.29,15.93929138,2018,Nov,26
2018/11/26,UTTAR PRADESH,MAINPURI,0.11,-,1.03,10.65403925,2018,Nov,26
2018/11/26,UTTAR PRADESH,VARANASI,0.38,-,2.97,12.84956936,2018,Nov,26
2018/11/26,UTTAR PRADESH,AURAIYA,0.73,-,5.37,9.192634606,2018,Nov,26
2018/11/25,UTTAR PRADESH,FARRUKHABAD,1.42,-,10.35,9.567699962,2018,Nov,25
2018/11/25,UTTAR PRADESH,LUCKNOW,1.73,-,11.98,9.194413701,2018,Nov,25
2018/11/25,UTTAR PRADESH,KHERI,2.2,-,15.46,10.27810812,2018,Nov,25
2018/11/25,UTTAR PRADESH,CHANDAULI,0.6,-,5.01,11.96957892,2018,Nov,25
2018/11/25,UTTAR PRADESH,AMBEDKAR NAGAR,0.27,-,1.62,14.22127956,2018,Nov,25
2018/11/25,UTTAR PRADESH,BUDAUN,1.49,-,12.79,9.437203461,2018,Nov,25
2018/11/25,UTTAR PRADESH,BALRAMPUR,1.23,-,8.51,11.22727816,2018,Nov,25
2018/11/25,UTTAR PRADESH,BASTI,0.64,-,3.89,11.77969286,2018,Nov,25
2018/11/25,UTTAR PRADESH,RAMPUR,0.79,-,5.58,12.09944965,2018,Nov,25
2018/11/25,UTTAR PRADESH,MIRZAPUR,1.24,-,10.66,9.1933654,2018,Nov,25
2018/11/25,UTTAR PRADESH,JYOTIBA PHULE NAGAR,1.8,-,16.93,10.33146104,2018,Nov,25
2018/11/25,UTTAR PRADESH,LALITPUR,2.04,-,13.78,5.233788768,2018,Nov,25
2018/11/25,UTTAR PRADESH,MAHAMAYA NAGAR,0.07,-,0.42,14.17958197,2018,Nov,25
2018/11/25,UTTAR PRADESH,MATHURA,0.2,-,1.3,11.82566451,2018,Nov,25
2018/11/25,UTTAR PRADESH,MAHOBA,0.61,-,4.54,3.570516278,2018,Nov,25
2018/11/25,UTTAR PRADESH,CHITRAKOOT,1.25,-,11.07,8.411172706,2018,Nov,25
2018/11/25,UTTAR PRADESH,SAHARANPUR,2.29,-,16.9,13.49510024,2018,Nov,25
2018/11/25,UTTAR PRADESH,KANNAUJ,1.1,-,8.03,10.20016223,2018,Nov,25
2018/11/25,UTTAR PRADESH,SANT KABIR NAGAR,0.04,-,0.3,12.53173834,2018,Nov,25
2018/11/25,UTTAR PRADESH,SONBHADRA,0.96,-,6.72,13.29169562,2018,Nov,25
2018/11/25,UTTAR PRADESH,FATEHPUR,1.65,-,12.86,7.117773927,2018,Nov,25
2018/11/25,UTTAR PRADESH,BARA BANKI,0.33,-,1.99,12.72093869,2018,Nov,25
2018/11/25,UTTAR PRADESH,AZAMGARH,0.24,-,1.53,11.70941282,2018,Nov,25
2018/11/25,UTTAR PRADESH,BAGHPAT,1.2,-,7.98,10.83794362,2018,Nov,25
2018/11/25,UTTAR PRADESH,ALIGARH,0.48,-,3.36,13.32036359,2018,Nov,25
2018/11/25,UTTAR PRADESH,HARDOI,0.48,-,3.74,11.09104109,2018,Nov,25
2018/11/25,UTTAR PRADESH,RAE BARELI,0.98,-,8.1,10.56050675,2018,Nov,25
2018/11/25,UTTAR PRADESH,GHAZIPUR,0.78,-,6.38,10.9701243,2018,Nov,25
2018/11/25,UTTAR PRADESH,KAUSHAMBI,2.01,-,15.55,7.725583414,2018,Nov,25
2018/11/25,UTTAR PRADESH,BULANDSHAHR,0.49,-,3.54,11.75246338,2018,Nov,25
2018/11/25,UTTAR PRADESH,DEORIA,0.09,-,0.52,16.04838272,2018,Nov,25
2018/11/25,UTTAR PRADESH,BAHRAICH,1.24,-,10.52,11.54287704,2018,Nov,25
2018/11/25,UTTAR PRADESH,GORAKHPUR,0.58,-,3.83,12.79999926,2018,Nov,25
2018/11/25,UTTAR PRADESH,BIJNOR,1.83,-,14.52,13.00150421,2018,Nov,25
2018/11/25,UTTAR PRADESH,BANDA,0.72,-,5.86,8.161707093,2018,Nov,25
2018/11/25,UTTAR PRADESH,MUZAFFARNAGAR,0.67,-,5.52,12.149525,2018,Nov,25
2018/11/25,UTTAR PRADESH,SANT RAVI DAS NAGAR(BHADOHI),0.98,-,7.13,10.41122929,2018,Nov,25
2018/11/25,UTTAR PRADESH,HAMIRPUR,0.09,-,0.64,8.921397182,2018,Nov,25
2018/11/25,UTTAR PRADESH,PRATAPGARH,0.19,-,1.62,12.52346741,2018,Nov,25
2018/11/25,UTTAR PRADESH,ETAWAH,0.95,-,6.94,9.850781394,2018,Nov,25
2018/11/25,UTTAR PRADESH,MORADABAD,1.06,-,8.4,11.65309035,2018,Nov,25
2018/11/25,UTTAR PRADESH,AGRA,1.07,-,8.3,10.77017515,2018,Nov,25
2018/11/25,UTTAR PRADESH,JAUNPUR,0.19,-,1.64,11.06684801,2018,Nov,25
2018/11/25,UTTAR PRADESH,KANPUR NAGAR,0.77,-,4.95,8.231272216,2018,Nov,25
2018/11/25,UTTAR PRADESH,JHANSI,1.65,-,12.09,7.900741559,2018,Nov,25
2018/11/25,UTTAR PRADESH,SIDDHARTH NAGAR,0.0,-,0.03,13.23936847,2018,Nov,25
2018/11/25,UTTAR PRADESH,MEERUT,1.39,-,9.52,11.64663808,2018,Nov,25
2018/11/25,UTTAR PRADESH,PILIBHIT,2.0,-,14.53,12.02325958,2018,Nov,25
2018/11/25,UTTAR PRADESH,SHAHJAHANPUR,0.46,-,3.93,11.79558478,2018,Nov,25
2018/11/25,UTTAR PRADESH,KANPUR DEHAT,0.63,-,3.91,9.252676571,2018,Nov,25
2018/11/25,UTTAR PRADESH,FIROZABAD,0.99,-,7.94,10.57342466,2018,Nov,25
2018/11/25,UTTAR PRADESH,AYODHYA,0.71,-,4.33,13.29829398,2018,Nov,25
2018/11/25,UTTAR PRADESH,KUSHINAGAR,0.13,-,1.16,16.84591328,2018,Nov,25
2018/11/25,UTTAR PRADESH,JALAUN,0.07,-,0.43,15.26989337,2018,Nov,25
2018/11/25,UTTAR PRADESH,GHAZIABAD,1.96,-,12.91,11.17490976,2018,Nov,25
2018/11/25,UTTAR PRADESH,ETAH,0.0,-,0.0,13.59067552,2018,Nov,25
2018/11/25,UTTAR PRADESH,BALLIA,0.01,-,0.11,11.24032613,2018,Nov,25
2018/11/25,UTTAR PRADESH,UNNAO,0.61,-,4.85,9.319933798,2018,Nov,25
2018/11/25,UTTAR PRADESH,MAU,0.21,-,1.25,12.04996756,2018,Nov,25
2018/11/25,UTTAR PRADESH,SITAPUR,0.63,-,4.57,10.97002561,2018,Nov,25
2018/11/25,UTTAR PRADESH,PRAYAGRAJ,1.35,-,11.95,10.41843585,2018,Nov,25
2018/11/25,UTTAR PRADESH,BAREILLY,1.06,-,7.66,11.59862301,2018,Nov,25
2018/11/25,UTTAR PRADESH,SHRAWASTI,0.21,-,1.77,15.45055363,2018,Nov,25
2018/11/25,UTTAR PRADESH,SULTANPUR,0.13,-,0.86,15.64311472,2018,Nov,25
2018/11/25,UTTAR PRADESH,GONDA,1.05,-,6.8,12.33898982,2018,Nov,25
2018/11/25,UTTAR PRADESH,GAUTAM BUDDHA NAGAR,1.97,-,12.88,10.88921784,2018,Nov,25
2018/11/25,UTTAR PRADESH,KANSIRAM NAGAR,1.71,-,14.49,11.70073174,2018,Nov,25
2018/11/25,UTTAR PRADESH,MAHARAJGANJ,0.25,-,2.32,15.9554079,2018,Nov,25
2018/11/25,UTTAR PRADESH,MAINPURI,0.11,-,1.04,10.66262685,2018,Nov,25
2018/11/25,UTTAR PRADESH,VARANASI,0.39,-,3.07,12.88842088,2018,Nov,25
2018/11/25,UTTAR PRADESH,AURAIYA,0.74,-,5.4,9.216417185,2018,Nov,25
2018/11/24,UTTAR PRADESH,FARRUKHABAD,1.42,-,10.42,9.598851744,2018,Nov,24
2018/11/24,UTTAR PRADESH,LUCKNOW,1.74,-,12.07,9.204506005,2018,Nov,24
2018/11/24,UTTAR PRADESH,KHERI,2.22,-,15.57,10.30269355,2018,Nov,24
2018/11/24,UTTAR PRADESH,CHANDAULI,0.61,-,5.09,12.00307697,2018,Nov,24
2018/11/24,UTTAR PRADESH,AMBEDKAR NAGAR,0.28,-,1.63,14.22446425,2018,Nov,24
2018/11/24,UTTAR PRADESH,BUDAUN,1.5,-,12.89,9.451685567,2018,Nov,24
2018/11/24,UTTAR PRADESH,BALRAMPUR,1.25,-,8.63,11.23634747,2018,Nov,24
2018/11/24,UTTAR PRADESH,BASTI,0.65,-,3.92,11.78816307,2018,Nov,24
2018/11/24,UTTAR PRADESH,RAMPUR,0.81,-,5.74,12.12017474,2018,Nov,24
2018/11/24,UTTAR PRADESH,MIRZAPUR,1.25,-,10.74,9.232756807,2018,Nov,24
2018/11/24,UTTAR PRADESH,JYOTIBA PHULE NAGAR,1.82,-,17.12,10.36052871,2018,Nov,24
2018/11/24,UTTAR PRADESH,LALITPUR,2.05,-,13.85,5.246122139,2018,Nov,24
2018/11/24,UTTAR PRADESH,MAHAMAYA NAGAR,0.07,-,0.42,14.18554507,2018,Nov,24
2018/11/24,UTTAR PRADESH,MATHURA,0.2,-,1.31,11.83523692,2018,Nov,24
2018/11/24,UTTAR PRADESH,MAHOBA,0.62,-,4.61,3.584913891,2018,Nov,24
2018/11/24,UTTAR PRADESH,CHITRAKOOT,1.26,-,11.11,8.433662369,2018,Nov,24
2018/11/24,UTTAR PRADESH,SAHARANPUR,2.33,-,17.21,13.53753844,2018,Nov,24
2018/11/24,UTTAR PRADESH,KANNAUJ,1.11,-,8.11,10.22320379,2018,Nov,24
2018/11/24,UTTAR PRADESH,SANT KABIR NAGAR,0.04,-,0.31,12.53559616,2018,Nov,24
2018/11/24,UTTAR PRADESH,SONBHADRA,0.97,-,6.79,13.32004095,2018,Nov,24
2018/11/24,UTTAR PRADESH,FATEHPUR,1.66,-,12.92,7.127291083,2018,Nov,24
2018/11/24,UTTAR PRADESH,BARA BANKI,0.33,-,2.0,12.72775362,2018,Nov,24
2018/11/24,UTTAR PRADESH,AZAMGARH,0.25,-,1.56,11.71444156,2018,Nov,24
2018/11/24,UTTAR PRADESH,BAGHPAT,1.21,-,8.07,10.87226103,2018,Nov,24
2018/11/24,UTTAR PRADESH,ALIGARH,0.48,-,3.38,13.32555663,2018,Nov,24
2018/11/24,UTTAR PRADESH,HARDOI,0.49,-,3.78,11.1010861,2018,Nov,24
2018/11/24,UTTAR PRADESH,RAE BARELI,0.99,-,8.16,10.56852825,2018,Nov,24
2018/11/24,UTTAR PRADESH,GHAZIPUR,0.8,-,6.5,10.9891959,2018,Nov,24
2018/11/24,UTTAR PRADESH,KAUSHAMBI,2.02,-,15.64,7.738682239,2018,Nov,24
2018/11/24,UTTAR PRADESH,BULANDSHAHR,0.5,-,3.56,11.7596703,2018,Nov,24
2018/11/24,UTTAR PRADESH,DEORIA,0.09,-,0.53,16.05165409,2018,Nov,24
2018/11/24,UTTAR PRADESH,BAHRAICH,1.26,-,10.61,11.55569964,2018,Nov,24
2018/11/24,UTTAR PRADESH,GORAKHPUR,0.59,-,3.85,12.80750247,2018,Nov,24
2018/11/24,UTTAR PRADESH,BIJNOR,1.86,-,14.76,13.04860035,2018,Nov,24
2018/11/24,UTTAR PRADESH,BANDA,0.72,-,5.89,8.168490544,2018,Nov,24
2018/11/24,UTTAR PRADESH,MUZAFFARNAGAR,0.69,-,5.65,12.17841878,2018,Nov,24
2018/11/24,UTTAR PRADESH,SANT RAVI DAS NAGAR(BHADOHI),1.0,-,7.24,10.42302156,2018,Nov,24
2018/11/24,UTTAR PRADESH,HAMIRPUR,0.09,-,0.64,8.92673084,2018,Nov,24
2018/11/24,UTTAR PRADESH,PRATAPGARH,0.19,-,1.63,12.53757901,2018,Nov,24
2018/11/24,UTTAR PRADESH,ETAWAH,0.97,-,7.03,9.864208453,2018,Nov,24
2018/11/24,UTTAR PRADESH,MORADABAD,1.09,-,8.65,11.6740524,2018,Nov,24
2018/11/24,UTTAR PRADESH,AGRA,1.08,-,8.36,10.78882963,2018,Nov,24
2018/11/24,UTTAR PRADESH,JAUNPUR,0.19,-,1.66,11.07794357,2018,Nov,24
2018/11/24,UTTAR PRADESH,KANPUR NAGAR,0.77,-,4.97,8.243705886,2018,Nov,24
2018/11/24,UTTAR PRADESH,JHANSI,1.66,-,12.18,7.909292016,2018,Nov,24
2018/11/24,UTTAR PRADESH,SIDDHARTH NAGAR,0.0,-,0.03,13.24338834,2018,Nov,24
2018/11/24,UTTAR PRADESH,MEERUT,1.4,-,9.6,11.67168363,2018,Nov,24
2018/11/24,UTTAR PRADESH,PILIBHIT,2.03,-,14.7,12.05037534,2018,Nov,24
2018/11/24,UTTAR PRADESH,SHAHJAHANPUR,0.47,-,3.99,11.80540106,2018,Nov,24
2018/11/24,UTTAR PRADESH,KANPUR DEHAT,0.64,-,3.94,9.26307361,2018,Nov,24
2018/11/24,UTTAR PRADESH,FIROZABAD,1.0,-,7.98,10.58729118,2018,Nov,24
2018/11/24,UTTAR PRADESH,AYODHYA,0.71,-,4.36,13.30423031,2018,Nov,24
2018/11/24,UTTAR PRADESH,KUSHINAGAR,0.13,-,1.19,16.84992762,2018,Nov,24
2018/11/24,UTTAR PRADESH,JALAUN,0.07,-,0.44,15.27943722,2018,Nov,24
2018/11/24,UTTAR PRADESH,GHAZIABAD,1.98,-,12.99,11.21748121,2018,Nov,24
2018/11/24,UTTAR PRADESH,ETAH,0.0,-,0.0,13.59381931,2018,Nov,24
2018/11/24,UTTAR PRADESH,BALLIA,0.02,-,0.11,11.2603728,2018,Nov,24
2018/11/24,UTTAR PRADESH,UNNAO,0.62,-,4.87,9.327550772,2018,Nov,24
2018/11/24,UTTAR PRADESH,MAU,0.21,-,1.28,12.05442253,2018,Nov,24
2018/11/24,UTTAR PRADESH,SITAPUR,0.64,-,4.61,10.97598745,2018,Nov,24
2018/11/24,UTTAR PRADESH,PRAYAGRAJ,1.35,-,12.02,10.43375396,2018,Nov,24
2018/11/24,UTTAR PRADESH,BAREILLY,1.08,-,7.8,11.62085771,2018,Nov,24
2018/11/24,UTTAR PRADESH,SHRAWASTI,0.21,-,1.81,15.45558565,2018,Nov,24
2018/11/24,UTTAR PRADESH,SULTANPUR,0.14,-,0.87,15.65100902,2018,Nov,24
2018/11/24,UTTAR PRADESH,GONDA,1.07,-,6.88,12.35002753,2018,Nov,24
2018/11/24,UTTAR PRADESH,GAUTAM BUDDHA NAGAR,1.98,-,12.92,10.9232259,2018,Nov,24
2018/11/24,UTTAR PRADESH,KANSIRAM NAGAR,1.72,-,14.53,11.71429987,2018,Nov,24
2018/11/24,UTTAR PRADESH,MAHARAJGANJ,0.25,-,2.33,15.96143752,2018,Nov,24
2018/11/24,UTTAR PRADESH,MAINPURI,0.11,-,1.04,10.66764327,2018,Nov,24
2018/11/24,UTTAR PRADESH,VARANASI,0.4,-,3.15,12.90353748,2018,Nov,24
2018/11/24,UTTAR PRADESH,AURAIYA,0.74,-,5.45,9.226956263,2018,Nov,24
2018/11/23,UTTAR PRADESH,FARRUKHABAD,1.43,-,10.47,9.631038593,2018,Nov,23
2018/11/23,UTTAR PRADESH,LUCKNOW,1.76,-,12.17,9.216681783,2018,Nov,23
2018/11/23,UTTAR PRADESH,KHERI,2.23,-,15.67,10.3316752,2018,Nov,23
2018/11/23,UTTAR PRADESH,CHANDAULI,0.62,-,5.15,12.03923804,2018,Nov,23
2018/11/23,UTTAR PRADESH,AMBEDKAR NAGAR,0.28,-,1.64,14.22672173,2018,Nov,23
2018/11/23,UTTAR PRADESH,BUDAUN,1.51,-,13.0,9.469618911,2018,Nov,23
2018/11/23,UTTAR PRADESH,BALRAMPUR,1.27,-,8.82,11.25357193,2018,Nov,23
2018/11/23,UTTAR PRADESH,BASTI,0.65,-,3.96,11.79434506,2018,Nov,23
2018/11/23,UTTAR PRADESH,RAMPUR,0.83,-,5.86,12.13140329,2018,Nov,23
2018/11/23,UTTAR PRADESH,MIRZAPUR,1.26,-,10.85,9.282436135,2018,Nov,23
2018/11/23,UTTAR PRADESH,JYOTIBA PHULE NAGAR,1.84,-,17.29,10.37573765,2018,Nov,23
2018/11/23,UTTAR PRADESH,LALITPUR,2.06,-,13.93,5.256126058,2018,Nov,23
2018/11/23,UTTAR PRADESH,MAHAMAYA NAGAR,0.07,-,0.43,14.18773778,2018,Nov,23
2018/11/23,UTTAR PRADESH,MATHURA,0.2,-,1.31,11.84287207,2018,Nov,23
2018/11/23,UTTAR PRADESH,MAHOBA,0.63,-,4.67,3.596876689,2018,Nov,23
2018/11/23,UTTAR PRADESH,CHITRAKOOT,1.26,-,11.13,8.453950275,2018,Nov,23
2018/11/23,UTTAR PRADESH,SAHARANPUR,2.38,-,17.55,13.58254079,2018,Nov,23
2018/11/23,UTTAR PRADESH,KANNAUJ,1.11,-,8.15,10.25084674,2018,Nov,23
2018/11/23,UTTAR PRADESH,SANT KABIR NAGAR,0.05,-,0.33,12.53679117,2018,Nov,23
2018/11/23,UTTAR PRADESH,SONBHADRA,0.98,-,6.87,13.36317169,2018,Nov,23
2018/11/23,UTTAR PRADESH,FATEHPUR,1.67,-,12.96,7.133973249,2018,Nov,23
2018/11/23,UTTAR PRADESH,BARA BANKI,0.33,-,2.02,12.7346691,2018,Nov,23
2018/11/23,UTTAR PRADESH,AZAMGARH,0.25,-,1.58,11.72451431,2018,Nov,23
2018/11/23,UTTAR PRADESH,BAGHPAT,1.22,-,8.18,10.90359451,2018,Nov,23
2018/11/23,UTTAR PRADESH,ALIGARH,0.48,-,3.39,13.33153883,2018,Nov,23
2018/11/23,UTTAR PRADESH,HARDOI,0.49,-,3.83,11.11417637,2018,Nov,23
2018/11/23,UTTAR PRADESH,RAE BARELI,1.0,-,8.21,10.57589686,2018,Nov,23
2018/11/23,UTTAR PRADESH,GHAZIPUR,0.82,-,6.62,11.00693287,2018,Nov,23
2018/11/23,UTTAR PRADESH,KAUSHAMBI,2.04,-,15.72,7.749543356,2018,Nov,23
2018/11/23,UTTAR PRADESH,BULANDSHAHR,0.5,-,3.59,11.77829702,2018,Nov,23
2018/11/23,UTTAR PRADESH,DEORIA,0.09,-,0.53,16.05761393,2018,Nov,23
2018/11/23,UTTAR PRADESH,BAHRAICH,1.26,-,10.7,11.57153193,2018,Nov,23
2018/11/23,UTTAR PRADESH,GORAKHPUR,0.59,-,3.9,12.81471947,2018,Nov,23
2018/11/23,UTTAR PRADESH,BIJNOR,1.89,-,14.99,13.09109189,2018,Nov,23
2018/11/23,UTTAR PRADESH,BANDA,0.72,-,5.9,8.180112843,2018,Nov,23
2018/11/23,UTTAR PRADESH,MUZAFFARNAGAR,0.7,-,5.76,12.21530993,2018,Nov,23
2018/11/23,UTTAR PRADESH,SANT RAVI DAS NAGAR(BHADOHI),1.01,-,7.37,10.43191648,2018,Nov,23
2018/11/23,UTTAR PRADESH,HAMIRPUR,0.09,-,0.65,8.940824326,2018,Nov,23
2018/11/23,UTTAR PRADESH,PRATAPGARH,0.2,-,1.64,12.5546116,2018,Nov,23
2018/11/23,UTTAR PRADESH,ETAWAH,0.97,-,7.07,9.880048562,2018,Nov,23
2018/11/23,UTTAR PRADESH,MORADABAD,1.11,-,8.84,11.6935062,2018,Nov,23
2018/11/23,UTTAR PRADESH,AGRA,1.08,-,8.42,10.80993915,2018,Nov,23
2018/11/23,UTTAR PRADESH,JAUNPUR,0.19,-,1.67,11.09093159,2018,Nov,23
2018/11/23,UTTAR PRADESH,KANPUR NAGAR,0.78,-,5.02,8.250804012,2018,Nov,23
2018/11/23,UTTAR PRADESH,JHANSI,1.68,-,12.29,7.923944078,2018,Nov,23
2018/11/23,UTTAR PRADESH,SIDDHARTH NAGAR,0.0,-,0.03,13.24493647,2018,Nov,23
2018/11/23,UTTAR PRADESH,MEERUT,1.41,-,9.68,11.70846763,2018,Nov,23
2018/11/23,UTTAR PRADESH,PILIBHIT,2.05,-,14.82,12.08050709,2018,Nov,23
2018/11/23,UTTAR PRADESH,SHAHJAHANPUR,0.48,-,4.06,11.82256168,2018,Nov,23
2018/11/23,UTTAR PRADESH,KANPUR DEHAT,0.64,-,3.97,9.271699887,2018,Nov,23
2018/11/23,UTTAR PRADESH,FIROZABAD,1.0,-,8.01,10.60241332,2018,Nov,23
2018/11/23,UTTAR PRADESH,AYODHYA,0.72,-,4.4,13.31330694,2018,Nov,23
2018/11/23,UTTAR PRADESH,KUSHINAGAR,0.14,-,1.25,16.85618737,2018,Nov,23
2018/11/23,UTTAR PRADESH,JALAUN,0.07,-,0.44,15.29240008,2018,Nov,23
2018/11/23,UTTAR PRADESH,GHAZIABAD,1.99,-,13.05,11.27291849,2018,Nov,23
2018/11/23,UTTAR PRADESH,ETAH,0.0,-,0.0,13.60011022,2018,Nov,23
2018/11/23,UTTAR PRADESH,BALLIA,0.02,-,0.12,11.28350724,2018,Nov,23
2018/11/23,UTTAR PRADESH,UNNAO,0.62,-,4.9,9.332435386,2018,Nov,23
2018/11/23,UTTAR PRADESH,MAU,0.22,-,1.31,12.06488035,2018,Nov,23
2018/11/23,UTTAR PRADESH,SITAPUR,0.65,-,4.65,10.98315658,2018,Nov,23
2018/11/23,UTTAR PRADESH,PRAYAGRAJ,1.36,-,12.1,10.45726008,2018,Nov,23
2018/11/23,UTTAR PRADESH,BAREILLY,1.1,-,7.93,11.64144978,2018,Nov,23
2018/11/23,UTTAR PRADESH,SHRAWASTI,0.22,-,1.87,15.46300405,2018,Nov,23
2018/11/23,UTTAR PRADESH,SULTANPUR,0.14,-,0.89,15.66257852,2018,Nov,23
2018/11/23,UTTAR PRADESH,GONDA,1.08,-,6.99,12.35863118,2018,Nov,23
2018/11/23,UTTAR PRADESH,GAUTAM BUDDHA NAGAR,1.99,-,12.98,10.95445042,2018,Nov,23
2018/11/23,UTTAR PRADESH,KANSIRAM NAGAR,1.72,-,14.56,11.72926722,2018,Nov,23
2018/11/23,UTTAR PRADESH,MAHARAJGANJ,0.26,-,2.35,15.97321616,2018,Nov,23
2018/11/23,UTTAR PRADESH,MAINPURI,0.11,-,1.05,10.67482908,2018,Nov,23
2018/11/23,UTTAR PRADESH,VARANASI,0.41,-,3.21,12.9323673,2018,Nov,23
2018/11/23,UTTAR PRADESH,AURAIYA,0.75,-,5.47,9.244617286,2018,Nov,23
2018/11/22,UTTAR PRADESH,FARRUKHABAD,1.44,-,10.53,9.677056607,2018,Nov,22
2018/11/22,UTTAR PRADESH,LUCKNOW,1.77,-,12.25,9.238201423,2018,Nov,22
2018/11/22,UTTAR PRADESH,KHERI,2.27,-,15.88,10.38937169,2018,Nov,22
2018/11/22,UTTAR PRADESH,CHANDAULI,0.63,-,5.27,12.12158806,2018,Nov,22
2018/11/22,UTTAR PRADESH,AMBEDKAR NAGAR,0.28,-,1.66,14.22843675,2018,Nov,22
2018/11/22,UTTAR PRADESH,BUDAUN,1.53,-,13.17,9.489998176,2018,Nov,22
2018/11/22,UTTAR PRADESH,BALRAMPUR,1.31,-,9.08,11.26823151,2018,Nov,22
2018/11/22,UTTAR PRADESH,BASTI,0.66,-,3.99,11.80126185,2018,Nov,22
2018/11/22,UTTAR PRADESH,RAMPUR,0.87,-,6.14,12.16481673,2018,Nov,22
2018/11/22,UTTAR PRADESH,MIRZAPUR,1.28,-,11.0,9.386000919,2018,Nov,22
2018/11/22,UTTAR PRADESH,JYOTIBA PHULE NAGAR,1.87,-,17.6,10.41047086,2018,Nov,22
2018/11/22,UTTAR PRADESH,LALITPUR,2.07,-,14.04,5.288080109,2018,Nov,22
2018/11/22,UTTAR PRADESH,MAHAMAYA NAGAR,0.07,-,0.44,14.19550444,2018,Nov,22
2018/11/22,UTTAR PRADESH,MATHURA,0.2,-,1.32,11.8550541,2018,Nov,22
2018/11/22,UTTAR PRADESH,MAHOBA,0.64,-,4.7,3.631752887,2018,Nov,22
2018/11/22,UTTAR PRADESH,CHITRAKOOT,1.26,-,11.18,8.496516767,2018,Nov,22
2018/11/22,UTTAR PRADESH,SAHARANPUR,2.48,-,18.3,13.68743611,2018,Nov,22
2018/11/22,UTTAR PRADESH,KANNAUJ,1.13,-,8.23,10.29486829,2018,Nov,22
2018/11/22,UTTAR PRADESH,SANT KABIR NAGAR,0.05,-,0.35,12.55026284,2018,Nov,22
2018/11/22,UTTAR PRADESH,SONBHADRA,0.99,-,6.97,13.47144319,2018,Nov,22
2018/11/22,UTTAR PRADESH,FATEHPUR,1.68,-,13.03,7.150649502,2018,Nov,22
2018/11/22,UTTAR PRADESH,BARA BANKI,0.34,-,2.05,12.74347888,2018,Nov,22
2018/11/22,UTTAR PRADESH,AZAMGARH,0.26,-,1.63,11.73697889,2018,Nov,22
2018/11/22,UTTAR PRADESH,BAGHPAT,1.25,-,8.33,10.99149848,2018,Nov,22
2018/11/22,UTTAR PRADESH,ALIGARH,0.48,-,3.41,13.34461418,2018,Nov,22
2018/11/22,UTTAR PRADESH,HARDOI,0.5,-,3.9,11.13552527,2018,Nov,22
2018/11/22,UTTAR PRADESH,RAE BARELI,1.01,-,8.29,10.58653384,2018,Nov,22
2018/11/22,UTTAR PRADESH,GHAZIPUR,0.84,-,6.84,11.03482009,2018,Nov,22
2018/11/22,UTTAR PRADESH,KAUSHAMBI,2.05,-,15.82,7.776647107,2018,Nov,22
2018/11/22,UTTAR PRADESH,BULANDSHAHR,0.51,-,3.63,11.79535022,2018,Nov,22
2018/11/22,UTTAR PRADESH,DEORIA,0.09,-,0.53,16.06427063,2018,Nov,22
2018/11/22,UTTAR PRADESH,BAHRAICH,1.29,-,10.87,11.59662409,2018,Nov,22
2018/11/22,UTTAR PRADESH,GORAKHPUR,0.6,-,3.95,12.82907022,2018,Nov,22
2018/11/22,UTTAR PRADESH,BIJNOR,1.96,-,15.45,13.18191841,2018,Nov,22
2018/11/22,UTTAR PRADESH,BANDA,0.73,-,5.92,8.204394891,2018,Nov,22
2018/11/22,UTTAR PRADESH,MUZAFFARNAGAR,0.74,-,6.04,12.29827131,2018,Nov,22
2018/11/22,UTTAR PRADESH,SANT RAVI DAS NAGAR(BHADOHI),1.04,-,7.51,10.47965954,2018,Nov,22
2018/11/22,UTTAR PRADESH,HAMIRPUR,0.1,-,0.67,8.960057778,2018,Nov,22
2018/11/22,UTTAR PRADESH,PRATAPGARH,0.2,-,1.66,12.58197901,2018,Nov,22
2018/11/22,UTTAR PRADESH,ETAWAH,0.99,-,7.16,9.911915355,2018,Nov,22
2018/11/22,UTTAR PRADESH,MORADABAD,1.17,-,9.27,11.72784121,2018,Nov,22
2018/11/22,UTTAR PRADESH,AGRA,1.1,-,8.51,10.84568542,2018,Nov,22
2018/11/22,UTTAR PRADESH,JAUNPUR,0.19,-,1.68,11.11170763,2018,Nov,22
2018/11/22,UTTAR PRADESH,KANPUR NAGAR,0.78,-,5.06,8.265688332,2018,Nov,22
2018/11/22,UTTAR PRADESH,JHANSI,1.69,-,12.39,7.953761265,2018,Nov,22
2018/11/22,UTTAR PRADESH,SIDDHARTH NAGAR,0.01,-,0.03,13.24926514,2018,Nov,22
2018/11/22,UTTAR PRADESH,MEERUT,1.43,-,9.82,11.77612462,2018,Nov,22
2018/11/22,UTTAR PRADESH,PILIBHIT,2.09,-,15.12,12.13086618,2018,Nov,22
2018/11/22,UTTAR PRADESH,SHAHJAHANPUR,0.49,-,4.19,11.84065599,2018,Nov,22
2018/11/22,UTTAR PRADESH,KANPUR DEHAT,0.65,-,4.01,9.28369494,2018,Nov,22
2018/11/22,UTTAR PRADESH,FIROZABAD,1.01,-,8.05,10.62722316,2018,Nov,22
2018/11/22,UTTAR PRADESH,AYODHYA,0.73,-,4.46,13.32299124,2018,Nov,22
2018/11/22,UTTAR PRADESH,KUSHINAGAR,0.15,-,1.3,16.86120366,2018,Nov,22
2018/11/22,UTTAR PRADESH,JALAUN,0.08,-,0.45,15.31811596,2018,Nov,22
2018/11/22,UTTAR PRADESH,GHAZIABAD,2.0,-,13.17,11.3839174,2018,Nov,22
2018/11/22,UTTAR PRADESH,ETAH,0.0,-,0.0,13.60913697,2018,Nov,22
2018/11/22,UTTAR PRADESH,BALLIA,0.02,-,0.12,11.31854259,2018,Nov,22
2018/11/22,UTTAR PRADESH,UNNAO,0.63,-,4.93,9.342537842,2018,Nov,22
2018/11/22,UTTAR PRADESH,MAU,0.22,-,1.36,12.0733618,2018,Nov,22
2018/11/22,UTTAR PRADESH,SITAPUR,0.66,-,4.72,10.99816065,2018,Nov,22
2018/11/22,UTTAR PRADESH,PRAYAGRAJ,1.38,-,12.21,10.49239632,2018,Nov,22
2018/11/22,UTTAR PRADESH,BAREILLY,1.14,-,8.16,11.66863585,2018,Nov,22
2018/11/22,UTTAR PRADESH,SHRAWASTI,0.23,-,1.98,15.47841224,2018,Nov,22
2018/11/22,UTTAR PRADESH,SULTANPUR,0.14,-,0.92,15.67791887,2018,Nov,22
2018/11/22,UTTAR PRADESH,GONDA,1.11,-,7.16,12.37302652,2018,Nov,22
2018/11/22,UTTAR PRADESH,GAUTAM BUDDHA NAGAR,2.0,-,13.04,11.02056603,2018,Nov,22
2018/11/22,UTTAR PRADESH,KANSIRAM NAGAR,1.73,-,14.58,11.75264371,2018,Nov,22
2018/11/22,UTTAR PRADESH,MAHARAJGANJ,0.26,-,2.38,15.99306635,2018,Nov,22
2018/11/22,UTTAR PRADESH,MAINPURI,0.11,-,1.05,10.6887036,2018,Nov,22
2018/11/22,UTTAR PRADESH,VARANASI,0.42,-,3.32,12.97056099,2018,Nov,22
2018/11/22,UTTAR PRADESH,AURAIYA,0.76,-,5.51,9.2775936,2018,Nov,22
2018/11/21,UTTAR PRADESH,FARRUKHABAD,1.46,-,10.65,9.733552888,2018,Nov,21
2018/11/21,UTTAR PRADESH,LUCKNOW,1.78,-,12.36,9.261603884,2018,Nov,21
2018/11/21,UTTAR PRADESH,KHERI,2.29,-,16.05,10.43910027,2018,Nov,21
2018/11/21,UTTAR PRADESH,CHANDAULI,0.65,-,5.38,12.19567112,2018,Nov,21
2018/11/21,UTTAR PRADESH,AMBEDKAR NAGAR,0.29,-,1.68,14.23560379,2018,Nov,21
2018/11/21,UTTAR PRADESH,BUDAUN,1.55,-,13.33,9.522608725,2018,Nov,21
2018/11/21,UTTAR PRADESH,BALRAMPUR,1.35,-,9.38,11.29918732,2018,Nov,21
2018/11/21,UTTAR PRADESH,BASTI,0.67,-,4.06,11.81122414,2018,Nov,21
2018/11/21,UTTAR PRADESH,RAMPUR,0.91,-,6.43,12.20265729,2018,Nov,21
2018/11/21,UTTAR PRADESH,MIRZAPUR,1.3,-,11.19,9.492071711,2018,Nov,21
2018/11/21,UTTAR PRADESH,JYOTIBA PHULE NAGAR,1.9,-,17.91,10.46020941,2018,Nov,21
2018/11/21,UTTAR PRADESH,LALITPUR,2.09,-,14.15,5.320052006,2018,Nov,21
2018/11/21,UTTAR PRADESH,MAHAMAYA NAGAR,0.07,-,0.44,14.21011446,2018,Nov,21
2018/11/21,UTTAR PRADESH,MATHURA,0.2,-,1.33,11.87341272,2018,Nov,21
2018/11/21,UTTAR PRADESH,MAHOBA,0.65,-,4.8,3.65688029,2018,Nov,21
2018/11/21,UTTAR PRADESH,CHITRAKOOT,1.27,-,11.22,8.541551733,2018,Nov,21
2018/11/21,UTTAR PRADESH,SAHARANPUR,2.58,-,19.03,13.78994736,2018,Nov,21
2018/11/21,UTTAR PRADESH,KANNAUJ,1.14,-,8.31,10.33396315,2018,Nov,21
2018/11/21,UTTAR PRADESH,SANT KABIR NAGAR,0.05,-,0.37,12.55517345,2018,Nov,21
2018/11/21,UTTAR PRADESH,SONBHADRA,1.01,-,7.08,13.57375787,2018,Nov,21
2018/11/21,UTTAR PRADESH,FATEHPUR,1.68,-,13.08,7.16534778,2018,Nov,21
2018/11/21,UTTAR PRADESH,BARA BANKI,0.34,-,2.08,12.75484586,2018,Nov,21
2018/11/21,UTTAR PRADESH,AZAMGARH,0.27,-,1.67,11.7483242,2018,Nov,21
2018/11/21,UTTAR PRADESH,BAGHPAT,1.27,-,8.47,11.09487071,2018,Nov,21
2018/11/21,UTTAR PRADESH,ALIGARH,0.49,-,3.42,13.35500502,2018,Nov,21
2018/11/21,UTTAR PRADESH,HARDOI,0.51,-,3.98,11.15585887,2018,Nov,21
2018/11/21,UTTAR PRADESH,RAE BARELI,1.02,-,8.38,10.60098258,2018,Nov,21
2018/11/21,UTTAR PRADESH,GHAZIPUR,0.88,-,7.08,11.06310232,2018,Nov,21
2018/11/21,UTTAR PRADESH,KAUSHAMBI,2.07,-,15.95,7.801354323,2018,Nov,21
2018/11/21,UTTAR PRADESH,BULANDSHAHR,0.51,-,3.67,11.81943084,2018,Nov,21
2018/11/21,UTTAR PRADESH,DEORIA,0.09,-,0.54,16.07102555,2018,Nov,21
2018/11/21,UTTAR PRADESH,BAHRAICH,1.31,-,11.05,11.62312369,2018,Nov,21
2018/11/21,UTTAR PRADESH,GORAKHPUR,0.61,-,4.02,12.83930009,2018,Nov,21
2018/11/21,UTTAR PRADESH,BIJNOR,2.03,-,15.96,13.28602573,2018,Nov,21
2018/11/21,UTTAR PRADESH,BANDA,0.73,-,5.95,8.22569935,2018,Nov,21
2018/11/21,UTTAR PRADESH,MUZAFFARNAGAR,0.77,-,6.28,12.38608254,2018,Nov,21
2018/11/21,UTTAR PRADESH,SANT RAVI DAS NAGAR(BHADOHI),1.06,-,7.72,10.49715455,2018,Nov,21
2018/11/21,UTTAR PRADESH,HAMIRPUR,0.1,-,0.68,8.979899276,2018,Nov,21
2018/11/21,UTTAR PRADESH,PRATAPGARH,0.2,-,1.67,12.61315468,2018,Nov,21
2018/11/21,UTTAR PRADESH,ETAWAH,1.0,-,7.26,9.947308458,2018,Nov,21
2018/11/21,UTTAR PRADESH,MORADABAD,1.22,-,9.72,11.76830468,2018,Nov,21
2018/11/21,UTTAR PRADESH,AGRA,1.11,-,8.59,10.87605396,2018,Nov,21
2018/11/21,UTTAR PRADESH,JAUNPUR,0.2,-,1.69,11.13263237,2018,Nov,21
2018/11/21,UTTAR PRADESH,KANPUR NAGAR,0.79,-,5.1,8.278336645,2018,Nov,21
2018/11/21,UTTAR PRADESH,JHANSI,1.7,-,12.49,7.975357683,2018,Nov,21
2018/11/21,UTTAR PRADESH,SIDDHARTH NAGAR,0.01,-,0.03,13.2543468,2018,Nov,21
2018/11/21,UTTAR PRADESH,MEERUT,1.45,-,9.92,11.84867387,2018,Nov,21
2018/11/21,UTTAR PRADESH,PILIBHIT,2.13,-,15.4,12.18613755,2018,Nov,21
2018/11/21,UTTAR PRADESH,SHAHJAHANPUR,0.51,-,4.31,11.86293972,2018,Nov,21
2018/11/21,UTTAR PRADESH,KANPUR DEHAT,0.65,-,4.04,9.297783803,2018,Nov,21
2018/11/21,UTTAR PRADESH,FIROZABAD,1.02,-,8.11,10.64914113,2018,Nov,21
2018/11/21,UTTAR PRADESH,AYODHYA,0.74,-,4.51,13.33472196,2018,Nov,21
2018/11/21,UTTAR PRADESH,KUSHINAGAR,0.15,-,1.37,16.87244996,2018,Nov,21
2018/11/21,UTTAR PRADESH,JALAUN,0.08,-,0.45,15.34097215,2018,Nov,21
2018/11/21,UTTAR PRADESH,GHAZIABAD,2.02,-,13.29,11.49481418,2018,Nov,21
2018/11/21,UTTAR PRADESH,ETAH,0.0,-,0.0,13.62006635,2018,Nov,21
2018/11/21,UTTAR PRADESH,BALLIA,0.02,-,0.12,11.35718327,2018,Nov,21
2018/11/21,UTTAR PRADESH,UNNAO,0.63,-,4.97,9.353772613,2018,Nov,21
2018/11/21,UTTAR PRADESH,MAU,0.23,-,1.41,12.0852686,2018,Nov,21
2018/11/21,UTTAR PRADESH,SITAPUR,0.67,-,4.78,11.01207445,2018,Nov,21
2018/11/21,UTTAR PRADESH,PRAYAGRAJ,1.39,-,12.32,10.52633093,2018,Nov,21
2018/11/21,UTTAR PRADESH,BAREILLY,1.17,-,8.39,11.70900613,2018,Nov,21
2018/11/21,UTTAR PRADESH,SHRAWASTI,0.24,-,2.11,15.49365618,2018,Nov,21
2018/11/21,UTTAR PRADESH,SULTANPUR,0.15,-,0.94,15.69144204,2018,Nov,21
2018/11/21,UTTAR PRADESH,GONDA,1.14,-,7.36,12.39280018,2018,Nov,21
2018/11/21,UTTAR PRADESH,GAUTAM BUDDHA NAGAR,2.01,-,13.1,11.08533822,2018,Nov,21
2018/11/21,UTTAR PRADESH,KANSIRAM NAGAR,1.73,-,14.62,11.78218441,2018,Nov,21
2018/11/21,UTTAR PRADESH,MAHARAJGANJ,0.26,-,2.41,16.01456897,2018,Nov,21
2018/11/21,UTTAR PRADESH,MAINPURI,0.11,-,1.05,10.70370064,2018,Nov,21
2018/11/21,UTTAR PRADESH,VARANASI,0.44,-,3.47,13.01885412,2018,Nov,21
2018/11/21,UTTAR PRADESH,AURAIYA,0.76,-,5.56,9.294994806,2018,Nov,21
2018/11/20,UTTAR PRADESH,FARRUKHABAD,1.47,-,10.71,9.778021531,2018,Nov,20
2018/11/20,UTTAR PRADESH,LUCKNOW,1.8,-,12.48,9.291579017,2018,Nov,20
2018/11/20,UTTAR PRADESH,KHERI,2.32,-,16.26,10.49694664,2018,Nov,20
2018/11/20,UTTAR PRADESH,CHANDAULI,0.66,-,5.48,12.2871766,2018,Nov,20
2018/11/20,UTTAR PRADESH,AMBEDKAR NAGAR,0.29,-,1.7,14.24001776,2018,Nov,20
2018/11/20,UTTAR PRADESH,BUDAUN,1.57,-,13.55,9.564475516,2018,Nov,20
2018/11/20,UTTAR PRADESH,BALRAMPUR,1.4,-,9.7,11.32315482,2018,Nov,20
2018/11/20,UTTAR PRADESH,BASTI,0.68,-,4.11,11.81849082,2018,Nov,20
2018/11/20,UTTAR PRADESH,RAMPUR,0.96,-,6.73,12.232607,2018,Nov,20
2018/11/20,UTTAR PRADESH,MIRZAPUR,1.32,-,11.37,9.597566988,2018,Nov,20
2018/11/20,UTTAR PRADESH,JYOTIBA PHULE NAGAR,1.93,-,18.18,10.49528006,2018,Nov,20
2018/11/20,UTTAR PRADESH,LALITPUR,2.1,-,14.26,5.346965403,2018,Nov,20
2018/11/20,UTTAR PRADESH,MAHAMAYA NAGAR,0.07,-,0.45,14.22646276,2018,Nov,20
2018/11/20,UTTAR PRADESH,MATHURA,0.2,-,1.34,11.88728673,2018,Nov,20
2018/11/20,UTTAR PRADESH,MAHOBA,0.65,-,4.86,3.684157404,2018,Nov,20
2018/11/20,UTTAR PRADESH,CHITRAKOOT,1.27,-,11.26,8.58104745,2018,Nov,20
2018/11/20,UTTAR PRADESH,SAHARANPUR,2.66,-,19.65,13.88538952,2018,Nov,20
2018/11/20,UTTAR PRADESH,KANNAUJ,1.15,-,8.38,10.38652753,2018,Nov,20
2018/11/20,UTTAR PRADESH,SANT KABIR NAGAR,0.06,-,0.41,12.56299958,2018,Nov,20
2018/11/20,UTTAR PRADESH,SONBHADRA,1.03,-,7.19,13.6885123,2018,Nov,20
2018/11/20,UTTAR PRADESH,FATEHPUR,1.69,-,13.14,7.177255036,2018,Nov,20
2018/11/20,UTTAR PRADESH,BARA BANKI,0.35,-,2.11,12.76963762,2018,Nov,20
2018/11/20,UTTAR PRADESH,AZAMGARH,0.27,-,1.74,11.76466417,2018,Nov,20
2018/11/20,UTTAR PRADESH,BAGHPAT,1.3,-,8.64,11.19719172,2018,Nov,20
2018/11/20,UTTAR PRADESH,ALIGARH,0.49,-,3.44,13.3750356,2018,Nov,20
2018/11/20,UTTAR PRADESH,HARDOI,0.52,-,4.06,11.17765354,2018,Nov,20
2018/11/20,UTTAR PRADESH,RAE BARELI,1.03,-,8.46,10.61651721,2018,Nov,20
2018/11/20,UTTAR PRADESH,GHAZIPUR,0.92,-,7.4,11.0947491,2018,Nov,20
2018/11/20,UTTAR PRADESH,KAUSHAMBI,2.09,-,16.08,7.820385725,2018,Nov,20
2018/11/20,UTTAR PRADESH,BULANDSHAHR,0.52,-,3.71,11.84549684,2018,Nov,20
2018/11/20,UTTAR PRADESH,DEORIA,0.09,-,0.55,16.08093511,2018,Nov,20
2018/11/20,UTTAR PRADESH,BAHRAICH,1.33,-,11.23,11.65376232,2018,Nov,20
2018/11/20,UTTAR PRADESH,GORAKHPUR,0.62,-,4.1,12.85371685,2018,Nov,20
2018/11/20,UTTAR PRADESH,BIJNOR,2.11,-,16.5,13.3886637,2018,Nov,20
2018/11/20,UTTAR PRADESH,BANDA,0.73,-,5.96,8.249939993,2018,Nov,20
2018/11/20,UTTAR PRADESH,MUZAFFARNAGAR,0.79,-,6.5,12.46697524,2018,Nov,20
2018/11/20,UTTAR PRADESH,SANT RAVI DAS NAGAR(BHADOHI),1.09,-,7.9,10.54930474,2018,Nov,20
2018/11/20,UTTAR PRADESH,HAMIRPUR,0.1,-,0.7,8.99295979,2018,Nov,20
2018/11/20,UTTAR PRADESH,PRATAPGARH,0.2,-,1.69,12.64311572,2018,Nov,20
2018/11/20,UTTAR PRADESH,ETAWAH,1.02,-,7.34,9.972839066,2018,Nov,20
2018/11/20,UTTAR PRADESH,MORADABAD,1.28,-,10.21,11.80426477,2018,Nov,20
2018/11/20,UTTAR PRADESH,AGRA,1.12,-,8.67,10.91831059,2018,Nov,20
2018/11/20,UTTAR PRADESH,JAUNPUR,0.2,-,1.7,11.15873055,2018,Nov,20
2018/11/20,UTTAR PRADESH,KANPUR NAGAR,0.79,-,5.11,8.295146624,2018,Nov,20
2018/11/20,UTTAR PRADESH,JHANSI,1.72,-,12.61,7.999349131,2018,Nov,20
2018/11/20,UTTAR PRADESH,SIDDHARTH NAGAR,0.01,-,0.03,13.25903381,2018,Nov,20
2018/11/20,UTTAR PRADESH,MEERUT,1.47,-,10.05,11.91553218,2018,Nov,20
2018/11/20,UTTAR PRADESH,PILIBHIT,2.18,-,15.71,12.23595546,2018,Nov,20
2018/11/20,UTTAR PRADESH,SHAHJAHANPUR,0.53,-,4.45,11.8784774,2018,Nov,20
2018/11/20,UTTAR PRADESH,KANPUR DEHAT,0.66,-,4.09,9.317118644,2018,Nov,20
2018/11/20,UTTAR PRADESH,FIROZABAD,1.02,-,8.13,10.67654455,2018,Nov,20
2018/11/20,UTTAR PRADESH,AYODHYA,0.75,-,4.58,13.34532045,2018,Nov,20
2018/11/20,UTTAR PRADESH,KUSHINAGAR,0.16,-,1.44,16.87889498,2018,Nov,20
2018/11/20,UTTAR PRADESH,JALAUN,0.08,-,0.46,15.36310079,2018,Nov,20
2018/11/20,UTTAR PRADESH,GHAZIABAD,2.04,-,13.39,11.6207426,2018,Nov,20
2018/11/20,UTTAR PRADESH,ETAH,0.0,-,0.0,13.63544777,2018,Nov,20
2018/11/20,UTTAR PRADESH,BALLIA,0.02,-,0.13,11.40304314,2018,Nov,20
2018/11/20,UTTAR PRADESH,UNNAO,0.64,-,5.0,9.362370125,2018,Nov,20
2018/11/20,UTTAR PRADESH,MAU,0.24,-,1.47,12.103885,2018,Nov,20
2018/11/20,UTTAR PRADESH,SITAPUR,0.68,-,4.85,11.02496657,2018,Nov,20
2018/11/20,UTTAR PRADESH,PRAYAGRAJ,1.4,-,12.45,10.57151611,2018,Nov,20
2018/11/20,UTTAR PRADESH,BAREILLY,1.21,-,8.66,11.74841547,2018,Nov,20
2018/11/20,UTTAR PRADESH,SHRAWASTI,0.26,-,2.24,15.51412496,2018,Nov,20
2018/11/20,UTTAR PRADESH,SULTANPUR,0.15,-,0.99,15.71170556,2018,Nov,20
2018/11/20,UTTAR PRADESH,GONDA,1.17,-,7.56,12.41604086,2018,Nov,20
2018/11/20,UTTAR PRADESH,GAUTAM BUDDHA NAGAR,2.02,-,13.18,11.15108,2018,Nov,20
2018/11/20,UTTAR PRADESH,KANSIRAM NAGAR,1.73,-,14.65,11.82641777,2018,Nov,20
2018/11/20,UTTAR PRADESH,MAHARAJGANJ,0.26,-,2.43,16.03426301,2018,Nov,20
2018/11/20,UTTAR PRADESH,MAINPURI,0.11,-,1.06,10.72383449,2018,Nov,20
2018/11/20,UTTAR PRADESH,VARANASI,0.46,-,3.63,13.06685847,2018,Nov,20
2018/11/20,UTTAR PRADESH,AURAIYA,0.77,-,5.61,9.324920265,2018,Nov,20
2018/11/19,UTTAR PRADESH,FARRUKHABAD,1.48,-,10.81,9.84382679,2018,Nov,19
2018/11/19,UTTAR PRADESH,LUCKNOW,1.81,-,12.6,9.308641784,2018,Nov,19
2018/11/19,UTTAR PRADESH,KHERI,2.36,-,16.51,10.56221372,2018,Nov,19
2018/11/19,UTTAR PRADESH,CHANDAULI,0.68,-,5.61,12.37618599,2018,Nov,19
2018/11/19,UTTAR PRADESH,AMBEDKAR NAGAR,0.29,-,1.73,14.24977072,2018,Nov,19
2018/11/19,UTTAR PRADESH,BUDAUN,1.6,-,13.78,9.626902662,2018,Nov,19
2018/11/19,UTTAR PRADESH,BALRAMPUR,1.47,-,10.13,11.35871682,2018,Nov,19
2018/11/19,UTTAR PRADESH,BASTI,0.69,-,4.19,11.83528043,2018,Nov,19
2018/11/19,UTTAR PRADESH,RAMPUR,1.0,-,7.03,12.27037034,2018,Nov,19
2018/11/19,UTTAR PRADESH,MIRZAPUR,1.35,-,11.59,9.719141221,2018,Nov,19
2018/11/19,UTTAR PRADESH,JYOTIBA PHULE NAGAR,1.97,-,18.5,10.54904396,2018,Nov,19
2018/11/19,UTTAR PRADESH,LALITPUR,2.12,-,14.38,5.386254217,2018,Nov,19
2018/11/19,UTTAR PRADESH,MAHAMAYA NAGAR,0.07,-,0.45,14.24388419,2018,Nov,19
2018/11/19,UTTAR PRADESH,MATHURA,0.2,-,1.35,11.9102401,2018,Nov,19
2018/11/19,UTTAR PRADESH,MAHOBA,0.66,-,4.92,3.721810762,2018,Nov,19
2018/11/19,UTTAR PRADESH,CHITRAKOOT,1.28,-,11.29,8.631939113,2018,Nov,19
2018/11/19,UTTAR PRADESH,SAHARANPUR,2.75,-,20.32,13.98247927,2018,Nov,19
2018/11/19,UTTAR PRADESH,KANNAUJ,1.17,-,8.52,10.44230182,2018,Nov,19
2018/11/19,UTTAR PRADESH,SANT KABIR NAGAR,0.06,-,0.44,12.56843637,2018,Nov,19
2018/11/19,UTTAR PRADESH,SONBHADRA,1.04,-,7.32,13.81763648,2018,Nov,19
2018/11/19,UTTAR PRADESH,FATEHPUR,1.7,-,13.21,7.194781243,2018,Nov,19
2018/11/19,UTTAR PRADESH,BARA BANKI,0.35,-,2.14,12.77819577,2018,Nov,19
2018/11/19,UTTAR PRADESH,AZAMGARH,0.28,-,1.8,11.77737549,2018,Nov,19
2018/11/19,UTTAR PRADESH,BAGHPAT,1.33,-,8.82,11.37799987,2018,Nov,19
2018/11/19,UTTAR PRADESH,ALIGARH,0.49,-,3.45,13.39421239,2018,Nov,19
2018/11/19,UTTAR PRADESH,HARDOI,0.53,-,4.14,11.20420114,2018,Nov,19
2018/11/19,UTTAR PRADESH,RAE BARELI,1.04,-,8.56,10.62879231,2018,Nov,19
2018/11/19,UTTAR PRADESH,GHAZIPUR,0.96,-,7.76,11.12844649,2018,Nov,19
2018/11/19,UTTAR PRADESH,KAUSHAMBI,2.11,-,16.23,7.857563097,2018,Nov,19
2018/11/19,UTTAR PRADESH,BULANDSHAHR,0.53,-,3.77,11.87551996,2018,Nov,19
2018/11/19,UTTAR PRADESH,DEORIA,0.1,-,0.56,16.09628961,2018,Nov,19
2018/11/19,UTTAR PRADESH,BAHRAICH,1.35,-,11.43,11.6886198,2018,Nov,19
2018/11/19,UTTAR PRADESH,GORAKHPUR,0.63,-,4.19,12.87098277,2018,Nov,19
2018/11/19,UTTAR PRADESH,BIJNOR,2.18,-,17.04,13.49819047,2018,Nov,19
2018/11/19,UTTAR PRADESH,BANDA,0.74,-,5.99,8.27363547,2018,Nov,19
2018/11/19,UTTAR PRADESH,MUZAFFARNAGAR,0.82,-,6.75,12.57512702,2018,Nov,19
2018/11/19,UTTAR PRADESH,SANT RAVI DAS NAGAR(BHADOHI),1.11,-,8.07,10.57881631,2018,Nov,19
2018/11/19,UTTAR PRADESH,HAMIRPUR,0.1,-,0.71,9.019175649,2018,Nov,19
2018/11/19,UTTAR PRADESH,PRATAPGARH,0.21,-,1.72,12.67322422,2018,Nov,19
2018/11/19,UTTAR PRADESH,ETAWAH,1.03,-,7.45,10.00914279,2018,Nov,19
2018/11/19,UTTAR PRADESH,MORADABAD,1.34,-,10.71,11.8511936,2018,Nov,19
2018/11/19,UTTAR PRADESH,AGRA,1.13,-,8.73,10.9569952,2018,Nov,19
2018/11/19,UTTAR PRADESH,JAUNPUR,0.2,-,1.71,11.18446175,2018,Nov,19
2018/11/19,UTTAR PRADESH,KANPUR NAGAR,0.8,-,5.2,8.310213227,2018,Nov,19
2018/11/19,UTTAR PRADESH,JHANSI,1.73,-,12.73,8.036076737,2018,Nov,19
2018/11/19,UTTAR PRADESH,SIDDHARTH NAGAR,0.01,-,0.03,13.26376076,2018,Nov,19
2018/11/19,UTTAR PRADESH,MEERUT,1.49,-,10.2,12.00428489,2018,Nov,19
2018/11/19,UTTAR PRADESH,PILIBHIT,2.23,-,16.03,12.29880244,2018,Nov,19
2018/11/19,UTTAR PRADESH,SHAHJAHANPUR,0.55,-,4.6,11.90487594,2018,Nov,19
2018/11/19,UTTAR PRADESH,KANPUR DEHAT,0.67,-,4.13,9.335019244,2018,Nov,19
2018/11/19,UTTAR PRADESH,FIROZABAD,1.03,-,8.18,10.71023082,2018,Nov,19
2018/11/19,UTTAR PRADESH,AYODHYA,0.76,-,4.65,13.36396331,2018,Nov,19
2018/11/19,UTTAR PRADESH,KUSHINAGAR,0.17,-,1.52,16.88752503,2018,Nov,19
2018/11/19,UTTAR PRADESH,JALAUN,0.08,-,0.47,15.39212486,2018,Nov,19
2018/11/19,UTTAR PRADESH,GHAZIABAD,2.06,-,13.52,11.81750556,2018,Nov,19
2018/11/19,UTTAR PRADESH,ETAH,0.0,-,0.0,13.64592714,2018,Nov,19
2018/11/19,UTTAR PRADESH,BALLIA,0.02,-,0.13,11.44767734,2018,Nov,19
2018/11/19,UTTAR PRADESH,UNNAO,0.64,-,5.04,9.375626406,2018,Nov,19
2018/11/19,UTTAR PRADESH,MAU,0.25,-,1.53,12.12268299,2018,Nov,19
2018/11/19,UTTAR PRADESH,SITAPUR,0.69,-,4.93,11.04461456,2018,Nov,19
2018/11/19,UTTAR PRADESH,PRAYAGRAJ,1.42,-,12.57,10.6133727,2018,Nov,19
2018/11/19,UTTAR PRADESH,BAREILLY,1.25,-,8.94,11.789887,2018,Nov,19
2018/11/19,UTTAR PRADESH,SHRAWASTI,0.28,-,2.4,15.53164254,2018,Nov,19
2018/11/19,UTTAR PRADESH,SULTANPUR,0.16,-,1.03,15.72827075,2018,Nov,19
2018/11/19,UTTAR PRADESH,GONDA,1.2,-,7.78,12.43513835,2018,Nov,19
2018/11/19,UTTAR PRADESH,GAUTAM BUDDHA NAGAR,2.04,-,13.26,11.23294455,2018,Nov,19
2018/11/19,UTTAR PRADESH,KANSIRAM NAGAR,1.74,-,14.7,11.88623576,2018,Nov,19
2018/11/19,UTTAR PRADESH,MAHARAJGANJ,0.27,-,2.46,16.06017568,2018,Nov,19
2018/11/19,UTTAR PRADESH,MAINPURI,0.11,-,1.06,10.73790249,2018,Nov,19
2018/11/19,UTTAR PRADESH,VARANASI,0.47,-,3.77,13.11742091,2018,Nov,19
2018/11/19,UTTAR PRADESH,AURAIYA,0.78,-,5.67,9.350860923,2018,Nov,19
2018/11/18,UTTAR PRADESH,FARRUKHABAD,1.5,-,10.91,9.889132813,2018,Nov,18
2018/11/18,UTTAR PRADESH,LUCKNOW,1.83,-,12.72,9.332741994,2018,Nov,18
2018/11/18,UTTAR PRADESH,KHERI,2.39,-,16.71,10.61631768,2018,Nov,18
2018/11/18,UTTAR PRADESH,CHANDAULI,0.7,-,5.73,12.46390031,2018,Nov,18
2018/11/18,UTTAR PRADESH,AMBEDKAR NAGAR,0.3,-,1.75,14.25634977,2018,Nov,18
2018/11/18,UTTAR PRADESH,BUDAUN,1.61,-,13.94,9.512055347,2018,Nov,18
2018/11/18,UTTAR PRADESH,BALRAMPUR,1.51,-,10.46,11.38209333,2018,Nov,18
2018/11/18,UTTAR PRADESH,BASTI,0.7,-,4.27,11.84266251,2018,Nov,18
2018/11/18,UTTAR PRADESH,RAMPUR,1.03,-,7.27,12.29593998,2018,Nov,18
2018/11/18,UTTAR PRADESH,MIRZAPUR,1.38,-,11.82,9.837669075,2018,Nov,18
2018/11/18,UTTAR PRADESH,JYOTIBA PHULE NAGAR,1.99,-,18.68,10.5803911,2018,Nov,18
2018/11/18,UTTAR PRADESH,LALITPUR,2.14,-,14.51,5.423482118,2018,Nov,18
2018/11/18,UTTAR PRADESH,MAHAMAYA NAGAR,0.07,-,0.45,14.26173579,2018,Nov,18
2018/11/18,UTTAR PRADESH,MATHURA,0.2,-,1.35,11.92969638,2018,Nov,18
2018/11/18,UTTAR PRADESH,MAHOBA,0.67,-,5.01,3.75708254,2018,Nov,18
2018/11/18,UTTAR PRADESH,CHITRAKOOT,1.28,-,11.34,8.682845945,2018,Nov,18
2018/11/18,UTTAR PRADESH,SAHARANPUR,2.81,-,20.79,14.05423022,2018,Nov,18
2018/11/18,UTTAR PRADESH,KANNAUJ,1.18,-,8.62,10.48773981,2018,Nov,18
2018/11/18,UTTAR PRADESH,SANT KABIR NAGAR,0.07,-,0.47,12.57608168,2018,Nov,18
2018/11/18,UTTAR PRADESH,SONBHADRA,1.06,-,7.45,13.94128746,2018,Nov,18
2018/11/18,UTTAR PRADESH,FATEHPUR,1.71,-,13.26,7.20841279,2018,Nov,18
2018/11/18,UTTAR PRADESH,BARA BANKI,0.36,-,2.18,12.79168727,2018,Nov,18
2018/11/18,UTTAR PRADESH,AZAMGARH,0.29,-,1.88,11.78882805,2018,Nov,18
2018/11/18,UTTAR PRADESH,BAGHPAT,1.35,-,8.98,11.50483477,2018,Nov,18
2018/11/18,UTTAR PRADESH,ALIGARH,0.49,-,3.47,13.38488102,2018,Nov,18
2018/11/18,UTTAR PRADESH,HARDOI,0.54,-,4.22,11.22505542,2018,Nov,18
2018/11/18,UTTAR PRADESH,RAE BARELI,1.05,-,8.65,10.6399697,2018,Nov,18
2018/11/18,UTTAR PRADESH,GHAZIPUR,1.02,-,8.21,11.16659598,2018,Nov,18
2018/11/18,UTTAR PRADESH,KAUSHAMBI,2.13,-,16.37,7.882748376,2018,Nov,18
2018/11/18,UTTAR PRADESH,BULANDSHAHR,0.54,-,3.81,11.90592794,2018,Nov,18
2018/11/18,UTTAR PRADESH,DEORIA,0.1,-,0.56,16.10758419,2018,Nov,18
2018/11/18,UTTAR PRADESH,BAHRAICH,1.37,-,11.61,11.71246071,2018,Nov,18
2018/11/18,UTTAR PRADESH,GORAKHPUR,0.64,-,4.29,12.88564609,2018,Nov,18
2018/11/18,UTTAR PRADESH,BIJNOR,2.24,-,17.39,13.55791842,2018,Nov,18
2018/11/18,UTTAR PRADESH,BANDA,0.74,-,6.01,8.299601332,2018,Nov,18
2018/11/18,UTTAR PRADESH,MUZAFFARNAGAR,0.84,-,6.9,12.63130968,2018,Nov,18
2018/11/18,UTTAR PRADESH,SANT RAVI DAS NAGAR(BHADOHI),1.14,-,8.31,10.6125283,2018,Nov,18
2018/11/18,UTTAR PRADESH,HAMIRPUR,0.1,-,0.71,9.046713001,2018,Nov,18
2018/11/18,UTTAR PRADESH,PRATAPGARH,0.21,-,1.74,12.70705399,2018,Nov,18
2018/11/18,UTTAR PRADESH,ETAWAH,1.05,-,7.57,10.03494997,2018,Nov,18
2018/11/18,UTTAR PRADESH,MORADABAD,1.38,-,11.01,11.88030694,2018,Nov,18
2018/11/18,UTTAR PRADESH,AGRA,1.13,-,8.79,11.00030498,2018,Nov,18
2018/11/18,UTTAR PRADESH,JAUNPUR,0.2,-,1.72,11.21315318,2018,Nov,18
2018/11/18,UTTAR PRADESH,KANPUR NAGAR,0.81,-,5.21,8.318648968,2018,Nov,18
2018/11/18,UTTAR PRADESH,JHANSI,1.74,-,12.83,8.057891227,2018,Nov,18
2018/11/18,UTTAR PRADESH,SIDDHARTH NAGAR,0.01,-,0.03,13.26889843,2018,Nov,18
2018/11/18,UTTAR PRADESH,MEERUT,1.5,-,10.28,12.05832934,2018,Nov,18
2018/11/18,UTTAR PRADESH,PILIBHIT,2.26,-,16.27,12.3362177,2018,Nov,18
2018/11/18,UTTAR PRADESH,SHAHJAHANPUR,0.56,-,4.74,11.92324411,2018,Nov,18
2018/11/18,UTTAR PRADESH,KANPUR DEHAT,0.67,-,4.15,9.355856427,2018,Nov,18
2018/11/18,UTTAR PRADESH,FIROZABAD,1.03,-,8.23,10.72982664,2018,Nov,18
2018/11/18,UTTAR PRADESH,AYODHYA,0.77,-,4.73,13.37223564,2018,Nov,18
2018/11/18,UTTAR PRADESH,KUSHINAGAR,0.18,-,1.58,16.89556618,2018,Nov,18
2018/11/18,UTTAR PRADESH,JALAUN,0.08,-,0.48,15.42125871,2018,Nov,18
2018/11/18,UTTAR PRADESH,GHAZIABAD,2.07,-,13.63,11.95909132,2018,Nov,18
2018/11/18,UTTAR PRADESH,ETAH,0.0,-,0.0,13.66120384,2018,Nov,18
2018/11/18,UTTAR PRADESH,BALLIA,0.02,-,0.14,11.49410334,2018,Nov,18
2018/11/18,UTTAR PRADESH,UNNAO,0.64,-,5.08,9.386181933,2018,Nov,18
2018/11/18,UTTAR PRADESH,MAU,0.26,-,1.58,12.13464327,2018,Nov,18
2018/11/18,UTTAR PRADESH,SITAPUR,0.7,-,5.0,11.05537362,2018,Nov,18
2018/11/18,UTTAR PRADESH,PRAYAGRAJ,1.44,-,12.7,10.65688062,2018,Nov,18
2018/11/18,UTTAR PRADESH,BAREILLY,1.28,-,9.14,11.81860023,2018,Nov,18
2018/11/18,UTTAR PRADESH,SHRAWASTI,0.29,-,2.52,15.54614016,2018,Nov,18
2018/11/18,UTTAR PRADESH,SULTANPUR,0.16,-,1.06,15.74540503,2018,Nov,18
2018/11/18,UTTAR PRADESH,GONDA,1.22,-,7.95,12.45282911,2018,Nov,18
2018/11/18,UTTAR PRADESH,GAUTAM BUDDHA NAGAR,2.05,-,13.34,11.31013475,2018,Nov,18
2018/11/18,UTTAR PRADESH,KANSIRAM NAGAR,1.74,-,14.72,11.710863,2018,Nov,18
2018/11/18,UTTAR PRADESH,MAHARAJGANJ,0.27,-,2.48,16.07915993,2018,Nov,18
2018/11/18,UTTAR PRADESH,MAINPURI,0.12,-,1.07,10.75146294,2018,Nov,18
2018/11/18,UTTAR PRADESH,VARANASI,0.5,-,3.96,13.17988676,2018,Nov,18
2018/11/18,UTTAR PRADESH,AURAIYA,0.78,-,5.71,9.377657966,2018,Nov,18
2018/11/17,UTTAR PRADESH,FARRUKHABAD,1.52,-,11.05,9.949291962,2018,Nov,17
2018/11/17,UTTAR PRADESH,LUCKNOW,1.85,-,12.85,9.359144527,2018,Nov,17
2018/11/17,UTTAR PRADESH,KHERI,2.42,-,16.93,10.67350522,2018,Nov,17
2018/11/17,UTTAR PRADESH,CHANDAULI,0.71,-,5.87,12.55966129,2018,Nov,17
2018/11/17,UTTAR PRADESH,AMBEDKAR NAGAR,0.3,-,1.77,14.2642182,2018,Nov,17
2018/11/17,UTTAR PRADESH,BUDAUN,1.64,-,14.16,9.533015367,2018,Nov,17
2018/11/17,UTTAR PRADESH,BALRAMPUR,1.56,-,10.81,11.39752042,2018,Nov,17
2018/11/17,UTTAR PRADESH,BASTI,0.71,-,4.34,11.85605731,2018,Nov,17
2018/11/17,UTTAR PRADESH,RAMPUR,1.07,-,7.55,12.32586789,2018,Nov,17
2018/11/17,UTTAR PRADESH,MIRZAPUR,1.4,-,12.04,9.967162051,2018,Nov,17
2018/11/17,UTTAR PRADESH,JYOTIBA PHULE NAGAR,2.01,-,18.92,10.6182584,2018,Nov,17
2018/11/17,UTTAR PRADESH,LALITPUR,2.16,-,14.61,5.460536613,2018,Nov,17
2018/11/17,UTTAR PRADESH,MAHAMAYA NAGAR,0.07,-,0.47,14.278288,2018,Nov,17
2018/11/17,UTTAR PRADESH,MATHURA,0.2,-,1.36,11.95796788,2018,Nov,17
2018/11/17,UTTAR PRADESH,MAHOBA,0.68,-,5.09,3.790496923,2018,Nov,17
2018/11/17,UTTAR PRADESH,CHITRAKOOT,1.29,-,11.37,8.735688878,2018,Nov,17
2018/11/17,UTTAR PRADESH,SAHARANPUR,2.91,-,21.51,14.16109092,2018,Nov,17
2018/11/17,UTTAR PRADESH,KANNAUJ,1.2,-,8.76,10.53805398,2018,Nov,17
2018/11/17,UTTAR PRADESH,SANT KABIR NAGAR,0.07,-,0.5,12.58036055,2018,Nov,17
2018/11/17,UTTAR PRADESH,SONBHADRA,1.08,-,7.57,14.06673224,2018,Nov,17
2018/11/17,UTTAR PRADESH,FATEHPUR,1.72,-,13.33,7.218594201,2018,Nov,17
2018/11/17,UTTAR PRADESH,BARA BANKI,0.36,-,2.21,12.80360301,2018,Nov,17
2018/11/17,UTTAR PRADESH,AZAMGARH,0.3,-,1.94,11.80307724,2018,Nov,17
2018/11/17,UTTAR PRADESH,BAGHPAT,1.38,-,9.16,11.68760538,2018,Nov,17
2018/11/17,UTTAR PRADESH,ALIGARH,0.5,-,3.48,13.41059069,2018,Nov,17
2018/11/17,UTTAR PRADESH,HARDOI,0.55,-,4.31,11.25152568,2018,Nov,17
2018/11/17,UTTAR PRADESH,RAE BARELI,1.06,-,8.73,10.65404125,2018,Nov,17
2018/11/17,UTTAR PRADESH,GHAZIPUR,1.08,-,8.73,11.20065261,2018,Nov,17
2018/11/17,UTTAR PRADESH,KAUSHAMBI,2.15,-,16.53,7.913629676,2018,Nov,17
2018/11/17,UTTAR PRADESH,BULANDSHAHR,0.54,-,3.86,11.94122379,2018,Nov,17
2018/11/17,UTTAR PRADESH,DEORIA,0.1,-,0.58,16.12000939,2018,Nov,17
2018/11/17,UTTAR PRADESH,BAHRAICH,1.39,-,11.79,11.73722102,2018,Nov,17
2018/11/17,UTTAR PRADESH,GORAKHPUR,0.66,-,4.37,12.90025437,2018,Nov,17
2018/11/17,UTTAR PRADESH,BIJNOR,2.31,-,17.93,13.64873623,2018,Nov,17
2018/11/17,UTTAR PRADESH,BANDA,0.74,-,6.03,8.324879218,2018,Nov,17
2018/11/17,UTTAR PRADESH,MUZAFFARNAGAR,0.87,-,7.12,12.72773948,2018,Nov,17
2018/11/17,UTTAR PRADESH,SANT RAVI DAS NAGAR(BHADOHI),1.18,-,8.54,10.66252553,2018,Nov,17
2018/11/17,UTTAR PRADESH,HAMIRPUR,0.1,-,0.74,9.07120033,2018,Nov,17
2018/11/17,UTTAR PRADESH,PRATAPGARH,0.21,-,1.77,12.74199746,2018,Nov,17
2018/11/17,UTTAR PRADESH,ETAWAH,1.06,-,7.66,10.07069481,2018,Nov,17
2018/11/17,UTTAR PRADESH,MORADABAD,1.44,-,11.51,11.92349764,2018,Nov,17
2018/11/17,UTTAR PRADESH,AGRA,1.14,-,8.86,11.04601699,2018,Nov,17
2018/11/17,UTTAR PRADESH,JAUNPUR,0.2,-,1.75,11.24278214,2018,Nov,17
2018/11/17,UTTAR PRADESH,KANPUR NAGAR,0.81,-,5.24,8.338432972,2018,Nov,17
2018/11/17,UTTAR PRADESH,JHANSI,1.76,-,12.95,8.096183425,2018,Nov,17
2018/11/17,UTTAR PRADESH,SIDDHARTH NAGAR,0.01,-,0.04,13.27334161,2018,Nov,17
2018/11/17,UTTAR PRADESH,MEERUT,1.53,-,10.41,12.13411923,2018,Nov,17
2018/11/17,UTTAR PRADESH,PILIBHIT,2.31,-,16.59,12.38567734,2018,Nov,17
2018/11/17,UTTAR PRADESH,SHAHJAHANPUR,0.58,-,4.91,11.9442907,2018,Nov,17
2018/11/17,UTTAR PRADESH,KANPUR DEHAT,0.68,-,4.21,9.368463037,2018,Nov,17
2018/11/17,UTTAR PRADESH,FIROZABAD,1.04,-,8.26,10.76522742,2018,Nov,17
2018/11/17,UTTAR PRADESH,AYODHYA,0.79,-,4.81,13.3875654,2018,Nov,17
2018/11/17,UTTAR PRADESH,KUSHINAGAR,0.18,-,1.66,16.90271378,2018,Nov,17
2018/11/17,UTTAR PRADESH,JALAUN,0.08,-,0.48,15.44665791,2018,Nov,17
2018/11/17,UTTAR PRADESH,GHAZIABAD,2.09,-,13.74,12.17270713,2018,Nov,17
2018/11/17,UTTAR PRADESH,ETAH,0.0,-,0.0,13.67673547,2018,Nov,17
2018/11/17,UTTAR PRADESH,BALLIA,0.02,-,0.14,11.54055878,2018,Nov,17
2018/11/17,UTTAR PRADESH,UNNAO,0.65,-,5.13,9.399113085,2018,Nov,17
2018/11/17,UTTAR PRADESH,MAU,0.27,-,1.64,12.15179347,2018,Nov,17
2018/11/17,UTTAR PRADESH,SITAPUR,0.71,-,5.07,11.06942724,2018,Nov,17
2018/11/17,UTTAR PRADESH,PRAYAGRAJ,1.45,-,12.83,10.70785285,2018,Nov,17
2018/11/17,UTTAR PRADESH,BAREILLY,1.32,-,9.43,11.85205655,2018,Nov,17
2018/11/17,UTTAR PRADESH,SHRAWASTI,0.3,-,2.66,15.5630303,2018,Nov,17
2018/11/17,UTTAR PRADESH,SULTANPUR,0.17,-,1.11,15.76313478,2018,Nov,17
2018/11/17,UTTAR PRADESH,GONDA,1.25,-,8.16,12.47228944,2018,Nov,17
2018/11/17,UTTAR PRADESH,GAUTAM BUDDHA NAGAR,2.07,-,13.44,11.40318995,2018,Nov,17
2018/11/17,UTTAR PRADESH,KANSIRAM NAGAR,1.75,-,14.77,11.73137176,2018,Nov,17
2018/11/17,UTTAR PRADESH,MAHARAJGANJ,0.27,-,2.49,16.09923242,2018,Nov,17
2018/11/17,UTTAR PRADESH,MAINPURI,0.12,-,1.07,10.77302287,2018,Nov,17
2018/11/17,UTTAR PRADESH,VARANASI,0.52,-,4.14,13.2253618,2018,Nov,17
2018/11/17,UTTAR PRADESH,AURAIYA,0.79,-,5.75,9.404178202,2018,Nov,17
2018/11/16,UTTAR PRADESH,FARRUKHABAD,1.53,-,11.19,10.00869467,2018,Nov,16
2018/11/16,UTTAR PRADESH,LUCKNOW,1.86,-,12.96,9.388508057,2018,Nov,16
2018/11/16,UTTAR PRADESH,KHERI,2.45,-,17.18,10.74584055,2018,Nov,16
2018/11/16,UTTAR PRADESH,CHANDAULI,0.73,-,5.98,12.64192002,2018,Nov,16
2018/11/16,UTTAR PRADESH,AMBEDKAR NAGAR,0.31,-,1.8,14.27193695,2018,Nov,16
2018/11/16,UTTAR PRADESH,BUDAUN,1.66,-,14.37,9.556912421,2018,Nov,16
2018/11/16,UTTAR PRADESH,BALRAMPUR,1.63,-,11.24,11.43332714,2018,Nov,16
2018/11/16,UTTAR PRADESH,BASTI,0.72,-,4.42,11.87000617,2018,Nov,16
2018/11/16,UTTAR PRADESH,RAMPUR,1.13,-,7.92,12.36321617,2018,Nov,16
2018/11/16,UTTAR PRADESH,MIRZAPUR,1.42,-,12.22,10.07349844,2018,Nov,16
2018/11/16,UTTAR PRADESH,JYOTIBA PHULE NAGAR,2.05,-,19.25,10.66426608,2018,Nov,16
2018/11/16,UTTAR PRADESH,LALITPUR,2.17,-,14.72,5.503192986,2018,Nov,16
2018/11/16,UTTAR PRADESH,MAHAMAYA NAGAR,0.08,-,0.47,14.29799583,2018,Nov,16
2018/11/16,UTTAR PRADESH,MATHURA,0.2,-,1.36,11.98842706,2018,Nov,16
2018/11/16,UTTAR PRADESH,MAHOBA,0.69,-,5.14,3.825668432,2018,Nov,16
2018/11/16,UTTAR PRADESH,CHITRAKOOT,1.29,-,11.41,8.773043421,2018,Nov,16
2018/11/16,UTTAR PRADESH,SAHARANPUR,3.01,-,22.23,14.27346498,2018,Nov,16
2018/11/16,UTTAR PRADESH,KANNAUJ,1.22,-,8.87,10.59272103,2018,Nov,16
2018/11/16,UTTAR PRADESH,SANT KABIR NAGAR,0.08,-,0.53,12.59222856,2018,Nov,16
2018/11/16,UTTAR PRADESH,SONBHADRA,1.1,-,7.7,14.17696726,2018,Nov,16
2018/11/16,UTTAR PRADESH,FATEHPUR,1.72,-,13.38,7.23125018,2018,Nov,16
2018/11/16,UTTAR PRADESH,BARA BANKI,0.37,-,2.23,12.82061422,2018,Nov,16
2018/11/16,UTTAR PRADESH,AZAMGARH,0.31,-,2.02,11.81590418,2018,Nov,16
2018/11/16,UTTAR PRADESH,BAGHPAT,1.41,-,9.39,11.8794601,2018,Nov,16
2018/11/16,UTTAR PRADESH,ALIGARH,0.5,-,3.5,13.42745247,2018,Nov,16
2018/11/16,UTTAR PRADESH,HARDOI,0.56,-,4.39,11.27585665,2018,Nov,16
2018/11/16,UTTAR PRADESH,RAE BARELI,1.08,-,8.84,10.67184526,2018,Nov,16
2018/11/16,UTTAR PRADESH,GHAZIPUR,1.15,-,9.22,11.22756856,2018,Nov,16
2018/11/16,UTTAR PRADESH,KAUSHAMBI,2.17,-,16.65,7.932455841,2018,Nov,16
2018/11/16,UTTAR PRADESH,BULANDSHAHR,0.55,-,3.91,11.98304138,2018,Nov,16
2018/11/16,UTTAR PRADESH,DEORIA,0.1,-,0.58,16.1323881,2018,Nov,16
2018/11/16,UTTAR PRADESH,BAHRAICH,1.41,-,11.99,11.76619696,2018,Nov,16
2018/11/16,UTTAR PRADESH,GORAKHPUR,0.67,-,4.51,12.91726087,2018,Nov,16
2018/11/16,UTTAR PRADESH,BIJNOR,2.4,-,18.56,13.75624238,2018,Nov,16
2018/11/16,UTTAR PRADESH,BANDA,0.74,-,6.04,8.349757474,2018,Nov,16
2018/11/16,UTTAR PRADESH,MUZAFFARNAGAR,0.9,-,7.33,12.84361537,2018,Nov,16
2018/11/16,UTTAR PRADESH,SANT RAVI DAS NAGAR(BHADOHI),1.2,-,8.71,10.69257992,2018,Nov,16
2018/11/16,UTTAR PRADESH,HAMIRPUR,0.1,-,0.74,9.091415425,2018,Nov,16
2018/11/16,UTTAR PRADESH,PRATAPGARH,0.22,-,1.79,12.77336504,2018,Nov,16
2018/11/16,UTTAR PRADESH,ETAWAH,1.08,-,7.79,10.098901,2018,Nov,16
2018/11/16,UTTAR PRADESH,MORADABAD,1.51,-,12.03,11.96193217,2018,Nov,16
2018/11/16,UTTAR PRADESH,AGRA,1.15,-,8.91,11.0892399,2018,Nov,16
2018/11/16,UTTAR PRADESH,JAUNPUR,0.21,-,1.76,11.26719159,2018,Nov,16
2018/11/16,UTTAR PRADESH,KANPUR NAGAR,0.83,-,5.32,8.353509632,2018,Nov,16
2018/11/16,UTTAR PRADESH,JHANSI,1.77,-,13.07,8.122669182,2018,Nov,16
2018/11/16,UTTAR PRADESH,SIDDHARTH NAGAR,0.01,-,0.04,13.27864316,2018,Nov,16
2018/11/16,UTTAR PRADESH,MEERUT,1.55,-,10.54,12.22665997,2018,Nov,16
2018/11/16,UTTAR PRADESH,PILIBHIT,2.35,-,16.92,12.4479373,2018,Nov,16
2018/11/16,UTTAR PRADESH,SHAHJAHANPUR,0.6,-,5.11,11.97063578,2018,Nov,16
2018/11/16,UTTAR PRADESH,KANPUR DEHAT,0.69,-,4.23,9.387656879,2018,Nov,16
2018/11/16,UTTAR PRADESH,FIROZABAD,1.04,-,8.29,10.79400263,2018,Nov,16
2018/11/16,UTTAR PRADESH,AYODHYA,0.8,-,4.92,13.39784925,2018,Nov,16
2018/11/16,UTTAR PRADESH,KUSHINAGAR,0.19,-,1.73,16.91454839,2018,Nov,16
2018/11/16,UTTAR PRADESH,JALAUN,0.08,-,0.49,15.47873789,2018,Nov,16
2018/11/16,UTTAR PRADESH,GHAZIABAD,2.11,-,13.87,12.39070049,2018,Nov,16
2018/11/16,UTTAR PRADESH,ETAH,0.0,-,0.0,13.68967843,2018,Nov,16
2018/11/16,UTTAR PRADESH,BALLIA,0.02,-,0.15,11.58397393,2018,Nov,16
2018/11/16,UTTAR PRADESH,UNNAO,0.66,-,5.17,9.41217661,2018,Nov,16
2018/11/16,UTTAR PRADESH,MAU,0.28,-,1.69,12.16257385,2018,Nov,16
2018/11/16,UTTAR PRADESH,SITAPUR,0.72,-,5.15,11.0877511,2018,Nov,16
2018/11/16,UTTAR PRADESH,PRAYAGRAJ,1.46,-,12.94,10.74622086,2018,Nov,16
2018/11/16,UTTAR PRADESH,BAREILLY,1.37,-,9.76,11.89878232,2018,Nov,16
2018/11/16,UTTAR PRADESH,SHRAWASTI,0.32,-,2.83,15.57870909,2018,Nov,16
2018/11/16,UTTAR PRADESH,SULTANPUR,0.18,-,1.15,15.77866855,2018,Nov,16
2018/11/16,UTTAR PRADESH,GONDA,1.28,-,8.36,12.4934831,2018,Nov,16
2018/11/16,UTTAR PRADESH,GAUTAM BUDDHA NAGAR,2.08,-,13.52,11.50098248,2018,Nov,16
2018/11/16,UTTAR PRADESH,KANSIRAM NAGAR,1.75,-,14.81,11.75485799,2018,Nov,16
2018/11/16,UTTAR PRADESH,MAHARAJGANJ,0.27,-,2.52,16.12065489,2018,Nov,16
2018/11/16,UTTAR PRADESH,MAINPURI,0.12,-,1.08,10.79110555,2018,Nov,16
2018/11/16,UTTAR PRADESH,VARANASI,0.53,-,4.28,13.27110682,2018,Nov,16
2018/11/16,UTTAR PRADESH,AURAIYA,0.8,-,5.81,9.439710086,2018,Nov,16
2018/11/15,UTTAR PRADESH,FARRUKHABAD,1.55,-,11.28,10.06088106,2018,Nov,15
2018/11/15,UTTAR PRADESH,LUCKNOW,1.88,-,13.09,9.414548282,2018,Nov,15
2018/11/15,UTTAR PRADESH,KHERI,2.49,-,17.42,10.81736284,2018,Nov,15
2018/11/15,UTTAR PRADESH,CHANDAULI,0.75,-,6.13,12.74371461,2018,Nov,15
2018/11/15,UTTAR PRADESH,AMBEDKAR NAGAR,0.31,-,1.84,14.27507589,2018,Nov,15
2018/11/15,UTTAR PRADESH,BUDAUN,1.69,-,14.6,9.578571596,2018,Nov,15
2018/11/15,UTTAR PRADESH,BALRAMPUR,1.69,-,11.68,11.45824299,2018,Nov,15
2018/11/15,UTTAR PRADESH,BASTI,0.74,-,4.5,11.88578784,2018,Nov,15
2018/11/15,UTTAR PRADESH,RAMPUR,1.19,-,8.34,12.39944811,2018,Nov,15
2018/11/15,UTTAR PRADESH,MIRZAPUR,1.45,-,12.49,10.21262608,2018,Nov,15
2018/11/15,UTTAR PRADESH,JYOTIBA PHULE NAGAR,2.09,-,19.57,10.71900987,2018,Nov,15
2018/11/15,UTTAR PRADESH,LALITPUR,2.19,-,14.83,5.539446822,2018,Nov,15
2018/11/15,UTTAR PRADESH,MAHAMAYA NAGAR,0.08,-,0.47,14.31652967,2018,Nov,15
2018/11/15,UTTAR PRADESH,MATHURA,0.21,-,1.38,12.00758184,2018,Nov,15
2018/11/15,UTTAR PRADESH,MAHOBA,0.69,-,5.22,3.863659327,2018,Nov,15
2018/11/15,UTTAR PRADESH,CHITRAKOOT,1.29,-,11.44,8.833387719,2018,Nov,15
2018/11/15,UTTAR PRADESH,SAHARANPUR,3.12,-,23.02,14.387117,2018,Nov,15
2018/11/15,UTTAR PRADESH,KANNAUJ,1.24,-,9.01,10.6434243,2018,Nov,15
2018/11/15,UTTAR PRADESH,SANT KABIR NAGAR,0.08,-,0.58,12.60148984,2018,Nov,15
2018/11/15,UTTAR PRADESH,SONBHADRA,1.12,-,7.83,14.31719719,2018,Nov,15
2018/11/15,UTTAR PRADESH,FATEHPUR,1.73,-,13.47,7.246010698,2018,Nov,15
2018/11/15,UTTAR PRADESH,BARA BANKI,0.38,-,2.27,12.83467203,2018,Nov,15
2018/11/15,UTTAR PRADESH,AZAMGARH,0.32,-,2.1,11.83302955,2018,Nov,15
2018/11/15,UTTAR PRADESH,BAGHPAT,1.44,-,9.59,12.11556949,2018,Nov,15
2018/11/15,UTTAR PRADESH,ALIGARH,0.5,-,3.52,13.44342858,2018,Nov,15
2018/11/15,UTTAR PRADESH,HARDOI,0.58,-,4.49,11.3077226,2018,Nov,15
2018/11/15,UTTAR PRADESH,RAE BARELI,1.09,-,8.95,10.6893054,2018,Nov,15
2018/11/15,UTTAR PRADESH,GHAZIPUR,1.24,-,9.98,11.27278357,2018,Nov,15
2018/11/15,UTTAR PRADESH,KAUSHAMBI,2.19,-,16.82,7.964435932,2018,Nov,15
2018/11/15,UTTAR PRADESH,BULANDSHAHR,0.56,-,3.96,12.03447985,2018,Nov,15
2018/11/15,UTTAR PRADESH,DEORIA,0.1,-,0.59,16.14473453,2018,Nov,15
2018/11/15,UTTAR PRADESH,BAHRAICH,1.43,-,12.2,11.79762811,2018,Nov,15
2018/11/15,UTTAR PRADESH,GORAKHPUR,0.69,-,4.68,12.93751428,2018,Nov,15
2018/11/15,UTTAR PRADESH,BIJNOR,2.5,-,19.19,13.8776464,2018,Nov,15
2018/11/15,UTTAR PRADESH,BANDA,0.75,-,6.08,8.378540984,2018,Nov,15
2018/11/15,UTTAR PRADESH,MUZAFFARNAGAR,0.93,-,7.56,12.97232816,2018,Nov,15
2018/11/15,UTTAR PRADESH,SANT RAVI DAS NAGAR(BHADOHI),1.24,-,8.97,10.74523842,2018,Nov,15
2018/11/15,UTTAR PRADESH,HAMIRPUR,0.11,-,0.76,9.11699409,2018,Nov,15
2018/11/15,UTTAR PRADESH,PRATAPGARH,0.22,-,1.82,12.80370693,2018,Nov,15
2018/11/15,UTTAR PRADESH,ETAWAH,1.1,-,7.92,10.13734833,2018,Nov,15
2018/11/15,UTTAR PRADESH,MORADABAD,1.57,-,12.55,12.01301903,2018,Nov,15
2018/11/15,UTTAR PRADESH,AGRA,1.16,-,8.97,11.13558066,2018,Nov,15
2018/11/15,UTTAR PRADESH,JAUNPUR,0.21,-,1.8,11.2983653,2018,Nov,15
2018/11/15,UTTAR PRADESH,KANPUR NAGAR,0.83,-,5.36,8.369660676,2018,Nov,15
2018/11/15,UTTAR PRADESH,JHANSI,1.79,-,13.16,8.155327246,2018,Nov,15
2018/11/15,UTTAR PRADESH,SIDDHARTH NAGAR,0.01,-,0.04,13.28310518,2018,Nov,15
2018/11/15,UTTAR PRADESH,MEERUT,1.58,-,10.74,12.34061565,2018,Nov,15
2018/11/15,UTTAR PRADESH,PILIBHIT,2.41,-,17.31,12.50491415,2018,Nov,15
2018/11/15,UTTAR PRADESH,SHAHJAHANPUR,0.63,-,5.32,11.99314641,2018,Nov,15
2018/11/15,UTTAR PRADESH,KANPUR DEHAT,0.7,-,4.29,9.415297786,2018,Nov,15
2018/11/15,UTTAR PRADESH,FIROZABAD,1.05,-,8.35,10.82865777,2018,Nov,15
2018/11/15,UTTAR PRADESH,AYODHYA,0.82,-,5.02,13.41077596,2018,Nov,15
2018/11/15,UTTAR PRADESH,KUSHINAGAR,0.21,-,1.85,16.92587926,2018,Nov,15
2018/11/15,UTTAR PRADESH,JALAUN,0.08,-,0.49,15.50261486,2018,Nov,15
2018/11/15,UTTAR PRADESH,GHAZIABAD,2.13,-,13.99,12.64784674,2018,Nov,15
2018/11/15,UTTAR PRADESH,ETAH,0.0,-,0.0,13.71922284,2018,Nov,15
2018/11/15,UTTAR PRADESH,BALLIA,0.02,-,0.15,11.63345794,2018,Nov,15
2018/11/15,UTTAR PRADESH,UNNAO,0.66,-,5.21,9.425697425,2018,Nov,15
2018/11/15,UTTAR PRADESH,MAU,0.28,-,1.75,12.18127856,2018,Nov,15
2018/11/15,UTTAR PRADESH,SITAPUR,0.73,-,5.23,11.10317139,2018,Nov,15
2018/11/15,UTTAR PRADESH,PRAYAGRAJ,1.48,-,13.08,10.79393577,2018,Nov,15
2018/11/15,UTTAR PRADESH,BAREILLY,1.41,-,10.07,11.94364608,2018,Nov,15
2018/11/15,UTTAR PRADESH,SHRAWASTI,0.34,-,3.03,15.59812943,2018,Nov,15
2018/11/15,UTTAR PRADESH,SULTANPUR,0.19,-,1.2,15.79955055,2018,Nov,15
2018/11/15,UTTAR PRADESH,GONDA,1.31,-,8.53,12.51545664,2018,Nov,15
2018/11/15,UTTAR PRADESH,GAUTAM BUDDHA NAGAR,2.09,-,13.63,11.5984202,2018,Nov,15
2018/11/15,UTTAR PRADESH,KANSIRAM NAGAR,1.76,-,14.86,11.77942246,2018,Nov,15
2018/11/15,UTTAR PRADESH,MAHARAJGANJ,0.28,-,2.55,16.14583275,2018,Nov,15
2018/11/15,UTTAR PRADESH,MAINPURI,0.12,-,1.09,10.81146391,2018,Nov,15
2018/11/15,UTTAR PRADESH,VARANASI,0.56,-,4.46,13.33326557,2018,Nov,15
2018/11/15,UTTAR PRADESH,AURAIYA,0.8,-,5.86,9.470790633,2018,Nov,15
2018/11/14,UTTAR PRADESH,FARRUKHABAD,1.57,-,11.44,10.13150428,2018,Nov,14
2018/11/14,UTTAR PRADESH,LUCKNOW,1.9,-,13.26,9.44676419,2018,Nov,14
2018/11/14,UTTAR PRADESH,KHERI,2.53,-,17.68,10.75113688,2018,Nov,14
2018/11/14,UTTAR PRADESH,CHANDAULI,0.77,-,6.31,12.86001875,2018,Nov,14
2018/11/14,UTTAR PRADESH,AMBEDKAR NAGAR,0.32,-,1.89,14.284041,2018,Nov,14
2018/11/14,UTTAR PRADESH,BUDAUN,1.71,-,14.83,9.603131451,2018,Nov,14
2018/11/14,UTTAR PRADESH,BALRAMPUR,1.78,-,12.26,11.49697721,2018,Nov,14
2018/11/14,UTTAR PRADESH,BASTI,0.75,-,4.6,11.89732868,2018,Nov,14
2018/11/14,UTTAR PRADESH,RAMPUR,1.26,-,8.82,12.43745918,2018,Nov,14
2018/11/14,UTTAR PRADESH,MIRZAPUR,1.49,-,12.78,10.35789054,2018,Nov,14
2018/11/14,UTTAR PRADESH,JYOTIBA PHULE NAGAR,2.13,-,19.96,10.7670977,2018,Nov,14
2018/11/14,UTTAR PRADESH,LALITPUR,2.21,-,14.96,5.588875157,2018,Nov,14
2018/11/14,UTTAR PRADESH,MAHAMAYA NAGAR,0.08,-,0.48,14.33503842,2018,Nov,14
2018/11/14,UTTAR PRADESH,MATHURA,0.21,-,1.38,12.0440218,2018,Nov,14
2018/11/14,UTTAR PRADESH,MAHOBA,0.71,-,5.31,3.90926179,2018,Nov,14
2018/11/14,UTTAR PRADESH,CHITRAKOOT,1.3,-,11.48,8.894402341,2018,Nov,14
2018/11/14,UTTAR PRADESH,SAHARANPUR,3.23,-,23.82,14.14533852,2018,Nov,14
2018/11/14,UTTAR PRADESH,KANNAUJ,1.27,-,9.14,10.70320289,2018,Nov,14
2018/11/14,UTTAR PRADESH,SANT KABIR NAGAR,0.09,-,0.65,12.61694185,2018,Nov,14
2018/11/14,UTTAR PRADESH,SONBHADRA,1.14,-,7.97,14.46213444,2018,Nov,14
2018/11/14,UTTAR PRADESH,FATEHPUR,1.74,-,13.53,7.268764846,2018,Nov,14
2018/11/14,UTTAR PRADESH,BARA BANKI,0.38,-,2.31,12.84943779,2018,Nov,14
2018/11/14,UTTAR PRADESH,AZAMGARH,0.33,-,2.17,11.85097831,2018,Nov,14
2018/11/14,UTTAR PRADESH,BAGHPAT,1.47,-,9.77,12.19351243,2018,Nov,14
2018/11/14,UTTAR PRADESH,ALIGARH,0.5,-,3.52,13.47042703,2018,Nov,14
2018/11/14,UTTAR PRADESH,HARDOI,0.59,-,4.6,11.34085418,2018,Nov,14
2018/11/14,UTTAR PRADESH,RAE BARELI,1.11,-,9.06,10.70589522,2018,Nov,14
2018/11/14,UTTAR PRADESH,GHAZIPUR,1.36,-,10.93,11.30843588,2018,Nov,14
2018/11/14,UTTAR PRADESH,KAUSHAMBI,2.21,-,16.97,8.000071552,2018,Nov,14
2018/11/14,UTTAR PRADESH,BULANDSHAHR,0.57,-,4.02,12.1044612,2018,Nov,14
2018/11/14,UTTAR PRADESH,DEORIA,0.1,-,0.61,16.15869615,2018,Nov,14
2018/11/14,UTTAR PRADESH,BAHRAICH,1.46,-,12.44,11.83107316,2018,Nov,14
2018/11/14,UTTAR PRADESH,GORAKHPUR,0.73,-,4.95,12.96359052,2018,Nov,14
2018/11/14,UTTAR PRADESH,BIJNOR,2.59,-,19.82,13.91686451,2018,Nov,14
2018/11/14,UTTAR PRADESH,BANDA,0.75,-,6.09,8.406270838,2018,Nov,14
2018/11/14,UTTAR PRADESH,MUZAFFARNAGAR,0.95,-,7.75,13.01488376,2018,Nov,14
2018/11/14,UTTAR PRADESH,SANT RAVI DAS NAGAR(BHADOHI),1.28,-,9.26,10.79283923,2018,Nov,14
2018/11/14,UTTAR PRADESH,HAMIRPUR,0.11,-,0.78,9.150692248,2018,Nov,14
2018/11/14,UTTAR PRADESH,PRATAPGARH,0.22,-,1.85,12.84683485,2018,Nov,14
2018/11/14,UTTAR PRADESH,ETAWAH,1.13,-,8.05,10.17596159,2018,Nov,14
2018/11/14,UTTAR PRADESH,MORADABAD,1.64,-,13.08,12.07039143,2018,Nov,14
2018/11/14,UTTAR PRADESH,AGRA,1.17,-,9.05,11.18845882,2018,Nov,14
2018/11/14,UTTAR PRADESH,JAUNPUR,0.21,-,1.84,11.33544782,2018,Nov,14
2018/11/14,UTTAR PRADESH,KANPUR NAGAR,0.84,-,5.4,8.393630474,2018,Nov,14
2018/11/14,UTTAR PRADESH,JHANSI,1.8,-,13.28,8.192110595,2018,Nov,14
2018/11/14,UTTAR PRADESH,SIDDHARTH NAGAR,0.01,-,0.04,13.28661984,2018,Nov,14
2018/11/14,UTTAR PRADESH,MEERUT,1.61,-,10.97,12.42463106,2018,Nov,14
2018/11/14,UTTAR PRADESH,PILIBHIT,2.48,-,17.73,12.56779984,2018,Nov,14
2018/11/14,UTTAR PRADESH,SHAHJAHANPUR,0.66,-,5.54,12.02372501,2018,Nov,14
2018/11/14,UTTAR PRADESH,KANPUR DEHAT,0.7,-,4.32,9.432441461,2018,Nov,14
2018/11/14,UTTAR PRADESH,FIROZABAD,1.06,-,8.39,10.8648859,2018,Nov,14
2018/11/14,UTTAR PRADESH,AYODHYA,0.84,-,5.14,13.42843584,2018,Nov,14
2018/11/14,UTTAR PRADESH,KUSHINAGAR,0.22,-,1.99,16.93910702,2018,Nov,14
2018/11/14,UTTAR PRADESH,JALAUN,0.08,-,0.5,15.5361648,2018,Nov,14
2018/11/14,UTTAR PRADESH,GHAZIABAD,2.15,-,14.07,12.76847135,2018,Nov,14
2018/11/14,UTTAR PRADESH,ETAH,0.0,-,0.0,13.73683349,2018,Nov,14
2018/11/14,UTTAR PRADESH,BALLIA,0.02,-,0.16,11.69054305,2018,Nov,14
2018/11/14,UTTAR PRADESH,UNNAO,0.67,-,5.27,9.439055771,2018,Nov,14
2018/11/14,UTTAR PRADESH,MAU,0.3,-,1.84,12.20234245,2018,Nov,14
2018/11/14,UTTAR PRADESH,SITAPUR,0.75,-,5.32,11.12557516,2018,Nov,14
2018/11/14,UTTAR PRADESH,PRAYAGRAJ,1.5,-,13.23,10.8470615,2018,Nov,14
2018/11/14,UTTAR PRADESH,BAREILLY,1.46,-,10.39,11.98673216,2018,Nov,14
2018/11/14,UTTAR PRADESH,SHRAWASTI,0.37,-,3.26,15.6204567,2018,Nov,14
2018/11/14,UTTAR PRADESH,SULTANPUR,0.2,-,1.27,15.82154812,2018,Nov,14
2018/11/14,UTTAR PRADESH,GONDA,1.35,-,8.77,12.54083806,2018,Nov,14
2018/11/14,UTTAR PRADESH,GAUTAM BUDDHA NAGAR,2.1,-,13.67,11.61424479,2018,Nov,14
2018/11/14,UTTAR PRADESH,KANSIRAM NAGAR,1.76,-,14.92,11.80114837,2018,Nov,14
2018/11/14,UTTAR PRADESH,MAHARAJGANJ,0.28,-,2.61,16.17280012,2018,Nov,14
2018/11/14,UTTAR PRADESH,MAINPURI,0.12,-,1.09,10.83802023,2018,Nov,14
2018/11/14,UTTAR PRADESH,VARANASI,0.58,-,4.7,13.39178308,2018,Nov,14
2018/11/14,UTTAR PRADESH,AURAIYA,0.81,-,5.92,9.508518824,2018,Nov,14
2018/11/13,UTTAR PRADESH,FARRUKHABAD,1.59,-,11.54,10.1680891,2018,Nov,13
2018/11/13,UTTAR PRADESH,LUCKNOW,1.92,-,13.36,9.464691659,2018,Nov,13
2018/11/13,UTTAR PRADESH,KHERI,2.55,-,17.86,10.72475427,2018,Nov,13
2018/11/13,UTTAR PRADESH,CHANDAULI,0.79,-,6.38,12.90100217,2018,Nov,13
2018/11/13,UTTAR PRADESH,AMBEDKAR NAGAR,0.32,-,1.91,14.28910453,2018,Nov,13
2018/11/13,UTTAR PRADESH,BUDAUN,1.73,-,15.01,9.614143465,2018,Nov,13
2018/11/13,UTTAR PRADESH,BALRAMPUR,1.81,-,12.45,11.51350077,2018,Nov,13
2018/11/13,UTTAR PRADESH,BASTI,0.76,-,4.65,11.90635704,2018,Nov,13
2018/11/13,UTTAR PRADESH,RAMPUR,1.31,-,9.1,12.46165531,2018,Nov,13
2018/11/13,UTTAR PRADESH,MIRZAPUR,1.5,-,12.9,10.42242243,2018,Nov,13
2018/11/13,UTTAR PRADESH,JYOTIBA PHULE NAGAR,2.16,-,20.2,10.77889927,2018,Nov,13
2018/11/13,UTTAR PRADESH,LALITPUR,2.22,-,15.07,5.612766742,2018,Nov,13
2018/11/13,UTTAR PRADESH,MAHAMAYA NAGAR,0.08,-,0.49,14.35692319,2018,Nov,13
2018/11/13,UTTAR PRADESH,MATHURA,0.21,-,1.39,12.06628458,2018,Nov,13
2018/11/13,UTTAR PRADESH,MAHOBA,0.71,-,5.36,3.922477199,2018,Nov,13
2018/11/13,UTTAR PRADESH,CHITRAKOOT,1.31,-,11.5,8.918714756,2018,Nov,13
2018/11/13,UTTAR PRADESH,SAHARANPUR,3.33,-,24.47,14.17418187,2018,Nov,13
2018/11/13,UTTAR PRADESH,KANNAUJ,1.29,-,9.27,10.74109122,2018,Nov,13
2018/11/13,UTTAR PRADESH,SANT KABIR NAGAR,0.1,-,0.68,12.6199838,2018,Nov,13
2018/11/13,UTTAR PRADESH,SONBHADRA,1.15,-,8.05,14.51975471,2018,Nov,13
2018/11/13,UTTAR PRADESH,FATEHPUR,1.75,-,13.6,7.279421933,2018,Nov,13
2018/11/13,UTTAR PRADESH,BARA BANKI,0.38,-,2.32,12.86069423,2018,Nov,13
2018/11/13,UTTAR PRADESH,AZAMGARH,0.34,-,2.23,11.86123377,2018,Nov,13
2018/11/13,UTTAR PRADESH,BAGHPAT,1.49,-,9.88,10.74040927,2018,Nov,13
2018/11/13,UTTAR PRADESH,ALIGARH,0.51,-,3.55,13.48504029,2018,Nov,13
2018/11/13,UTTAR PRADESH,HARDOI,0.6,-,4.66,11.36684928,2018,Nov,13
2018/11/13,UTTAR PRADESH,RAE BARELI,1.12,-,9.15,10.71329861,2018,Nov,13
2018/11/13,UTTAR PRADESH,GHAZIPUR,1.42,-,11.39,11.33219485,2018,Nov,13
2018/11/13,UTTAR PRADESH,KAUSHAMBI,2.23,-,17.1,8.022304915,2018,Nov,13
2018/11/13,UTTAR PRADESH,BULANDSHAHR,0.57,-,4.05,11.98852881,2018,Nov,13
2018/11/13,UTTAR PRADESH,DEORIA,0.1,-,0.61,16.16540402,2018,Nov,13
2018/11/13,UTTAR PRADESH,BAHRAICH,1.47,-,12.56,11.8509647,2018,Nov,13
2018/11/13,UTTAR PRADESH,GORAKHPUR,0.74,-,5.05,12.97648792,2018,Nov,13
2018/11/13,UTTAR PRADESH,BIJNOR,2.65,-,20.26,13.88125003,2018,Nov,13
2018/11/13,UTTAR PRADESH,BANDA,0.75,-,6.12,8.425150743,2018,Nov,13
2018/11/13,UTTAR PRADESH,MUZAFFARNAGAR,0.97,-,7.86,12.20796688,2018,Nov,13
2018/11/13,UTTAR PRADESH,SANT RAVI DAS NAGAR(BHADOHI),1.29,-,9.35,10.81420569,2018,Nov,13
2018/11/13,UTTAR PRADESH,HAMIRPUR,0.11,-,0.78,9.164284749,2018,Nov,13
2018/11/13,UTTAR PRADESH,PRATAPGARH,0.23,-,1.87,12.86666477,2018,Nov,13
2018/11/13,UTTAR PRADESH,ETAWAH,1.14,-,8.16,10.2036862,2018,Nov,13
2018/11/13,UTTAR PRADESH,MORADABAD,1.68,-,13.35,12.09095506,2018,Nov,13
2018/11/13,UTTAR PRADESH,AGRA,1.17,-,9.1,11.23095027,2018,Nov,13
2018/11/13,UTTAR PRADESH,JAUNPUR,0.22,-,1.86,11.35189388,2018,Nov,13
2018/11/13,UTTAR PRADESH,KANPUR NAGAR,0.85,-,5.46,8.408212496,2018,Nov,13
2018/11/13,UTTAR PRADESH,JHANSI,1.82,-,13.41,8.208850573,2018,Nov,13
2018/11/13,UTTAR PRADESH,SIDDHARTH NAGAR,0.01,-,0.04,13.28819156,2018,Nov,13
2018/11/13,UTTAR PRADESH,MEERUT,1.64,-,11.12,12.07363055,2018,Nov,13
2018/11/13,UTTAR PRADESH,PILIBHIT,2.52,-,18.01,12.60306614,2018,Nov,13
2018/11/13,UTTAR PRADESH,SHAHJAHANPUR,0.68,-,5.71,12.03270524,2018,Nov,13
2018/11/13,UTTAR PRADESH,KANPUR DEHAT,0.71,-,4.36,9.443315148,2018,Nov,13
2018/11/13,UTTAR PRADESH,FIROZABAD,1.06,-,8.42,10.89986546,2018,Nov,13
2018/11/13,UTTAR PRADESH,AYODHYA,0.85,-,5.23,13.44096893,2018,Nov,13
2018/11/13,UTTAR PRADESH,KUSHINAGAR,0.23,-,2.04,16.94786916,2018,Nov,13
2018/11/13,UTTAR PRADESH,JALAUN,0.09,-,0.51,15.56407766,2018,Nov,13
2018/11/13,UTTAR PRADESH,GHAZIABAD,2.16,-,14.17,10.5381139,2018,Nov,13
2018/11/13,UTTAR PRADESH,ETAH,0.0,-,0.0,13.75266854,2018,Nov,13
2018/11/13,UTTAR PRADESH,BALLIA,0.02,-,0.17,11.72289341,2018,Nov,13
2018/11/13,UTTAR PRADESH,UNNAO,0.68,-,5.31,9.449675733,2018,Nov,13
2018/11/13,UTTAR PRADESH,MAU,0.31,-,1.93,12.21184783,2018,Nov,13
2018/11/13,UTTAR PRADESH,SITAPUR,0.76,-,5.38,11.13724249,2018,Nov,13
2018/11/13,UTTAR PRADESH,PRAYAGRAJ,1.51,-,13.3,10.87929661,2018,Nov,13
2018/11/13,UTTAR PRADESH,BAREILLY,1.49,-,10.61,12.01691383,2018,Nov,13
2018/11/13,UTTAR PRADESH,SHRAWASTI,0.38,-,3.35,15.63233534,2018,Nov,13
2018/11/13,UTTAR PRADESH,SULTANPUR,0.2,-,1.31,15.83281105,2018,Nov,13
2018/11/13,UTTAR PRADESH,GONDA,1.37,-,8.91,12.55578123,2018,Nov,13
2018/11/13,UTTAR PRADESH,GAUTAM BUDDHA NAGAR,2.11,-,13.75,10.63940432,2018,Nov,13
2018/11/13,UTTAR PRADESH,KANSIRAM NAGAR,1.77,-,14.95,11.82017057,2018,Nov,13
2018/11/13,UTTAR PRADESH,MAHARAJGANJ,0.29,-,2.63,16.18926532,2018,Nov,13
2018/11/13,UTTAR PRADESH,MAINPURI,0.12,-,1.1,10.85803856,2018,Nov,13
2018/11/13,UTTAR PRADESH,VARANASI,0.59,-,4.79,13.43043863,2018,Nov,13
2018/11/13,UTTAR PRADESH,AURAIYA,0.81,-,5.96,9.538299938,2018,Nov,13
2018/11/12,UTTAR PRADESH,FARRUKHABAD,1.61,-,11.71,10.2508191,2018,Nov,12
2018/11/12,UTTAR PRADESH,LUCKNOW,1.94,-,13.52,9.496516174,2018,Nov,12
2018/11/12,UTTAR PRADESH,KHERI,2.6,-,18.18,10.79436025,2018,Nov,12
2018/11/12,UTTAR PRADESH,CHANDAULI,0.81,-,6.62,13.00378693,2018,Nov,12
2018/11/12,UTTAR PRADESH,AMBEDKAR NAGAR,0.33,-,1.96,14.29519922,2018,Nov,12
2018/11/12,UTTAR PRADESH,BUDAUN,1.76,-,15.24,9.642349426,2018,Nov,12
2018/11/12,UTTAR PRADESH,BALRAMPUR,1.9,-,13.06,11.54740377,2018,Nov,12
2018/11/12,UTTAR PRADESH,BASTI,0.78,-,4.77,11.92155856,2018,Nov,12
2018/11/12,UTTAR PRADESH,RAMPUR,1.41,-,9.73,12.49821501,2018,Nov,12
2018/11/12,UTTAR PRADESH,MIRZAPUR,1.53,-,13.17,10.55935924,2018,Nov,12
2018/11/12,UTTAR PRADESH,JYOTIBA PHULE NAGAR,2.2,-,20.55,10.83670264,2018,Nov,12
2018/11/12,UTTAR PRADESH,LALITPUR,2.24,-,15.16,5.657126131,2018,Nov,12
2018/11/12,UTTAR PRADESH,MAHAMAYA NAGAR,0.08,-,0.49,14.38998031,2018,Nov,12
2018/11/12,UTTAR PRADESH,MATHURA,0.21,-,1.39,12.11162039,2018,Nov,12
2018/11/12,UTTAR PRADESH,MAHOBA,0.72,-,5.44,3.97261913,2018,Nov,12
2018/11/12,UTTAR PRADESH,CHITRAKOOT,1.31,-,11.53,8.979185829,2018,Nov,12
2018/11/12,UTTAR PRADESH,SAHARANPUR,3.46,-,25.41,14.27155128,2018,Nov,12
2018/11/12,UTTAR PRADESH,KANNAUJ,1.31,-,9.42,10.82641929,2018,Nov,12
2018/11/12,UTTAR PRADESH,SANT KABIR NAGAR,0.11,-,0.77,12.63621703,2018,Nov,12
2018/11/12,UTTAR PRADESH,SONBHADRA,1.18,-,8.19,14.66254737,2018,Nov,12
2018/11/12,UTTAR PRADESH,FATEHPUR,1.76,-,13.68,7.295424537,2018,Nov,12
2018/11/12,UTTAR PRADESH,BARA BANKI,0.39,-,2.38,12.87738585,2018,Nov,12
2018/11/12,UTTAR PRADESH,AZAMGARH,0.36,-,2.34,11.88067629,2018,Nov,12
2018/11/12,UTTAR PRADESH,BAGHPAT,1.52,-,10.13,10.81209846,2018,Nov,12
2018/11/12,UTTAR PRADESH,ALIGARH,0.51,-,3.56,13.51104095,2018,Nov,12
2018/11/12,UTTAR PRADESH,HARDOI,0.61,-,4.78,11.40651577,2018,Nov,12
2018/11/12,UTTAR PRADESH,RAE BARELI,1.13,-,9.27,10.73198477,2018,Nov,12
2018/11/12,UTTAR PRADESH,GHAZIPUR,1.55,-,12.41,11.37968665,2018,Nov,12
2018/11/12,UTTAR PRADESH,KAUSHAMBI,2.25,-,17.25,8.056129857,2018,Nov,12
2018/11/12,UTTAR PRADESH,BULANDSHAHR,0.59,-,4.11,12.0246053,2018,Nov,12
2018/11/12,UTTAR PRADESH,DEORIA,0.11,-,0.62,16.18226876,2018,Nov,12
2018/11/12,UTTAR PRADESH,BAHRAICH,1.51,-,12.83,11.89192805,2018,Nov,12
2018/11/12,UTTAR PRADESH,GORAKHPUR,0.77,-,5.35,13.00235044,2018,Nov,12
2018/11/12,UTTAR PRADESH,BIJNOR,2.77,-,21.03,14.00083526,2018,Nov,12
2018/11/12,UTTAR PRADESH,BANDA,0.75,-,6.13,8.457969203,2018,Nov,12
2018/11/12,UTTAR PRADESH,MUZAFFARNAGAR,1.0,-,8.14,12.27053483,2018,Nov,12
2018/11/12,UTTAR PRADESH,SANT RAVI DAS NAGAR(BHADOHI),1.33,-,9.6,10.87296802,2018,Nov,12
2018/11/12,UTTAR PRADESH,HAMIRPUR,0.11,-,0.8,9.195905856,2018,Nov,12
2018/11/12,UTTAR PRADESH,PRATAPGARH,0.23,-,1.89,12.9048678,2018,Nov,12
2018/11/12,UTTAR PRADESH,ETAWAH,1.17,-,8.33,10.25397377,2018,Nov,12
2018/11/12,UTTAR PRADESH,MORADABAD,1.75,-,13.9,12.15002432,2018,Nov,12
2018/11/12,UTTAR PRADESH,AGRA,1.18,-,9.17,11.29294618,2018,Nov,12
2018/11/12,UTTAR PRADESH,JAUNPUR,0.22,-,1.9,11.38868476,2018,Nov,12
2018/11/12,UTTAR PRADESH,KANPUR NAGAR,0.85,-,5.51,8.429547682,2018,Nov,12
2018/11/12,UTTAR PRADESH,JHANSI,1.83,-,13.5,8.250341048,2018,Nov,12
2018/11/12,UTTAR PRADESH,SIDDHARTH NAGAR,0.01,-,0.04,13.29916068,2018,Nov,12
2018/11/12,UTTAR PRADESH,MEERUT,1.68,-,11.37,12.13793567,2018,Nov,12
2018/11/12,UTTAR PRADESH,PILIBHIT,2.59,-,18.49,12.67038117,2018,Nov,12
2018/11/12,UTTAR PRADESH,SHAHJAHANPUR,0.71,-,5.99,12.06598058,2018,Nov,12
2018/11/12,UTTAR PRADESH,KANPUR DEHAT,0.72,-,4.42,9.471558292,2018,Nov,12
2018/11/12,UTTAR PRADESH,FIROZABAD,1.07,-,8.48,10.95377937,2018,Nov,12
2018/11/12,UTTAR PRADESH,AYODHYA,0.87,-,5.36,13.45643864,2018,Nov,12
2018/11/12,UTTAR PRADESH,KUSHINAGAR,0.24,-,2.22,16.95744396,2018,Nov,12
2018/11/12,UTTAR PRADESH,JALAUN,0.09,-,0.52,15.59435039,2018,Nov,12
2018/11/12,UTTAR PRADESH,GHAZIABAD,2.18,-,14.28,10.59249405,2018,Nov,12
2018/11/12,UTTAR PRADESH,ETAH,0.0,-,0.0,13.77769476,2018,Nov,12
2018/11/12,UTTAR PRADESH,BALLIA,0.02,-,0.18,11.77973423,2018,Nov,12
2018/11/12,UTTAR PRADESH,UNNAO,0.69,-,5.38,9.467654055,2018,Nov,12
2018/11/12,UTTAR PRADESH,MAU,0.34,-,2.13,12.2278332,2018,Nov,12
2018/11/12,UTTAR PRADESH,SITAPUR,0.77,-,5.49,11.15872336,2018,Nov,12
2018/11/12,UTTAR PRADESH,PRAYAGRAJ,1.52,-,13.45,10.93250934,2018,Nov,12
2018/11/12,UTTAR PRADESH,BAREILLY,1.55,-,11.0,12.06374877,2018,Nov,12
2018/11/12,UTTAR PRADESH,SHRAWASTI,0.41,-,3.61,15.65511335,2018,Nov,12
2018/11/12,UTTAR PRADESH,SULTANPUR,0.21,-,1.38,15.85620685,2018,Nov,12
2018/11/12,UTTAR PRADESH,GONDA,1.41,-,9.22,12.58533401,2018,Nov,12
2018/11/12,UTTAR PRADESH,GAUTAM BUDDHA NAGAR,2.13,-,13.88,10.69569952,2018,Nov,12
2018/11/12,UTTAR PRADESH,KANSIRAM NAGAR,1.77,-,15.0,11.84959137,2018,Nov,12
2018/11/12,UTTAR PRADESH,MAHARAJGANJ,0.3,-,2.69,16.21698408,2018,Nov,12
2018/11/12,UTTAR PRADESH,MAINPURI,0.12,-,1.11,10.88625891,2018,Nov,12
2018/11/12,UTTAR PRADESH,VARANASI,0.62,-,5.01,13.50506301,2018,Nov,12
2018/11/12,UTTAR PRADESH,AURAIYA,0.83,-,6.04,9.584998863,2018,Nov,12
2018/11/11,UTTAR PRADESH,FARRUKHABAD,1.64,-,11.9,10.33652214,2018,Nov,11
2018/11/11,UTTAR PRADESH,LUCKNOW,1.97,-,13.71,9.539852257,2018,Nov,11
2018/11/11,UTTAR PRADESH,KHERI,2.66,-,18.53,10.87574181,2018,Nov,11
2018/11/11,UTTAR PRADESH,CHANDAULI,0.84,-,6.86,13.10748068,2018,Nov,11
2018/11/11,UTTAR PRADESH,AMBEDKAR NAGAR,0.33,-,2.01,14.30087847,2018,Nov,11
2018/11/11,UTTAR PRADESH,BUDAUN,1.79,-,15.55,9.675270939,2018,Nov,11
2018/11/11,UTTAR PRADESH,BALRAMPUR,1.99,-,13.64,11.58896163,2018,Nov,11
2018/11/11,UTTAR PRADESH,BASTI,0.8,-,4.89,11.93707398,2018,Nov,11
2018/11/11,UTTAR PRADESH,RAMPUR,1.53,-,10.52,12.56015158,2018,Nov,11
2018/11/11,UTTAR PRADESH,MIRZAPUR,1.56,-,13.43,10.70537423,2018,Nov,11
2018/11/11,UTTAR PRADESH,JYOTIBA PHULE NAGAR,2.26,-,21.02,10.89384737,2018,Nov,11
2018/11/11,UTTAR PRADESH,LALITPUR,2.25,-,15.3,5.706106641,2018,Nov,11
2018/11/11,UTTAR PRADESH,MAHAMAYA NAGAR,0.08,-,0.5,14.42860767,2018,Nov,11
2018/11/11,UTTAR PRADESH,MATHURA,0.21,-,1.41,12.15562752,2018,Nov,11
2018/11/11,UTTAR PRADESH,MAHOBA,0.73,-,5.51,4.008821333,2018,Nov,11
2018/11/11,UTTAR PRADESH,CHITRAKOOT,1.31,-,11.56,9.036616211,2018,Nov,11
2018/11/11,UTTAR PRADESH,SAHARANPUR,3.62,-,26.53,14.39525472,2018,Nov,11
2018/11/11,UTTAR PRADESH,KANNAUJ,1.34,-,9.61,10.90056863,2018,Nov,11
2018/11/11,UTTAR PRADESH,SANT KABIR NAGAR,0.12,-,0.87,12.64657634,2018,Nov,11
2018/11/11,UTTAR PRADESH,SONBHADRA,1.2,-,8.33,14.80014056,2018,Nov,11
2018/11/11,UTTAR PRADESH,FATEHPUR,1.77,-,13.76,7.31692609,2018,Nov,11
2018/11/11,UTTAR PRADESH,BARA BANKI,0.4,-,2.43,12.89960439,2018,Nov,11
2018/11/11,UTTAR PRADESH,AZAMGARH,0.38,-,2.51,11.89895116,2018,Nov,11
2018/11/11,UTTAR PRADESH,BAGHPAT,1.56,-,10.38,10.86783155,2018,Nov,11
2018/11/11,UTTAR PRADESH,ALIGARH,0.51,-,3.58,13.54524248,2018,Nov,11
2018/11/11,UTTAR PRADESH,HARDOI,0.63,-,4.89,11.45369006,2018,Nov,11
2018/11/11,UTTAR PRADESH,RAE BARELI,1.15,-,9.4,10.75466043,2018,Nov,11
2018/11/11,UTTAR PRADESH,GHAZIPUR,1.67,-,13.41,11.41870911,2018,Nov,11
2018/11/11,UTTAR PRADESH,KAUSHAMBI,2.27,-,17.42,8.087319171,2018,Nov,11
2018/11/11,UTTAR PRADESH,BULANDSHAHR,0.59,-,4.17,12.07116972,2018,Nov,11
2018/11/11,UTTAR PRADESH,DEORIA,0.11,-,0.63,16.19557586,2018,Nov,11
2018/11/11,UTTAR PRADESH,BAHRAICH,1.54,-,13.13,11.93587355,2018,Nov,11
2018/11/11,UTTAR PRADESH,GORAKHPUR,0.81,-,5.71,13.02420888,2018,Nov,11
2018/11/11,UTTAR PRADESH,BIJNOR,2.9,-,21.93,14.14786276,2018,Nov,11
2018/11/11,UTTAR PRADESH,BANDA,0.76,-,6.16,8.485932238,2018,Nov,11
2018/11/11,UTTAR PRADESH,MUZAFFARNAGAR,1.04,-,8.46,12.35499645,2018,Nov,11
2018/11/11,UTTAR PRADESH,SANT RAVI DAS NAGAR(BHADOHI),1.37,-,9.9,10.9185394,2018,Nov,11
2018/11/11,UTTAR PRADESH,HAMIRPUR,0.11,-,0.82,9.225151673,2018,Nov,11
2018/11/11,UTTAR PRADESH,PRATAPGARH,0.23,-,1.93,12.94450662,2018,Nov,11
2018/11/11,UTTAR PRADESH,ETAWAH,1.19,-,8.48,10.30278753,2018,Nov,11
2018/11/11,UTTAR PRADESH,MORADABAD,1.85,-,14.58,12.22958864,2018,Nov,11
2018/11/11,UTTAR PRADESH,AGRA,1.19,-,9.26,11.34929266,2018,Nov,11
2018/11/11,UTTAR PRADESH,JAUNPUR,0.23,-,1.95,11.42645129,2018,Nov,11
2018/11/11,UTTAR PRADESH,KANPUR NAGAR,0.86,-,5.55,8.4499671,2018,Nov,11
2018/11/11,UTTAR PRADESH,JHANSI,1.85,-,13.63,8.282650578,2018,Nov,11
2018/11/11,UTTAR PRADESH,SIDDHARTH NAGAR,0.01,-,0.05,13.30486742,2018,Nov,11
2018/11/11,UTTAR PRADESH,MEERUT,1.73,-,11.7,12.21378003,2018,Nov,11
2018/11/11,UTTAR PRADESH,PILIBHIT,2.67,-,19.05,12.75672592,2018,Nov,11
2018/11/11,UTTAR PRADESH,SHAHJAHANPUR,0.74,-,6.29,12.10522114,2018,Nov,11
2018/11/11,UTTAR PRADESH,KANPUR DEHAT,0.72,-,4.45,9.496869026,2018,Nov,11
2018/11/11,UTTAR PRADESH,FIROZABAD,1.07,-,8.51,11.00376949,2018,Nov,11
2018/11/11,UTTAR PRADESH,AYODHYA,0.89,-,5.49,13.47457758,2018,Nov,11
2018/11/11,UTTAR PRADESH,KUSHINAGAR,0.27,-,2.41,16.96767604,2018,Nov,11
2018/11/11,UTTAR PRADESH,JALAUN,0.09,-,0.52,15.6301454,2018,Nov,11
2018/11/11,UTTAR PRADESH,GHAZIABAD,2.2,-,14.44,10.65925597,2018,Nov,11
2018/11/11,UTTAR PRADESH,ETAH,0.0,-,0.0,13.81046187,2018,Nov,11
2018/11/11,UTTAR PRADESH,BALLIA,0.03,-,0.2,11.83820264,2018,Nov,11
2018/11/11,UTTAR PRADESH,UNNAO,0.7,-,5.46,9.492143707,2018,Nov,11
2018/11/11,UTTAR PRADESH,MAU,0.37,-,2.39,12.25229385,2018,Nov,11
2018/11/11,UTTAR PRADESH,SITAPUR,0.79,-,5.62,11.1858848,2018,Nov,11
2018/11/11,UTTAR PRADESH,PRAYAGRAJ,1.54,-,13.6,10.98875816,2018,Nov,11
2018/11/11,UTTAR PRADESH,BAREILLY,1.63,-,11.53,12.11866247,2018,Nov,11
2018/11/11,UTTAR PRADESH,SHRAWASTI,0.44,-,3.87,15.68507656,2018,Nov,11
2018/11/11,UTTAR PRADESH,SULTANPUR,0.23,-,1.46,15.88226805,2018,Nov,11
2018/11/11,UTTAR PRADESH,GONDA,1.46,-,9.53,12.61484508,2018,Nov,11
2018/11/11,UTTAR PRADESH,GAUTAM BUDDHA NAGAR,2.15,-,13.99,10.76361882,2018,Nov,11
2018/11/11,UTTAR PRADESH,KANSIRAM NAGAR,1.78,-,15.08,11.88029612,2018,Nov,11
2018/11/11,UTTAR PRADESH,MAHARAJGANJ,0.3,-,2.74,16.24006813,2018,Nov,11
2018/11/11,UTTAR PRADESH,MAINPURI,0.12,-,1.12,10.91688299,2018,Nov,11
2018/11/11,UTTAR PRADESH,VARANASI,0.65,-,5.22,13.55740892,2018,Nov,11
2018/11/11,UTTAR PRADESH,AURAIYA,0.84,-,6.1,9.623430604,2018,Nov,11
2018/11/10,UTTAR PRADESH,FARRUKHABAD,1.65,-,12.02,10.39429047,2018,Nov,10
2018/11/10,UTTAR PRADESH,LUCKNOW,1.98,-,13.79,9.561083378,2018,Nov,10
2018/11/10,UTTAR PRADESH,KHERI,2.69,-,18.75,10.92043334,2018,Nov,10
2018/11/10,UTTAR PRADESH,CHANDAULI,0.87,-,7.03,13.15222068,2018,Nov,10
2018/11/10,UTTAR PRADESH,AMBEDKAR NAGAR,0.34,-,2.03,14.30309056,2018,Nov,10
2018/11/10,UTTAR PRADESH,BUDAUN,1.82,-,15.76,9.699759401,2018,Nov,10
2018/11/10,UTTAR PRADESH,BALRAMPUR,2.03,-,13.92,11.60385016,2018,Nov,10
2018/11/10,UTTAR PRADESH,BASTI,0.81,-,4.95,11.94211298,2018,Nov,10
2018/11/10,UTTAR PRADESH,RAMPUR,1.6,-,11.0,12.59167286,2018,Nov,10
2018/11/10,UTTAR PRADESH,MIRZAPUR,1.57,-,13.54,10.75692382,2018,Nov,10
2018/11/10,UTTAR PRADESH,JYOTIBA PHULE NAGAR,2.29,-,21.3,10.93579175,2018,Nov,10
2018/11/10,UTTAR PRADESH,LALITPUR,2.27,-,15.37,5.733459569,2018,Nov,10
2018/11/10,UTTAR PRADESH,MAHAMAYA NAGAR,0.08,-,0.51,14.44401718,2018,Nov,10
2018/11/10,UTTAR PRADESH,MATHURA,0.21,-,1.41,12.18053206,2018,Nov,10
2018/11/10,UTTAR PRADESH,MAHOBA,0.73,-,5.57,4.034293607,2018,Nov,10
2018/11/10,UTTAR PRADESH,CHITRAKOOT,1.31,-,11.59,9.055752108,2018,Nov,10
2018/11/10,UTTAR PRADESH,SAHARANPUR,3.69,-,27.07,14.46086395,2018,Nov,10
2018/11/10,UTTAR PRADESH,KANNAUJ,1.36,-,9.78,10.94664447,2018,Nov,10
2018/11/10,UTTAR PRADESH,SANT KABIR NAGAR,0.12,-,0.9,12.65502709,2018,Nov,10
2018/11/10,UTTAR PRADESH,SONBHADRA,1.21,-,8.43,14.86212751,2018,Nov,10
2018/11/10,UTTAR PRADESH,FATEHPUR,1.78,-,13.82,7.326737425,2018,Nov,10
2018/11/10,UTTAR PRADESH,BARA BANKI,0.41,-,2.46,12.9115806,2018,Nov,10
2018/11/10,UTTAR PRADESH,AZAMGARH,0.39,-,2.58,11.90737781,2018,Nov,10
2018/11/10,UTTAR PRADESH,BAGHPAT,1.58,-,10.53,10.91054493,2018,Nov,10
2018/11/10,UTTAR PRADESH,ALIGARH,0.51,-,3.59,13.56313055,2018,Nov,10
2018/11/10,UTTAR PRADESH,HARDOI,0.64,-,4.99,11.48310929,2018,Nov,10
2018/11/10,UTTAR PRADESH,RAE BARELI,1.16,-,9.49,10.7629983,2018,Nov,10
2018/11/10,UTTAR PRADESH,GHAZIPUR,1.74,-,13.97,11.45140341,2018,Nov,10
2018/11/10,UTTAR PRADESH,KAUSHAMBI,2.29,-,17.52,8.111402256,2018,Nov,10
2018/11/10,UTTAR PRADESH,BULANDSHAHR,0.6,-,4.22,12.0973634,2018,Nov,10
2018/11/10,UTTAR PRADESH,DEORIA,0.11,-,0.65,16.20527288,2018,Nov,10
2018/11/10,UTTAR PRADESH,BAHRAICH,1.55,-,13.26,11.95595563,2018,Nov,10
2018/11/10,UTTAR PRADESH,GORAKHPUR,0.82,-,5.8,13.03430503,2018,Nov,10
2018/11/10,UTTAR PRADESH,BIJNOR,2.98,-,22.43,14.22951186,2018,Nov,10
2018/11/10,UTTAR PRADESH,BANDA,0.76,-,6.17,8.506628994,2018,Nov,10
2018/11/10,UTTAR PRADESH,MUZAFFARNAGAR,1.06,-,8.6,12.38939649,2018,Nov,10
2018/11/10,UTTAR PRADESH,SANT RAVI DAS NAGAR(BHADOHI),1.39,-,10.01,10.94841329,2018,Nov,10
2018/11/10,UTTAR PRADESH,HAMIRPUR,0.11,-,0.83,9.239981557,2018,Nov,10
2018/11/10,UTTAR PRADESH,PRATAPGARH,0.24,-,1.96,12.97124279,2018,Nov,10
2018/11/10,UTTAR PRADESH,ETAWAH,1.21,-,8.57,10.32466623,2018,Nov,10
2018/11/10,UTTAR PRADESH,MORADABAD,1.89,-,14.93,12.27095088,2018,Nov,10
2018/11/10,UTTAR PRADESH,AGRA,1.2,-,9.3,11.38228856,2018,Nov,10
2018/11/10,UTTAR PRADESH,JAUNPUR,0.23,-,1.98,11.451573,2018,Nov,10
2018/11/10,UTTAR PRADESH,KANPUR NAGAR,0.87,-,5.6,8.462113139,2018,Nov,10
2018/11/10,UTTAR PRADESH,JHANSI,1.86,-,13.74,8.306218853,2018,Nov,10
2018/11/10,UTTAR PRADESH,SIDDHARTH NAGAR,0.01,-,0.05,13.30816948,2018,Nov,10
2018/11/10,UTTAR PRADESH,MEERUT,1.76,-,11.89,12.25635832,2018,Nov,10
2018/11/10,UTTAR PRADESH,PILIBHIT,2.73,-,19.42,12.80125311,2018,Nov,10
2018/11/10,UTTAR PRADESH,SHAHJAHANPUR,0.77,-,6.52,12.13459292,2018,Nov,10
2018/11/10,UTTAR PRADESH,KANPUR DEHAT,0.73,-,4.49,9.512082323,2018,Nov,10
2018/11/10,UTTAR PRADESH,FIROZABAD,1.08,-,8.54,11.03478124,2018,Nov,10
2018/11/10,UTTAR PRADESH,AYODHYA,0.9,-,5.57,13.48522743,2018,Nov,10
2018/11/10,UTTAR PRADESH,KUSHINAGAR,0.28,-,2.5,16.97394448,2018,Nov,10
2018/11/10,UTTAR PRADESH,JALAUN,0.09,-,0.54,15.64973643,2018,Nov,10
2018/11/10,UTTAR PRADESH,GHAZIABAD,2.22,-,14.55,10.69417605,2018,Nov,10
2018/11/10,UTTAR PRADESH,ETAH,0.0,-,0.0,13.82637287,2018,Nov,10
2018/11/10,UTTAR PRADESH,BALLIA,0.03,-,0.21,11.87500177,2018,Nov,10
2018/11/10,UTTAR PRADESH,UNNAO,0.71,-,5.51,9.505497108,2018,Nov,10
2018/11/10,UTTAR PRADESH,MAU,0.4,-,2.55,12.26180338,2018,Nov,10
2018/11/10,UTTAR PRADESH,SITAPUR,0.8,-,5.69,11.20102835,2018,Nov,10
2018/11/10,UTTAR PRADESH,PRAYAGRAJ,1.56,-,13.72,11.01554008,2018,Nov,10
2018/11/10,UTTAR PRADESH,BAREILLY,1.68,-,11.9,12.15987191,2018,Nov,10
2018/11/10,UTTAR PRADESH,SHRAWASTI,0.45,-,4.03,15.69391674,2018,Nov,10
2018/11/10,UTTAR PRADESH,SULTANPUR,0.23,-,1.51,15.89870246,2018,Nov,10
2018/11/10,UTTAR PRADESH,GONDA,1.49,-,9.74,12.63365947,2018,Nov,10
2018/11/10,UTTAR PRADESH,GAUTAM BUDDHA NAGAR,2.17,-,14.07,10.79076073,2018,Nov,10
2018/11/10,UTTAR PRADESH,KANSIRAM NAGAR,1.79,-,15.15,11.90851139,2018,Nov,10
2018/11/10,UTTAR PRADESH,MAHARAJGANJ,0.3,-,2.76,16.24974615,2018,Nov,10
2018/11/10,UTTAR PRADESH,MAINPURI,0.12,-,1.13,10.93747173,2018,Nov,10
2018/11/10,UTTAR PRADESH,VARANASI,0.66,-,5.32,13.60083401,2018,Nov,10
2018/11/10,UTTAR PRADESH,AURAIYA,0.84,-,6.16,9.652459705,2018,Nov,10
2018/11/09,UTTAR PRADESH,FARRUKHABAD,1.68,-,12.19,10.48411929,2018,Nov,9
2018/11/09,UTTAR PRADESH,LUCKNOW,2.0,-,13.96,9.608037141,2018,Nov,9
2018/11/09,UTTAR PRADESH,KHERI,2.74,-,19.1,10.9974045,2018,Nov,9
2018/11/09,UTTAR PRADESH,CHANDAULI,0.9,-,7.29,13.26853836,2018,Nov,9
2018/11/09,UTTAR PRADESH,AMBEDKAR NAGAR,0.35,-,2.1,14.31640857,2018,Nov,9
2018/11/09,UTTAR PRADESH,BUDAUN,1.85,-,16.06,9.73354866,2018,Nov,9
2018/11/09,UTTAR PRADESH,BALRAMPUR,2.11,-,14.42,11.63761648,2018,Nov,9
2018/11/09,UTTAR PRADESH,BASTI,0.83,-,5.07,11.96295569,2018,Nov,9
2018/11/09,UTTAR PRADESH,RAMPUR,1.75,-,11.93,12.64730383,2018,Nov,9
2018/11/09,UTTAR PRADESH,MIRZAPUR,1.6,-,13.8,10.91774639,2018,Nov,9
2018/11/09,UTTAR PRADESH,JYOTIBA PHULE NAGAR,2.35,-,21.73,11.00374761,2018,Nov,9
2018/11/09,UTTAR PRADESH,LALITPUR,2.28,-,15.52,5.786922935,2018,Nov,9
2018/11/09,UTTAR PRADESH,MAHAMAYA NAGAR,0.08,-,0.51,14.48247688,2018,Nov,9
2018/11/09,UTTAR PRADESH,MATHURA,0.21,-,1.42,12.22150649,2018,Nov,9
2018/11/09,UTTAR PRADESH,MAHOBA,0.75,-,5.66,4.080191681,2018,Nov,9
2018/11/09,UTTAR PRADESH,CHITRAKOOT,1.32,-,11.61,9.120511628,2018,Nov,9
2018/11/09,UTTAR PRADESH,SAHARANPUR,3.82,-,27.99,14.57087575,2018,Nov,9
2018/11/09,UTTAR PRADESH,KANNAUJ,1.39,-,9.98,11.03371787,2018,Nov,9
2018/11/09,UTTAR PRADESH,SANT KABIR NAGAR,0.14,-,1.02,12.66724071,2018,Nov,9
2018/11/09,UTTAR PRADESH,SONBHADRA,1.23,-,8.57,15.02119707,2018,Nov,9
2018/11/09,UTTAR PRADESH,FATEHPUR,1.79,-,13.9,7.34574116,2018,Nov,9
2018/11/09,UTTAR PRADESH,BARA BANKI,0.41,-,2.51,12.92993911,2018,Nov,9
2018/11/09,UTTAR PRADESH,AZAMGARH,0.41,-,2.78,11.93034482,2018,Nov,9
2018/11/09,UTTAR PRADESH,BAGHPAT,1.63,-,10.81,10.98617187,2018,Nov,9
2018/11/09,UTTAR PRADESH,ALIGARH,0.52,-,3.62,13.59932402,2018,Nov,9
2018/11/09,UTTAR PRADESH,HARDOI,0.66,-,5.13,11.53403572,2018,Nov,9
2018/11/09,UTTAR PRADESH,RAE BARELI,1.18,-,9.63,10.78600573,2018,Nov,9
2018/11/09,UTTAR PRADESH,GHAZIPUR,1.88,-,15.03,11.49386168,2018,Nov,9
2018/11/09,UTTAR PRADESH,KAUSHAMBI,2.31,-,17.69,8.151426482,2018,Nov,9
2018/11/09,UTTAR PRADESH,BULANDSHAHR,0.61,-,4.29,12.14765587,2018,Nov,9
2018/11/09,UTTAR PRADESH,DEORIA,0.11,-,0.67,16.22467694,2018,Nov,9
2018/11/09,UTTAR PRADESH,BAHRAICH,1.58,-,13.53,11.99766258,2018,Nov,9
2018/11/09,UTTAR PRADESH,GORAKHPUR,0.87,-,6.21,13.06317037,2018,Nov,9
2018/11/09,UTTAR PRADESH,BIJNOR,3.1,-,23.23,14.37359779,2018,Nov,9
2018/11/09,UTTAR PRADESH,BANDA,0.76,-,6.2,8.538256717,2018,Nov,9
2018/11/09,UTTAR PRADESH,MUZAFFARNAGAR,1.1,-,8.85,12.46489142,2018,Nov,9
2018/11/09,UTTAR PRADESH,SANT RAVI DAS NAGAR(BHADOHI),1.43,-,10.32,11.00253531,2018,Nov,9
2018/11/09,UTTAR PRADESH,HAMIRPUR,0.11,-,0.84,9.278280242,2018,Nov,9
2018/11/09,UTTAR PRADESH,PRATAPGARH,0.24,-,1.99,13.01879736,2018,Nov,9
2018/11/09,UTTAR PRADESH,ETAWAH,1.23,-,8.74,10.38526632,2018,Nov,9
2018/11/09,UTTAR PRADESH,MORADABAD,1.98,-,15.53,12.36203161,2018,Nov,9
2018/11/09,UTTAR PRADESH,AGRA,1.21,-,9.38,11.44887751,2018,Nov,9
2018/11/09,UTTAR PRADESH,JAUNPUR,0.24,-,2.04,11.4955409,2018,Nov,9
2018/11/09,UTTAR PRADESH,KANPUR NAGAR,0.88,-,5.68,8.487971532,2018,Nov,9
2018/11/09,UTTAR PRADESH,JHANSI,1.87,-,13.84,8.350851649,2018,Nov,9
2018/11/09,UTTAR PRADESH,SIDDHARTH NAGAR,0.01,-,0.06,13.31636253,2018,Nov,9
2018/11/09,UTTAR PRADESH,MEERUT,1.82,-,12.21,12.32854023,2018,Nov,9
2018/11/09,UTTAR PRADESH,PILIBHIT,2.81,-,19.98,12.8744513,2018,Nov,9
2018/11/09,UTTAR PRADESH,SHAHJAHANPUR,0.81,-,6.85,12.17492533,2018,Nov,9
2018/11/09,UTTAR PRADESH,KANPUR DEHAT,0.74,-,4.56,9.541944822,2018,Nov,9
2018/11/09,UTTAR PRADESH,FIROZABAD,1.08,-,8.56,11.08539928,2018,Nov,9
2018/11/09,UTTAR PRADESH,AYODHYA,0.92,-,5.71,13.50314997,2018,Nov,9
2018/11/09,UTTAR PRADESH,KUSHINAGAR,0.3,-,2.76,16.989573,2018,Nov,9
2018/11/09,UTTAR PRADESH,JALAUN,0.09,-,0.54,15.6905895,2018,Nov,9
2018/11/09,UTTAR PRADESH,GHAZIABAD,2.25,-,14.74,10.77233877,2018,Nov,9
2018/11/09,UTTAR PRADESH,ETAH,0.0,-,0.0,13.85683942,2018,Nov,9
2018/11/09,UTTAR PRADESH,BALLIA,0.03,-,0.24,11.94030399,2018,Nov,9
2018/11/09,UTTAR PRADESH,UNNAO,0.72,-,5.61,9.521284711,2018,Nov,9
2018/11/09,UTTAR PRADESH,MAU,0.44,-,2.86,12.28657512,2018,Nov,9
2018/11/09,UTTAR PRADESH,SITAPUR,0.82,-,5.79,11.22539455,2018,Nov,9
2018/11/09,UTTAR PRADESH,PRAYAGRAJ,1.58,-,13.92,11.07868854,2018,Nov,9
2018/11/09,UTTAR PRADESH,BAREILLY,1.76,-,12.45,12.21800136,2018,Nov,9
2018/11/09,UTTAR PRADESH,SHRAWASTI,0.48,-,4.25,15.71841652,2018,Nov,9
2018/11/09,UTTAR PRADESH,SULTANPUR,0.24,-,1.59,15.91913092,2018,Nov,9
2018/11/09,UTTAR PRADESH,GONDA,1.54,-,10.11,12.66700527,2018,Nov,9
2018/11/09,UTTAR PRADESH,GAUTAM BUDDHA NAGAR,2.19,-,14.21,10.86744893,2018,Nov,9
2018/11/09,UTTAR PRADESH,KANSIRAM NAGAR,1.8,-,15.23,11.94357013,2018,Nov,9
2018/11/09,UTTAR PRADESH,MAHARAJGANJ,0.31,-,2.81,16.28739714,2018,Nov,9
2018/11/09,UTTAR PRADESH,MAINPURI,0.12,-,1.14,10.97358133,2018,Nov,9
2018/11/09,UTTAR PRADESH,VARANASI,0.68,-,5.52,13.66527869,2018,Nov,9
2018/11/09,UTTAR PRADESH,AURAIYA,0.86,-,6.24,9.706850202,2018,Nov,9
2018/11/08,UTTAR PRADESH,FARRUKHABAD,1.7,-,12.35,10.58303943,2018,Nov,8
2018/11/08,UTTAR PRADESH,LUCKNOW,2.02,-,14.13,9.645880745,2018,Nov,8
2018/11/08,UTTAR PRADESH,KHERI,2.79,-,19.43,11.07790573,2018,Nov,8
2018/11/08,UTTAR PRADESH,CHANDAULI,0.93,-,7.58,13.37189216,2018,Nov,8
2018/11/08,UTTAR PRADESH,AMBEDKAR NAGAR,0.36,-,2.17,14.32411531,2018,Nov,8
2018/11/08,UTTAR PRADESH,BUDAUN,1.89,-,16.43,9.769789326,2018,Nov,8
2018/11/08,UTTAR PRADESH,BALRAMPUR,2.19,-,14.93,11.67904951,2018,Nov,8
2018/11/08,UTTAR PRADESH,BASTI,0.85,-,5.21,11.97536397,2018,Nov,8
2018/11/08,UTTAR PRADESH,RAMPUR,1.9,-,12.92,12.69387091,2018,Nov,8
2018/11/08,UTTAR PRADESH,MIRZAPUR,1.63,-,14.06,11.07824637,2018,Nov,8
2018/11/08,UTTAR PRADESH,JYOTIBA PHULE NAGAR,2.39,-,22.04,11.07504378,2018,Nov,8
2018/11/08,UTTAR PRADESH,LALITPUR,2.3,-,15.63,5.841468723,2018,Nov,8
2018/11/08,UTTAR PRADESH,MAHAMAYA NAGAR,0.08,-,0.52,14.53754491,2018,Nov,8
2018/11/08,UTTAR PRADESH,MATHURA,0.21,-,1.43,12.27501836,2018,Nov,8
2018/11/08,UTTAR PRADESH,MAHOBA,0.76,-,5.74,4.128298531,2018,Nov,8
2018/11/08,UTTAR PRADESH,CHITRAKOOT,1.32,-,11.65,9.184586519,2018,Nov,8
2018/11/08,UTTAR PRADESH,SAHARANPUR,3.97,-,29.01,14.68709564,2018,Nov,8
2018/11/08,UTTAR PRADESH,KANNAUJ,1.43,-,10.24,11.11524753,2018,Nov,8
2018/11/08,UTTAR PRADESH,SANT KABIR NAGAR,0.15,-,1.1,12.68242004,2018,Nov,8
2018/11/08,UTTAR PRADESH,SONBHADRA,1.26,-,8.72,15.18058318,2018,Nov,8
2018/11/08,UTTAR PRADESH,FATEHPUR,1.81,-,14.01,7.367219794,2018,Nov,8
2018/11/08,UTTAR PRADESH,BARA BANKI,0.42,-,2.56,12.95131116,2018,Nov,8
2018/11/08,UTTAR PRADESH,AZAMGARH,0.44,-,2.97,11.94875805,2018,Nov,8
2018/11/08,UTTAR PRADESH,BAGHPAT,1.66,-,11.05,11.06159938,2018,Nov,8
2018/11/08,UTTAR PRADESH,ALIGARH,0.52,-,3.64,13.6434432,2018,Nov,8
2018/11/08,UTTAR PRADESH,HARDOI,0.68,-,5.29,11.58564574,2018,Nov,8
2018/11/08,UTTAR PRADESH,RAE BARELI,1.2,-,9.76,10.80632469,2018,Nov,8
2018/11/08,UTTAR PRADESH,GHAZIPUR,2.01,-,16.07,11.53702786,2018,Nov,8
2018/11/08,UTTAR PRADESH,KAUSHAMBI,2.33,-,17.86,8.192562295,2018,Nov,8
2018/11/08,UTTAR PRADESH,BULANDSHAHR,0.62,-,4.37,12.21168906,2018,Nov,8
2018/11/08,UTTAR PRADESH,DEORIA,0.12,-,0.71,16.24669889,2018,Nov,8
2018/11/08,UTTAR PRADESH,BAHRAICH,1.61,-,13.77,12.03519958,2018,Nov,8
2018/11/08,UTTAR PRADESH,GORAKHPUR,0.91,-,6.59,13.08680225,2018,Nov,8
2018/11/08,UTTAR PRADESH,BIJNOR,3.23,-,24.07,14.52492084,2018,Nov,8
2018/11/08,UTTAR PRADESH,BANDA,0.77,-,6.22,8.578245309,2018,Nov,8
2018/11/08,UTTAR PRADESH,MUZAFFARNAGAR,1.14,-,9.14,12.5421827,2018,Nov,8
2018/11/08,UTTAR PRADESH,SANT RAVI DAS NAGAR(BHADOHI),1.48,-,10.62,11.05685939,2018,Nov,8
2018/11/08,UTTAR PRADESH,HAMIRPUR,0.12,-,0.86,9.313614169,2018,Nov,8
2018/11/08,UTTAR PRADESH,PRATAPGARH,0.25,-,2.02,13.05947562,2018,Nov,8
2018/11/08,UTTAR PRADESH,ETAWAH,1.26,-,8.95,10.43330109,2018,Nov,8
2018/11/08,UTTAR PRADESH,MORADABAD,2.07,-,16.17,12.44850089,2018,Nov,8
2018/11/08,UTTAR PRADESH,AGRA,1.22,-,9.46,11.52209891,2018,Nov,8
2018/11/08,UTTAR PRADESH,JAUNPUR,0.25,-,2.11,11.53348265,2018,Nov,8
2018/11/08,UTTAR PRADESH,KANPUR NAGAR,0.89,-,5.73,8.514994642,2018,Nov,8
2018/11/08,UTTAR PRADESH,JHANSI,1.89,-,13.95,8.392364972,2018,Nov,8
2018/11/08,UTTAR PRADESH,SIDDHARTH NAGAR,0.01,-,0.07,13.32495986,2018,Nov,8
2018/11/08,UTTAR PRADESH,MEERUT,1.87,-,12.53,12.40977778,2018,Nov,8
2018/11/08,UTTAR PRADESH,PILIBHIT,2.9,-,20.59,12.94436894,2018,Nov,8
2018/11/08,UTTAR PRADESH,SHAHJAHANPUR,0.85,-,7.16,12.21929892,2018,Nov,8
2018/11/08,UTTAR PRADESH,KANPUR DEHAT,0.74,-,4.6,9.568412813,2018,Nov,8
2018/11/08,UTTAR PRADESH,FIROZABAD,1.09,-,8.6,11.14955876,2018,Nov,8
2018/11/08,UTTAR PRADESH,AYODHYA,0.95,-,5.87,13.52540028,2018,Nov,8
2018/11/08,UTTAR PRADESH,KUSHINAGAR,0.33,-,3.01,17.00188307,2018,Nov,8
2018/11/08,UTTAR PRADESH,JALAUN,0.09,-,0.55,15.72745933,2018,Nov,8
2018/11/08,UTTAR PRADESH,GHAZIABAD,2.28,-,14.94,10.84148684,2018,Nov,8
2018/11/08,UTTAR PRADESH,ETAH,0.0,-,0.0,13.90496267,2018,Nov,8
2018/11/08,UTTAR PRADESH,BALLIA,0.04,-,0.26,12.00528783,2018,Nov,8
2018/11/08,UTTAR PRADESH,UNNAO,0.73,-,5.7,9.542033805,2018,Nov,8
2018/11/08,UTTAR PRADESH,MAU,0.49,-,3.22,12.31042761,2018,Nov,8
2018/11/08,UTTAR PRADESH,SITAPUR,0.84,-,5.91,11.2552249,2018,Nov,8
2018/11/08,UTTAR PRADESH,PRAYAGRAJ,1.6,-,14.11,11.14269255,2018,Nov,8
2018/11/08,UTTAR PRADESH,BAREILLY,1.85,-,13.04,12.27504163,2018,Nov,8
2018/11/08,UTTAR PRADESH,SHRAWASTI,0.51,-,4.54,15.7440617,2018,Nov,8
2018/11/08,UTTAR PRADESH,SULTANPUR,0.26,-,1.68,15.94458668,2018,Nov,8
2018/11/08,UTTAR PRADESH,GONDA,1.6,-,10.51,12.69437683,2018,Nov,8
2018/11/08,UTTAR PRADESH,GAUTAM BUDDHA NAGAR,2.22,-,14.38,10.94123916,2018,Nov,8
2018/11/08,UTTAR PRADESH,KANSIRAM NAGAR,1.8,-,15.3,11.98363522,2018,Nov,8
2018/11/08,UTTAR PRADESH,MAHARAJGANJ,0.32,-,2.88,16.31367264,2018,Nov,8
2018/11/08,UTTAR PRADESH,MAINPURI,0.13,-,1.16,11.01139149,2018,Nov,8
2018/11/08,UTTAR PRADESH,VARANASI,0.71,-,5.75,13.74229971,2018,Nov,8
2018/11/08,UTTAR PRADESH,AURAIYA,0.87,-,6.36,9.756169641,2018,Nov,8
2018/11/07,UTTAR PRADESH,FARRUKHABAD,1.73,-,12.54,10.67873733,2018,Nov,7
2018/11/07,UTTAR PRADESH,LUCKNOW,2.05,-,14.29,9.684098099,2018,Nov,7
2018/11/07,UTTAR PRADESH,KHERI,2.83,-,19.72,11.14221541,2018,Nov,7
2018/11/07,UTTAR PRADESH,CHANDAULI,0.97,-,7.91,13.49012657,2018,Nov,7
2018/11/07,UTTAR PRADESH,AMBEDKAR NAGAR,0.36,-,2.24,14.332152,2018,Nov,7
2018/11/07,UTTAR PRADESH,BUDAUN,1.94,-,16.8,9.807614327,2018,Nov,7
2018/11/07,UTTAR PRADESH,BALRAMPUR,2.27,-,15.41,11.70419077,2018,Nov,7
2018/11/07,UTTAR PRADESH,BASTI,0.87,-,5.34,11.99353582,2018,Nov,7
2018/11/07,UTTAR PRADESH,RAMPUR,2.06,-,13.89,12.74497546,2018,Nov,7
2018/11/07,UTTAR PRADESH,MIRZAPUR,1.66,-,14.3,11.23929726,2018,Nov,7
2018/11/07,UTTAR PRADESH,JYOTIBA PHULE NAGAR,2.43,-,22.29,11.14020959,2018,Nov,7
2018/11/07,UTTAR PRADESH,LALITPUR,2.32,-,15.75,5.907219754,2018,Nov,7
2018/11/07,UTTAR PRADESH,MAHAMAYA NAGAR,0.08,-,0.52,14.58087113,2018,Nov,7
2018/11/07,UTTAR PRADESH,MATHURA,0.21,-,1.44,12.32001968,2018,Nov,7
2018/11/07,UTTAR PRADESH,MAHOBA,0.76,-,5.81,4.172656962,2018,Nov,7
2018/11/07,UTTAR PRADESH,CHITRAKOOT,1.33,-,11.7,9.234872539,2018,Nov,7
2018/11/07,UTTAR PRADESH,SAHARANPUR,4.1,-,29.9,14.80256461,2018,Nov,7
2018/11/07,UTTAR PRADESH,KANNAUJ,1.47,-,10.5,11.20427613,2018,Nov,7
2018/11/07,UTTAR PRADESH,SANT KABIR NAGAR,0.16,-,1.21,12.70162777,2018,Nov,7
2018/11/07,UTTAR PRADESH,SONBHADRA,1.28,-,8.89,15.34126411,2018,Nov,7
2018/11/07,UTTAR PRADESH,FATEHPUR,1.82,-,14.09,7.389080072,2018,Nov,7
2018/11/07,UTTAR PRADESH,BARA BANKI,0.43,-,2.61,12.96719798,2018,Nov,7
2018/11/07,UTTAR PRADESH,AZAMGARH,0.46,-,3.16,11.96811021,2018,Nov,7
2018/11/07,UTTAR PRADESH,BAGHPAT,1.7,-,11.3,11.13547621,2018,Nov,7
2018/11/07,UTTAR PRADESH,ALIGARH,0.52,-,3.68,13.6806574,2018,Nov,7
2018/11/07,UTTAR PRADESH,HARDOI,0.7,-,5.43,11.6394645,2018,Nov,7
2018/11/07,UTTAR PRADESH,RAE BARELI,1.22,-,9.9,10.82973602,2018,Nov,7
2018/11/07,UTTAR PRADESH,GHAZIPUR,2.14,-,17.09,11.59050633,2018,Nov,7
2018/11/07,UTTAR PRADESH,KAUSHAMBI,2.35,-,18.01,8.224452234,2018,Nov,7
2018/11/07,UTTAR PRADESH,BULANDSHAHR,0.64,-,4.45,12.26350377,2018,Nov,7
2018/11/07,UTTAR PRADESH,DEORIA,0.13,-,0.77,16.26330467,2018,Nov,7
2018/11/07,UTTAR PRADESH,BAHRAICH,1.64,-,14.01,12.0745458,2018,Nov,7
2018/11/07,UTTAR PRADESH,GORAKHPUR,0.96,-,6.98,13.11864371,2018,Nov,7
2018/11/07,UTTAR PRADESH,BIJNOR,3.36,-,24.9,14.67342279,2018,Nov,7
2018/11/07,UTTAR PRADESH,BANDA,0.77,-,6.25,8.607665968,2018,Nov,7
2018/11/07,UTTAR PRADESH,MUZAFFARNAGAR,1.17,-,9.41,12.61374985,2018,Nov,7
2018/11/07,UTTAR PRADESH,SANT RAVI DAS NAGAR(BHADOHI),1.51,-,10.9,11.11367727,2018,Nov,7
2018/11/07,UTTAR PRADESH,HAMIRPUR,0.12,-,0.88,9.34595061,2018,Nov,7
2018/11/07,UTTAR PRADESH,PRATAPGARH,0.25,-,2.06,13.10456264,2018,Nov,7
2018/11/07,UTTAR PRADESH,ETAWAH,1.29,-,9.16,10.48377278,2018,Nov,7
2018/11/07,UTTAR PRADESH,MORADABAD,2.14,-,16.7,12.54885711,2018,Nov,7
2018/11/07,UTTAR PRADESH,AGRA,1.23,-,9.54,11.60010157,2018,Nov,7
2018/11/07,UTTAR PRADESH,JAUNPUR,0.26,-,2.18,11.57106784,2018,Nov,7
2018/11/07,UTTAR PRADESH,KANPUR NAGAR,0.9,-,5.8,8.537979892,2018,Nov,7
2018/11/07,UTTAR PRADESH,JHANSI,1.9,-,14.08,8.440020631,2018,Nov,7
2018/11/07,UTTAR PRADESH,SIDDHARTH NAGAR,0.01,-,0.09,13.33468889,2018,Nov,7
2018/11/07,UTTAR PRADESH,MEERUT,1.92,-,12.83,12.47406577,2018,Nov,7
2018/11/07,UTTAR PRADESH,PILIBHIT,3.0,-,21.2,13.01659191,2018,Nov,7
2018/11/07,UTTAR PRADESH,SHAHJAHANPUR,0.88,-,7.48,12.25732412,2018,Nov,7
2018/11/07,UTTAR PRADESH,KANPUR DEHAT,0.75,-,4.66,9.598459093,2018,Nov,7
2018/11/07,UTTAR PRADESH,FIROZABAD,1.09,-,8.64,11.21749174,2018,Nov,7
2018/11/07,UTTAR PRADESH,AYODHYA,0.97,-,6.02,13.54296273,2018,Nov,7
2018/11/07,UTTAR PRADESH,KUSHINAGAR,0.36,-,3.28,17.01356023,2018,Nov,7
2018/11/07,UTTAR PRADESH,JALAUN,0.09,-,0.56,15.76818819,2018,Nov,7
2018/11/07,UTTAR PRADESH,GHAZIABAD,2.31,-,15.12,10.9132312,2018,Nov,7
2018/11/07,UTTAR PRADESH,ETAH,0.0,-,0.0,13.94356735,2018,Nov,7
2018/11/07,UTTAR PRADESH,BALLIA,0.04,-,0.28,12.07606334,2018,Nov,7
2018/11/07,UTTAR PRADESH,UNNAO,0.74,-,5.79,9.562195885,2018,Nov,7
2018/11/07,UTTAR PRADESH,MAU,0.54,-,3.58,12.33023028,2018,Nov,7
2018/11/07,UTTAR PRADESH,SITAPUR,0.85,-,6.01,11.28317513,2018,Nov,7
2018/11/07,UTTAR PRADESH,PRAYAGRAJ,1.63,-,14.34,11.20584319,2018,Nov,7
2018/11/07,UTTAR PRADESH,BAREILLY,1.93,-,13.59,12.32934796,2018,Nov,7
2018/11/07,UTTAR PRADESH,SHRAWASTI,0.53,-,4.75,15.76430173,2018,Nov,7
2018/11/07,UTTAR PRADESH,SULTANPUR,0.27,-,1.78,15.9740778,2018,Nov,7
2018/11/07,UTTAR PRADESH,GONDA,1.65,-,10.93,12.72608036,2018,Nov,7
2018/11/07,UTTAR PRADESH,GAUTAM BUDDHA NAGAR,2.24,-,14.54,11.02031195,2018,Nov,7
2018/11/07,UTTAR PRADESH,KANSIRAM NAGAR,1.81,-,15.36,12.01515161,2018,Nov,7
2018/11/07,UTTAR PRADESH,MAHARAJGANJ,0.32,-,2.96,16.34653564,2018,Nov,7
2018/11/07,UTTAR PRADESH,MAINPURI,0.13,-,1.18,11.06293661,2018,Nov,7
2018/11/07,UTTAR PRADESH,VARANASI,0.74,-,6.0,13.80957916,2018,Nov,7
2018/11/07,UTTAR PRADESH,AURAIYA,0.89,-,6.47,9.814010846,2018,Nov,7
2018/11/06,UTTAR PRADESH,FARRUKHABAD,1.75,-,12.69,10.76350113,2018,Nov,6
2018/11/06,UTTAR PRADESH,LUCKNOW,2.07,-,14.46,9.715948811,2018,Nov,6
2018/11/06,UTTAR PRADESH,KHERI,2.88,-,20.05,11.21456645,2018,Nov,6
2018/11/06,UTTAR PRADESH,CHANDAULI,1.02,-,8.23,13.60531204,2018,Nov,6
2018/11/06,UTTAR PRADESH,AMBEDKAR NAGAR,0.37,-,2.31,14.34143274,2018,Nov,6
2018/11/06,UTTAR PRADESH,BUDAUN,1.97,-,17.12,9.838110558,2018,Nov,6
2018/11/06,UTTAR PRADESH,BALRAMPUR,2.35,-,15.97,11.74365102,2018,Nov,6
2018/11/06,UTTAR PRADESH,BASTI,0.89,-,5.49,12.01159358,2018,Nov,6
2018/11/06,UTTAR PRADESH,RAMPUR,2.23,-,14.99,12.79681327,2018,Nov,6
2018/11/06,UTTAR PRADESH,MIRZAPUR,1.69,-,14.56,11.3929766,2018,Nov,6
2018/11/06,UTTAR PRADESH,JYOTIBA PHULE NAGAR,2.46,-,22.51,11.20448965,2018,Nov,6
2018/11/06,UTTAR PRADESH,LALITPUR,2.34,-,15.88,5.96518602,2018,Nov,6
2018/11/06,UTTAR PRADESH,MAHAMAYA NAGAR,0.09,-,0.53,14.63535031,2018,Nov,6
2018/11/06,UTTAR PRADESH,MATHURA,0.22,-,1.45,12.3665774,2018,Nov,6
2018/11/06,UTTAR PRADESH,MAHOBA,0.77,-,5.89,4.2259239,2018,Nov,6
2018/11/06,UTTAR PRADESH,CHITRAKOOT,1.33,-,11.74,9.296269554,2018,Nov,6
2018/11/06,UTTAR PRADESH,SAHARANPUR,4.21,-,30.68,14.90392493,2018,Nov,6
2018/11/06,UTTAR PRADESH,KANNAUJ,1.51,-,10.77,11.28668044,2018,Nov,6
2018/11/06,UTTAR PRADESH,SANT KABIR NAGAR,0.18,-,1.32,12.71891554,2018,Nov,6
2018/11/06,UTTAR PRADESH,SONBHADRA,1.3,-,9.03,15.51021158,2018,Nov,6
2018/11/06,UTTAR PRADESH,FATEHPUR,1.83,-,14.18,7.411529352,2018,Nov,6
2018/11/06,UTTAR PRADESH,BARA BANKI,0.44,-,2.66,12.98667741,2018,Nov,6
2018/11/06,UTTAR PRADESH,AZAMGARH,0.48,-,3.33,11.99055732,2018,Nov,6
2018/11/06,UTTAR PRADESH,BAGHPAT,1.73,-,11.51,11.19360573,2018,Nov,6
2018/11/06,UTTAR PRADESH,ALIGARH,0.53,-,3.7,13.72050346,2018,Nov,6
2018/11/06,UTTAR PRADESH,HARDOI,0.72,-,5.57,11.68726053,2018,Nov,6
2018/11/06,UTTAR PRADESH,RAE BARELI,1.23,-,10.03,10.8505107,2018,Nov,6
2018/11/06,UTTAR PRADESH,GHAZIPUR,2.27,-,18.1,11.63512323,2018,Nov,6
2018/11/06,UTTAR PRADESH,KAUSHAMBI,2.37,-,18.16,8.26839006,2018,Nov,6
2018/11/06,UTTAR PRADESH,BULANDSHAHR,0.65,-,4.51,12.31716671,2018,Nov,6
2018/11/06,UTTAR PRADESH,DEORIA,0.13,-,0.84,16.28738852,2018,Nov,6
2018/11/06,UTTAR PRADESH,BAHRAICH,1.67,-,14.24,12.11692328,2018,Nov,6
2018/11/06,UTTAR PRADESH,GORAKHPUR,1.0,-,7.39,13.14747983,2018,Nov,6
2018/11/06,UTTAR PRADESH,BIJNOR,3.47,-,25.67,14.82163064,2018,Nov,6
2018/11/06,UTTAR PRADESH,BANDA,0.77,-,6.27,8.641799342,2018,Nov,6
2018/11/06,UTTAR PRADESH,MUZAFFARNAGAR,1.21,-,9.67,12.66214892,2018,Nov,6
2018/11/06,UTTAR PRADESH,SANT RAVI DAS NAGAR(BHADOHI),1.56,-,11.22,11.1688556,2018,Nov,6
2018/11/06,UTTAR PRADESH,HAMIRPUR,0.12,-,0.88,9.385837689,2018,Nov,6
2018/11/06,UTTAR PRADESH,PRATAPGARH,0.25,-,2.09,13.14758669,2018,Nov,6
2018/11/06,UTTAR PRADESH,ETAWAH,1.32,-,9.36,10.53026372,2018,Nov,6
2018/11/06,UTTAR PRADESH,MORADABAD,2.22,-,17.22,12.65394108,2018,Nov,6
2018/11/06,UTTAR PRADESH,AGRA,1.24,-,9.62,11.66900522,2018,Nov,6
2018/11/06,UTTAR PRADESH,JAUNPUR,0.27,-,2.26,11.62106222,2018,Nov,6
2018/11/06,UTTAR PRADESH,KANPUR NAGAR,0.91,-,5.86,8.562392368,2018,Nov,6
2018/11/06,UTTAR PRADESH,JHANSI,1.92,-,14.19,8.486463461,2018,Nov,6
2018/11/06,UTTAR PRADESH,SIDDHARTH NAGAR,0.02,-,0.11,13.34541312,2018,Nov,6
2018/11/06,UTTAR PRADESH,MEERUT,1.96,-,13.1,12.53590632,2018,Nov,6
2018/11/06,UTTAR PRADESH,PILIBHIT,3.1,-,21.83,13.08576939,2018,Nov,6
2018/11/06,UTTAR PRADESH,SHAHJAHANPUR,0.92,-,7.77,12.29375837,2018,Nov,6
2018/11/06,UTTAR PRADESH,KANPUR DEHAT,0.76,-,4.7,9.632105166,2018,Nov,6
2018/11/06,UTTAR PRADESH,FIROZABAD,1.1,-,8.67,11.27258423,2018,Nov,6
2018/11/06,UTTAR PRADESH,AYODHYA,1.0,-,6.18,13.56128705,2018,Nov,6
2018/11/06,UTTAR PRADESH,KUSHINAGAR,0.4,-,3.61,17.03279064,2018,Nov,6
2018/11/06,UTTAR PRADESH,JALAUN,0.09,-,0.57,15.80962778,2018,Nov,6
2018/11/06,UTTAR PRADESH,GHAZIABAD,2.33,-,15.29,10.98178416,2018,Nov,6
2018/11/06,UTTAR PRADESH,ETAH,0.0,-,0.0,13.96839153,2018,Nov,6
2018/11/06,UTTAR PRADESH,BALLIA,0.04,-,0.3,12.14372658,2018,Nov,6
2018/11/06,UTTAR PRADESH,UNNAO,0.75,-,5.88,9.581386879,2018,Nov,6
2018/11/06,UTTAR PRADESH,MAU,0.59,-,3.96,12.35572886,2018,Nov,6
2018/11/06,UTTAR PRADESH,SITAPUR,0.87,-,6.12,11.30955329,2018,Nov,6
2018/11/06,UTTAR PRADESH,PRAYAGRAJ,1.65,-,14.56,11.26704933,2018,Nov,6
2018/11/06,UTTAR PRADESH,BAREILLY,2.02,-,14.2,12.38481142,2018,Nov,6
2018/11/06,UTTAR PRADESH,SHRAWASTI,0.57,-,5.05,15.78803812,2018,Nov,6
2018/11/06,UTTAR PRADESH,SULTANPUR,0.29,-,1.88,15.99986146,2018,Nov,6
2018/11/06,UTTAR PRADESH,GONDA,1.71,-,11.34,12.75804707,2018,Nov,6
2018/11/06,UTTAR PRADESH,GAUTAM BUDDHA NAGAR,2.26,-,14.69,11.08999914,2018,Nov,6
2018/11/06,UTTAR PRADESH,KANSIRAM NAGAR,1.82,-,15.41,12.0621732,2018,Nov,6
2018/11/06,UTTAR PRADESH,MAHARAJGANJ,0.34,-,3.06,16.38069371,2018,Nov,6
2018/11/06,UTTAR PRADESH,MAINPURI,0.13,-,1.2,11.09371741,2018,Nov,6
2018/11/06,UTTAR PRADESH,VARANASI,0.77,-,6.27,13.87670478,2018,Nov,6
2018/11/06,UTTAR PRADESH,AURAIYA,0.9,-,6.58,9.856871997,2018,Nov,6
2018/11/05,UTTAR PRADESH,FARRUKHABAD,1.76,-,12.82,10.81852518,2018,Nov,5
2018/11/05,UTTAR PRADESH,LUCKNOW,2.09,-,14.6,9.74733135,2018,Nov,5
2018/11/05,UTTAR PRADESH,KHERI,2.92,-,20.31,11.27446548,2018,Nov,5
2018/11/05,UTTAR PRADESH,CHANDAULI,1.05,-,8.49,13.68419765,2018,Nov,5
2018/11/05,UTTAR PRADESH,AMBEDKAR NAGAR,0.38,-,2.36,14.35362571,2018,Nov,5
2018/11/05,UTTAR PRADESH,BUDAUN,2.0,-,17.36,9.863839296,2018,Nov,5
2018/11/05,UTTAR PRADESH,BALRAMPUR,2.43,-,16.43,11.77550739,2018,Nov,5
2018/11/05,UTTAR PRADESH,BASTI,0.91,-,5.6,12.02926429,2018,Nov,5
2018/11/05,UTTAR PRADESH,RAMPUR,2.34,-,15.67,12.83099527,2018,Nov,5
2018/11/05,UTTAR PRADESH,MIRZAPUR,1.71,-,14.72,11.51887884,2018,Nov,5
2018/11/05,UTTAR PRADESH,JYOTIBA PHULE NAGAR,2.48,-,22.68,11.25189744,2018,Nov,5
2018/11/05,UTTAR PRADESH,LALITPUR,2.36,-,15.99,6.013650834,2018,Nov,5
2018/11/05,UTTAR PRADESH,MAHAMAYA NAGAR,0.09,-,0.54,14.65802683,2018,Nov,5
2018/11/05,UTTAR PRADESH,MATHURA,0.22,-,1.45,12.39181741,2018,Nov,5
2018/11/05,UTTAR PRADESH,MAHOBA,0.78,-,5.97,4.279892508,2018,Nov,5
2018/11/05,UTTAR PRADESH,CHITRAKOOT,1.33,-,11.78,9.362543081,2018,Nov,5
2018/11/05,UTTAR PRADESH,SAHARANPUR,4.33,-,31.43,14.98836196,2018,Nov,5
2018/11/05,UTTAR PRADESH,KANNAUJ,1.54,-,10.95,11.34469109,2018,Nov,5
2018/11/05,UTTAR PRADESH,SANT KABIR NAGAR,0.19,-,1.42,12.73175333,2018,Nov,5
2018/11/05,UTTAR PRADESH,SONBHADRA,1.32,-,9.17,15.60145349,2018,Nov,5
2018/11/05,UTTAR PRADESH,FATEHPUR,1.84,-,14.28,7.43266156,2018,Nov,5
2018/11/05,UTTAR PRADESH,BARA BANKI,0.45,-,2.71,13.00034113,2018,Nov,5
2018/11/05,UTTAR PRADESH,AZAMGARH,0.5,-,3.49,12.01511129,2018,Nov,5
2018/11/05,UTTAR PRADESH,BAGHPAT,1.75,-,11.68,11.24851508,2018,Nov,5
2018/11/05,UTTAR PRADESH,ALIGARH,0.53,-,3.72,13.74882555,2018,Nov,5
2018/11/05,UTTAR PRADESH,HARDOI,0.73,-,5.68,11.71842831,2018,Nov,5
2018/11/05,UTTAR PRADESH,RAE BARELI,1.25,-,10.15,10.87360498,2018,Nov,5
2018/11/05,UTTAR PRADESH,GHAZIPUR,2.41,-,19.13,11.6833769,2018,Nov,5
2018/11/05,UTTAR PRADESH,KAUSHAMBI,2.4,-,18.33,8.301004028,2018,Nov,5
2018/11/05,UTTAR PRADESH,BULANDSHAHR,0.65,-,4.56,12.35064546,2018,Nov,5
2018/11/05,UTTAR PRADESH,DEORIA,0.14,-,0.89,16.30225534,2018,Nov,5
2018/11/05,UTTAR PRADESH,BAHRAICH,1.69,-,14.43,12.1508537,2018,Nov,5
2018/11/05,UTTAR PRADESH,GORAKHPUR,1.03,-,7.59,13.17311611,2018,Nov,5
2018/11/05,UTTAR PRADESH,BIJNOR,3.57,-,26.27,14.93370247,2018,Nov,5
2018/11/05,UTTAR PRADESH,BANDA,0.77,-,6.3,8.679194703,2018,Nov,5
2018/11/05,UTTAR PRADESH,MUZAFFARNAGAR,1.24,-,9.9,12.71895381,2018,Nov,5
2018/11/05,UTTAR PRADESH,SANT RAVI DAS NAGAR(BHADOHI),1.6,-,11.48,11.22326475,2018,Nov,5
2018/11/05,UTTAR PRADESH,HAMIRPUR,0.12,-,0.91,9.414882044,2018,Nov,5
2018/11/05,UTTAR PRADESH,PRATAPGARH,0.26,-,2.12,13.19328658,2018,Nov,5
2018/11/05,UTTAR PRADESH,ETAWAH,1.35,-,9.56,10.57840405,2018,Nov,5
2018/11/05,UTTAR PRADESH,MORADABAD,2.26,-,17.53,12.72447708,2018,Nov,5
2018/11/05,UTTAR PRADESH,AGRA,1.25,-,9.67,11.71397118,2018,Nov,5
2018/11/05,UTTAR PRADESH,JAUNPUR,0.28,-,2.36,11.66048331,2018,Nov,5
2018/11/05,UTTAR PRADESH,KANPUR NAGAR,0.92,-,5.93,8.588323295,2018,Nov,5
2018/11/05,UTTAR PRADESH,JHANSI,1.93,-,14.3,8.527201309,2018,Nov,5
2018/11/05,UTTAR PRADESH,SIDDHARTH NAGAR,0.02,-,0.12,13.35405826,2018,Nov,5
2018/11/05,UTTAR PRADESH,MEERUT,2.0,-,13.35,12.58827468,2018,Nov,5
2018/11/05,UTTAR PRADESH,PILIBHIT,3.16,-,22.25,13.1361541,2018,Nov,5
2018/11/05,UTTAR PRADESH,SHAHJAHANPUR,0.94,-,7.95,12.32063593,2018,Nov,5
2018/11/05,UTTAR PRADESH,KANPUR DEHAT,0.77,-,4.74,9.653272723,2018,Nov,5
2018/11/05,UTTAR PRADESH,FIROZABAD,1.1,-,8.7,11.31199246,2018,Nov,5
2018/11/05,UTTAR PRADESH,AYODHYA,1.02,-,6.31,13.57756902,2018,Nov,5
2018/11/05,UTTAR PRADESH,KUSHINAGAR,0.42,-,3.84,17.04437425,2018,Nov,5
2018/11/05,UTTAR PRADESH,JALAUN,0.1,-,0.57,15.8411303,2018,Nov,5
2018/11/05,UTTAR PRADESH,GHAZIABAD,2.36,-,15.42,11.03293568,2018,Nov,5
2018/11/05,UTTAR PRADESH,ETAH,0.0,-,0.0,13.98747324,2018,Nov,5
2018/11/05,UTTAR PRADESH,BALLIA,0.05,-,0.32,12.20921071,2018,Nov,5
2018/11/05,UTTAR PRADESH,UNNAO,0.77,-,5.97,9.60209044,2018,Nov,5
2018/11/05,UTTAR PRADESH,MAU,0.63,-,4.28,12.36948928,2018,Nov,5
2018/11/05,UTTAR PRADESH,SITAPUR,0.88,-,6.21,11.32541936,2018,Nov,5
2018/11/05,UTTAR PRADESH,PRAYAGRAJ,1.67,-,14.78,11.33214674,2018,Nov,5
2018/11/05,UTTAR PRADESH,BAREILLY,2.09,-,14.61,12.42234463,2018,Nov,5
2018/11/05,UTTAR PRADESH,SHRAWASTI,0.6,-,5.33,15.809547,2018,Nov,5
2018/11/05,UTTAR PRADESH,SULTANPUR,0.3,-,1.98,16.02211379,2018,Nov,5
2018/11/05,UTTAR PRADESH,GONDA,1.75,-,11.64,12.78206067,2018,Nov,5
2018/11/05,UTTAR PRADESH,GAUTAM BUDDHA NAGAR,2.28,-,14.79,11.13636456,2018,Nov,5
2018/11/05,UTTAR PRADESH,KANSIRAM NAGAR,1.82,-,15.43,12.07988489,2018,Nov,5
2018/11/05,UTTAR PRADESH,MAHARAJGANJ,0.35,-,3.16,16.397737,2018,Nov,5
2018/11/05,UTTAR PRADESH,MAINPURI,0.13,-,1.21,11.11849991,2018,Nov,5
2018/11/05,UTTAR PRADESH,VARANASI,0.79,-,6.46,13.94316149,2018,Nov,5
2018/11/05,UTTAR PRADESH,AURAIYA,0.92,-,6.67,9.896770501,2018,Nov,5
2018/11/04,UTTAR PRADESH,FARRUKHABAD,1.8,-,13.05,10.92479998,2018,Nov,4
2018/11/04,UTTAR PRADESH,LUCKNOW,2.12,-,14.82,9.803240657,2018,Nov,4
2018/11/04,UTTAR PRADESH,KHERI,2.97,-,20.68,11.35983691,2018,Nov,4
2018/11/04,UTTAR PRADESH,CHANDAULI,1.1,-,8.85,13.82894745,2018,Nov,4
2018/11/04,UTTAR PRADESH,AMBEDKAR NAGAR,0.4,-,2.46,14.36646901,2018,Nov,4
2018/11/04,UTTAR PRADESH,BUDAUN,2.04,-,17.74,9.903907312,2018,Nov,4
2018/11/04,UTTAR PRADESH,BALRAMPUR,2.53,-,17.11,11.82589281,2018,Nov,4
2018/11/04,UTTAR PRADESH,BASTI,0.94,-,5.78,12.05095678,2018,Nov,4
2018/11/04,UTTAR PRADESH,RAMPUR,2.55,-,16.96,12.89862349,2018,Nov,4
2018/11/04,UTTAR PRADESH,MIRZAPUR,1.74,-,14.96,11.71345084,2018,Nov,4
2018/11/04,UTTAR PRADESH,JYOTIBA PHULE NAGAR,2.54,-,23.07,11.33235364,2018,Nov,4
2018/11/04,UTTAR PRADESH,LALITPUR,2.37,-,16.11,6.082859049,2018,Nov,4
2018/11/04,UTTAR PRADESH,MAHAMAYA NAGAR,0.09,-,0.54,14.71584103,2018,Nov,4
2018/11/04,UTTAR PRADESH,MATHURA,0.22,-,1.47,12.45688781,2018,Nov,4
2018/11/04,UTTAR PRADESH,MAHOBA,0.79,-,6.03,4.341107194,2018,Nov,4
2018/11/04,UTTAR PRADESH,CHITRAKOOT,1.35,-,11.83,9.445313709,2018,Nov,4
2018/11/04,UTTAR PRADESH,SAHARANPUR,4.49,-,32.57,15.12475064,2018,Nov,4
2018/11/04,UTTAR PRADESH,KANNAUJ,1.59,-,11.29,11.45036113,2018,Nov,4
2018/11/04,UTTAR PRADESH,SANT KABIR NAGAR,0.21,-,1.61,12.75585056,2018,Nov,4
2018/11/04,UTTAR PRADESH,SONBHADRA,1.35,-,9.35,15.80507994,2018,Nov,4
2018/11/04,UTTAR PRADESH,FATEHPUR,1.85,-,14.42,7.4598213,2018,Nov,4
2018/11/04,UTTAR PRADESH,BARA BANKI,0.46,-,2.77,13.02934899,2018,Nov,4
2018/11/04,UTTAR PRADESH,AZAMGARH,0.53,-,3.7,12.03936038,2018,Nov,4
2018/11/04,UTTAR PRADESH,BAGHPAT,1.8,-,11.96,11.33697482,2018,Nov,4
2018/11/04,UTTAR PRADESH,ALIGARH,0.53,-,3.74,13.79615676,2018,Nov,4
2018/11/04,UTTAR PRADESH,HARDOI,0.75,-,5.85,11.78377465,2018,Nov,4
2018/11/04,UTTAR PRADESH,RAE BARELI,1.27,-,10.33,10.90192988,2018,Nov,4
2018/11/04,UTTAR PRADESH,GHAZIPUR,2.56,-,20.31,11.74682335,2018,Nov,4
2018/11/04,UTTAR PRADESH,KAUSHAMBI,2.43,-,18.56,8.360612556,2018,Nov,4
2018/11/04,UTTAR PRADESH,BULANDSHAHR,0.66,-,4.63,12.41425899,2018,Nov,4
2018/11/04,UTTAR PRADESH,DEORIA,0.15,-,0.97,16.32502955,2018,Nov,4
2018/11/04,UTTAR PRADESH,BAHRAICH,1.72,-,14.7,12.19465098,2018,Nov,4
2018/11/04,UTTAR PRADESH,GORAKHPUR,1.07,-,7.97,13.20748529,2018,Nov,4
2018/11/04,UTTAR PRADESH,BIJNOR,3.71,-,27.21,15.13846252,2018,Nov,4
2018/11/04,UTTAR PRADESH,BANDA,0.78,-,6.31,8.735770737,2018,Nov,4
2018/11/04,UTTAR PRADESH,MUZAFFARNAGAR,1.3,-,10.31,12.80408248,2018,Nov,4
2018/11/04,UTTAR PRADESH,SANT RAVI DAS NAGAR(BHADOHI),1.67,-,11.97,11.29511747,2018,Nov,4
2018/11/04,UTTAR PRADESH,HAMIRPUR,0.13,-,0.91,9.462081486,2018,Nov,4
2018/11/04,UTTAR PRADESH,PRATAPGARH,0.26,-,2.17,13.24572053,2018,Nov,4
2018/11/04,UTTAR PRADESH,ETAWAH,1.38,-,9.82,10.6384575,2018,Nov,4
2018/11/04,UTTAR PRADESH,MORADABAD,2.35,-,18.07,12.87346599,2018,Nov,4
2018/11/04,UTTAR PRADESH,AGRA,1.26,-,9.75,11.80473104,2018,Nov,4
2018/11/04,UTTAR PRADESH,JAUNPUR,0.29,-,2.47,11.70899723,2018,Nov,4
2018/11/04,UTTAR PRADESH,KANPUR NAGAR,0.93,-,5.99,8.618716661,2018,Nov,4
2018/11/04,UTTAR PRADESH,JHANSI,1.95,-,14.44,8.579497233,2018,Nov,4
2018/11/04,UTTAR PRADESH,SIDDHARTH NAGAR,0.02,-,0.15,13.36538469,2018,Nov,4
2018/11/04,UTTAR PRADESH,MEERUT,2.07,-,13.76,12.66812892,2018,Nov,4
2018/11/04,UTTAR PRADESH,PILIBHIT,3.27,-,22.96,13.21660506,2018,Nov,4
2018/11/04,UTTAR PRADESH,SHAHJAHANPUR,0.98,-,8.26,12.37321177,2018,Nov,4
2018/11/04,UTTAR PRADESH,KANPUR DEHAT,0.78,-,4.8,9.691030589,2018,Nov,4
2018/11/04,UTTAR PRADESH,FIROZABAD,1.11,-,8.73,11.3899685,2018,Nov,4
2018/11/04,UTTAR PRADESH,AYODHYA,1.05,-,6.51,13.5992867,2018,Nov,4
2018/11/04,UTTAR PRADESH,KUSHINAGAR,0.48,-,4.35,17.06204942,2018,Nov,4
2018/11/04,UTTAR PRADESH,JALAUN,0.1,-,0.58,15.89184173,2018,Nov,4
2018/11/04,UTTAR PRADESH,GHAZIABAD,2.39,-,15.66,11.11338031,2018,Nov,4
2018/11/04,UTTAR PRADESH,ETAH,0.0,-,0.0,14.04411247,2018,Nov,4
2018/11/04,UTTAR PRADESH,BALLIA,0.05,-,0.37,12.28983373,2018,Nov,4
2018/11/04,UTTAR PRADESH,UNNAO,0.78,-,6.09,9.628544317,2018,Nov,4
2018/11/04,UTTAR PRADESH,MAU,0.7,-,4.73,12.40515999,2018,Nov,4
2018/11/04,UTTAR PRADESH,SITAPUR,0.9,-,6.35,11.35644202,2018,Nov,4
2018/11/04,UTTAR PRADESH,PRAYAGRAJ,1.7,-,15.03,11.40885936,2018,Nov,4
2018/11/04,UTTAR PRADESH,BAREILLY,2.2,-,15.37,12.47923888,2018,Nov,4
2018/11/04,UTTAR PRADESH,SHRAWASTI,0.65,-,5.8,15.8330513,2018,Nov,4
2018/11/04,UTTAR PRADESH,SULTANPUR,0.32,-,2.11,16.05263872,2018,Nov,4
2018/11/04,UTTAR PRADESH,GONDA,1.82,-,12.1,12.81924768,2018,Nov,4
2018/11/04,UTTAR PRADESH,GAUTAM BUDDHA NAGAR,2.31,-,14.96,11.22946832,2018,Nov,4
2018/11/04,UTTAR PRADESH,KANSIRAM NAGAR,1.83,-,15.51,12.1251768,2018,Nov,4
2018/11/04,UTTAR PRADESH,MAHARAJGANJ,0.37,-,3.38,16.44194128,2018,Nov,4
2018/11/04,UTTAR PRADESH,MAINPURI,0.13,-,1.23,11.16840763,2018,Nov,4
2018/11/04,UTTAR PRADESH,VARANASI,0.82,-,6.7,14.03265249,2018,Nov,4
2018/11/04,UTTAR PRADESH,AURAIYA,0.94,-,6.81,9.963366562,2018,Nov,4
2018/11/03,UTTAR PRADESH,FARRUKHABAD,1.83,-,13.29,11.04346922,2018,Nov,3
2018/11/03,UTTAR PRADESH,LUCKNOW,2.15,-,15.02,9.847013339,2018,Nov,3
2018/11/03,UTTAR PRADESH,KHERI,3.02,-,21.04,11.35684302,2018,Nov,3
2018/11/03,UTTAR PRADESH,CHANDAULI,1.16,-,9.34,13.92895414,2018,Nov,3
2018/11/03,UTTAR PRADESH,AMBEDKAR NAGAR,0.42,-,2.59,14.37986891,2018,Nov,3
2018/11/03,UTTAR PRADESH,BUDAUN,2.1,-,18.21,9.949801599,2018,Nov,3
2018/11/03,UTTAR PRADESH,BALRAMPUR,2.62,-,17.68,11.85858337,2018,Nov,3
2018/11/03,UTTAR PRADESH,BASTI,0.96,-,5.94,12.07239219,2018,Nov,3
2018/11/03,UTTAR PRADESH,RAMPUR,2.77,-,18.37,12.96175058,2018,Nov,3
2018/11/03,UTTAR PRADESH,MIRZAPUR,1.77,-,15.19,11.90500504,2018,Nov,3
2018/11/03,UTTAR PRADESH,JYOTIBA PHULE NAGAR,2.59,-,23.45,11.43098638,2018,Nov,3
2018/11/03,UTTAR PRADESH,LALITPUR,2.4,-,16.26,6.162521811,2018,Nov,3
2018/11/03,UTTAR PRADESH,MAHAMAYA NAGAR,0.09,-,0.56,14.80717819,2018,Nov,3
2018/11/03,UTTAR PRADESH,MATHURA,0.22,-,1.47,12.53381015,2018,Nov,3
2018/11/03,UTTAR PRADESH,MAHOBA,0.8,-,6.12,4.412504944,2018,Nov,3
2018/11/03,UTTAR PRADESH,CHITRAKOOT,1.35,-,11.88,9.530469372,2018,Nov,3
2018/11/03,UTTAR PRADESH,SAHARANPUR,4.65,-,33.66,15.24774234,2018,Nov,3
2018/11/03,UTTAR PRADESH,KANNAUJ,1.65,-,11.72,11.5613134,2018,Nov,3
2018/11/03,UTTAR PRADESH,SANT KABIR NAGAR,0.23,-,1.78,12.77842131,2018,Nov,3
2018/11/03,UTTAR PRADESH,SONBHADRA,1.38,-,9.57,15.99674803,2018,Nov,3
2018/11/03,UTTAR PRADESH,FATEHPUR,1.87,-,14.54,7.491624846,2018,Nov,3
2018/11/03,UTTAR PRADESH,BARA BANKI,0.47,-,2.82,13.04469239,2018,Nov,3
2018/11/03,UTTAR PRADESH,AZAMGARH,0.56,-,3.97,12.07038635,2018,Nov,3
2018/11/03,UTTAR PRADESH,BAGHPAT,1.84,-,12.27,11.44613961,2018,Nov,3
2018/11/03,UTTAR PRADESH,ALIGARH,0.54,-,3.77,13.87269717,2018,Nov,3
2018/11/03,UTTAR PRADESH,HARDOI,0.78,-,6.01,11.84597006,2018,Nov,3
2018/11/03,UTTAR PRADESH,RAE BARELI,1.3,-,10.53,10.92479245,2018,Nov,3
2018/11/03,UTTAR PRADESH,GHAZIPUR,2.75,-,21.73,11.82028822,2018,Nov,3
2018/11/03,UTTAR PRADESH,KAUSHAMBI,2.46,-,18.76,8.400664929,2018,Nov,3
2018/11/03,UTTAR PRADESH,BULANDSHAHR,0.68,-,4.75,12.49834358,2018,Nov,3
2018/11/03,UTTAR PRADESH,DEORIA,0.16,-,1.06,16.35031651,2018,Nov,3
2018/11/03,UTTAR PRADESH,BAHRAICH,1.75,-,14.96,12.23396935,2018,Nov,3
2018/11/03,UTTAR PRADESH,GORAKHPUR,1.11,-,8.24,13.25427468,2018,Nov,3
2018/11/03,UTTAR PRADESH,BIJNOR,3.85,-,28.09,15.33778592,2018,Nov,3
2018/11/03,UTTAR PRADESH,BANDA,0.78,-,6.35,8.775956544,2018,Nov,3
2018/11/03,UTTAR PRADESH,MUZAFFARNAGAR,1.37,-,10.83,12.90363526,2018,Nov,3
2018/11/03,UTTAR PRADESH,SANT RAVI DAS NAGAR(BHADOHI),1.74,-,12.49,11.36915015,2018,Nov,3
2018/11/03,UTTAR PRADESH,HAMIRPUR,0.13,-,0.93,9.507911219,2018,Nov,3
2018/11/03,UTTAR PRADESH,PRATAPGARH,0.27,-,2.2,13.30728066,2018,Nov,3
2018/11/03,UTTAR PRADESH,ETAWAH,1.43,-,10.15,10.72549882,2018,Nov,3
2018/11/03,UTTAR PRADESH,MORADABAD,2.41,-,18.51,13.0361717,2018,Nov,3
2018/11/03,UTTAR PRADESH,AGRA,1.27,-,9.85,11.91073311,2018,Nov,3
2018/11/03,UTTAR PRADESH,JAUNPUR,0.31,-,2.61,11.77215325,2018,Nov,3
2018/11/03,UTTAR PRADESH,KANPUR NAGAR,0.94,-,6.1,8.651708605,2018,Nov,3
2018/11/03,UTTAR PRADESH,JHANSI,1.96,-,14.57,8.642867773,2018,Nov,3
2018/11/03,UTTAR PRADESH,SIDDHARTH NAGAR,0.03,-,0.18,13.3782188,2018,Nov,3
2018/11/03,UTTAR PRADESH,MEERUT,2.14,-,14.24,12.7649645,2018,Nov,3
2018/11/03,UTTAR PRADESH,PILIBHIT,3.39,-,23.71,13.29183932,2018,Nov,3
2018/11/03,UTTAR PRADESH,SHAHJAHANPUR,1.02,-,8.56,12.4169828,2018,Nov,3
2018/11/03,UTTAR PRADESH,KANPUR DEHAT,0.79,-,4.87,9.732023341,2018,Nov,3
2018/11/03,UTTAR PRADESH,FIROZABAD,1.11,-,8.79,11.49879481,2018,Nov,3
2018/11/03,UTTAR PRADESH,AYODHYA,1.07,-,6.69,13.61791665,2018,Nov,3
2018/11/03,UTTAR PRADESH,KUSHINAGAR,0.53,-,4.87,17.08793865,2018,Nov,3
2018/11/03,UTTAR PRADESH,JALAUN,0.1,-,0.59,15.94772774,2018,Nov,3
2018/11/03,UTTAR PRADESH,GHAZIABAD,2.44,-,15.93,11.21087944,2018,Nov,3
2018/11/03,UTTAR PRADESH,ETAH,0.0,-,0.0,14.10539836,2018,Nov,3
2018/11/03,UTTAR PRADESH,BALLIA,0.06,-,0.44,12.38475158,2018,Nov,3
2018/11/03,UTTAR PRADESH,UNNAO,0.8,-,6.24,9.661291167,2018,Nov,3
2018/11/03,UTTAR PRADESH,MAU,0.78,-,5.35,12.43637456,2018,Nov,3
2018/11/03,UTTAR PRADESH,SITAPUR,0.92,-,6.47,11.387901,2018,Nov,3
2018/11/03,UTTAR PRADESH,PRAYAGRAJ,1.74,-,15.31,11.49279119,2018,Nov,3
2018/11/03,UTTAR PRADESH,BAREILLY,2.34,-,16.25,12.55080069,2018,Nov,3
2018/11/03,UTTAR PRADESH,SHRAWASTI,0.7,-,6.19,15.86246181,2018,Nov,3
2018/11/03,UTTAR PRADESH,SULTANPUR,0.34,-,2.23,16.08745733,2018,Nov,3
2018/11/03,UTTAR PRADESH,GONDA,1.86,-,12.42,12.84518657,2018,Nov,3
2018/11/03,UTTAR PRADESH,GAUTAM BUDDHA NAGAR,2.34,-,15.14,11.33732618,2018,Nov,3
2018/11/03,UTTAR PRADESH,KANSIRAM NAGAR,1.84,-,15.58,12.17760517,2018,Nov,3
2018/11/03,UTTAR PRADESH,MAHARAJGANJ,0.39,-,3.57,16.47880821,2018,Nov,3
2018/11/03,UTTAR PRADESH,MAINPURI,0.14,-,1.27,11.23967644,2018,Nov,3
2018/11/03,UTTAR PRADESH,VARANASI,0.86,-,7.03,14.12863598,2018,Nov,3
2018/11/03,UTTAR PRADESH,AURAIYA,0.96,-,6.94,10.04990108,2018,Nov,3
2018/11/02,UTTAR PRADESH,FARRUKHABAD,1.87,-,13.58,11.17851773,2018,Nov,2
2018/11/02,UTTAR PRADESH,LUCKNOW,2.18,-,15.25,9.90313989,2018,Nov,2
2018/11/02,UTTAR PRADESH,KHERI,3.08,-,21.43,11.43908916,2018,Nov,2
2018/11/02,UTTAR PRADESH,CHANDAULI,1.23,-,9.85,14.09686916,2018,Nov,2
2018/11/02,UTTAR PRADESH,AMBEDKAR NAGAR,0.43,-,2.7,14.39031082,2018,Nov,2
2018/11/02,UTTAR PRADESH,BUDAUN,2.16,-,18.78,10.00210756,2018,Nov,2
2018/11/02,UTTAR PRADESH,BALRAMPUR,2.73,-,18.39,11.90937663,2018,Nov,2
2018/11/02,UTTAR PRADESH,BASTI,1.0,-,6.14,12.09959493,2018,Nov,2
2018/11/02,UTTAR PRADESH,RAMPUR,3.01,-,19.84,12.83669233,2018,Nov,2
2018/11/02,UTTAR PRADESH,MIRZAPUR,1.8,-,15.46,12.13284946,2018,Nov,2
2018/11/02,UTTAR PRADESH,JYOTIBA PHULE NAGAR,2.66,-,23.89,11.26132878,2018,Nov,2
2018/11/02,UTTAR PRADESH,LALITPUR,2.42,-,16.42,6.246472844,2018,Nov,2
2018/11/02,UTTAR PRADESH,MAHAMAYA NAGAR,0.09,-,0.57,14.90091922,2018,Nov,2
2018/11/02,UTTAR PRADESH,MATHURA,0.22,-,1.48,12.63070257,2018,Nov,2
2018/11/02,UTTAR PRADESH,MAHOBA,0.81,-,6.2,4.480068811,2018,Nov,2
2018/11/02,UTTAR PRADESH,CHITRAKOOT,1.36,-,11.93,9.625147045,2018,Nov,2
2018/11/02,UTTAR PRADESH,SAHARANPUR,4.79,-,34.59,14.90284813,2018,Nov,2
2018/11/02,UTTAR PRADESH,KANNAUJ,1.73,-,12.2,11.69185653,2018,Nov,2
2018/11/02,UTTAR PRADESH,SANT KABIR NAGAR,0.26,-,1.99,12.80390172,2018,Nov,2
2018/11/02,UTTAR PRADESH,SONBHADRA,1.41,-,9.78,16.23854902,2018,Nov,2
2018/11/02,UTTAR PRADESH,FATEHPUR,1.89,-,14.69,7.524744082,2018,Nov,2
2018/11/02,UTTAR PRADESH,BARA BANKI,0.48,-,2.89,13.0733035,2018,Nov,2
2018/11/02,UTTAR PRADESH,AZAMGARH,0.6,-,4.23,12.09763587,2018,Nov,2
2018/11/02,UTTAR PRADESH,BAGHPAT,1.89,-,12.61,11.5365169,2018,Nov,2
2018/11/02,UTTAR PRADESH,ALIGARH,0.55,-,3.83,13.9587263,2018,Nov,2
2018/11/02,UTTAR PRADESH,HARDOI,0.8,-,6.22,11.91680494,2018,Nov,2
2018/11/02,UTTAR PRADESH,RAE BARELI,1.32,-,10.73,10.96036657,2018,Nov,2
2018/11/02,UTTAR PRADESH,GHAZIPUR,2.91,-,22.9,11.89581035,2018,Nov,2
2018/11/02,UTTAR PRADESH,KAUSHAMBI,2.5,-,19.01,8.472666926,2018,Nov,2
2018/11/02,UTTAR PRADESH,BULANDSHAHR,0.7,-,4.88,12.59138693,2018,Nov,2
2018/11/02,UTTAR PRADESH,DEORIA,0.17,-,1.15,16.38750028,2018,Nov,2
2018/11/02,UTTAR PRADESH,BAHRAICH,1.79,-,15.31,12.28075219,2018,Nov,2
2018/11/02,UTTAR PRADESH,GORAKHPUR,1.15,-,8.61,13.29893994,2018,Nov,2
2018/11/02,UTTAR PRADESH,BIJNOR,3.95,-,28.66,13.93266759,2018,Nov,2
2018/11/02,UTTAR PRADESH,BANDA,0.78,-,6.36,8.831625344,2018,Nov,2
2018/11/02,UTTAR PRADESH,MUZAFFARNAGAR,1.43,-,11.29,12.94690358,2018,Nov,2
2018/11/02,UTTAR PRADESH,SANT RAVI DAS NAGAR(BHADOHI),1.85,-,13.21,11.45200724,2018,Nov,2
2018/11/02,UTTAR PRADESH,HAMIRPUR,0.13,-,0.95,9.554032052,2018,Nov,2
2018/11/02,UTTAR PRADESH,PRATAPGARH,0.27,-,2.24,13.36447186,2018,Nov,2
2018/11/02,UTTAR PRADESH,ETAWAH,1.47,-,10.45,10.80341136,2018,Nov,2
2018/11/02,UTTAR PRADESH,MORADABAD,2.48,-,18.98,12.06644002,2018,Nov,2
2018/11/02,UTTAR PRADESH,AGRA,1.28,-,9.96,12.04521748,2018,Nov,2
2018/11/02,UTTAR PRADESH,JAUNPUR,0.33,-,2.74,11.83106642,2018,Nov,2
2018/11/02,UTTAR PRADESH,KANPUR NAGAR,0.96,-,6.18,8.696533035,2018,Nov,2
2018/11/02,UTTAR PRADESH,JHANSI,1.98,-,14.66,8.704638964,2018,Nov,2
2018/11/02,UTTAR PRADESH,SIDDHARTH NAGAR,0.04,-,0.21,13.39056986,2018,Nov,2
2018/11/02,UTTAR PRADESH,MEERUT,2.21,-,14.63,12.82858637,2018,Nov,2
2018/11/02,UTTAR PRADESH,PILIBHIT,3.52,-,24.53,13.37465693,2018,Nov,2
2018/11/02,UTTAR PRADESH,SHAHJAHANPUR,1.06,-,8.87,12.46690415,2018,Nov,2
2018/11/02,UTTAR PRADESH,KANPUR DEHAT,0.8,-,4.92,9.777292645,2018,Nov,2
2018/11/02,UTTAR PRADESH,FIROZABAD,1.12,-,8.86,11.61542049,2018,Nov,2
2018/11/02,UTTAR PRADESH,AYODHYA,1.11,-,6.99,13.64092515,2018,Nov,2
2018/11/02,UTTAR PRADESH,KUSHINAGAR,0.61,-,5.56,17.10777135,2018,Nov,2
2018/11/02,UTTAR PRADESH,JALAUN,0.1,-,0.6,15.99716499,2018,Nov,2
2018/11/02,UTTAR PRADESH,GHAZIABAD,2.49,-,16.25,11.2958079,2018,Nov,2
2018/11/02,UTTAR PRADESH,ETAH,0.0,-,0.0,14.18379345,2018,Nov,2
2018/11/02,UTTAR PRADESH,BALLIA,0.08,-,0.53,12.47733158,2018,Nov,2
2018/11/02,UTTAR PRADESH,UNNAO,0.82,-,6.39,9.693490209,2018,Nov,2
2018/11/02,UTTAR PRADESH,MAU,0.88,-,6.03,12.46604303,2018,Nov,2
2018/11/02,UTTAR PRADESH,SITAPUR,0.95,-,6.63,11.42197864,2018,Nov,2
2018/11/02,UTTAR PRADESH,PRAYAGRAJ,1.77,-,15.58,11.58680172,2018,Nov,2
2018/11/02,UTTAR PRADESH,BAREILLY,2.49,-,17.25,12.62067067,2018,Nov,2
2018/11/02,UTTAR PRADESH,SHRAWASTI,0.75,-,6.71,15.88386027,2018,Nov,2
2018/11/02,UTTAR PRADESH,SULTANPUR,0.36,-,2.38,16.1214033,2018,Nov,2
2018/11/02,UTTAR PRADESH,GONDA,1.94,-,12.97,12.88724516,2018,Nov,2
2018/11/02,UTTAR PRADESH,GAUTAM BUDDHA NAGAR,2.39,-,15.43,11.46493588,2018,Nov,2
2018/11/02,UTTAR PRADESH,KANSIRAM NAGAR,1.85,-,15.66,12.24394819,2018,Nov,2
2018/11/02,UTTAR PRADESH,MAHARAJGANJ,0.43,-,3.85,16.52222799,2018,Nov,2
2018/11/02,UTTAR PRADESH,MAINPURI,0.14,-,1.31,11.30782322,2018,Nov,2
2018/11/02,UTTAR PRADESH,VARANASI,0.91,-,7.38,14.23713849,2018,Nov,2
2018/11/02,UTTAR PRADESH,AURAIYA,0.98,-,7.1,10.12271052,2018,Nov,2
2018/11/01,UTTAR PRADESH,FARRUKHABAD,1.93,-,14.0,11.31174582,2018,Nov,1
2018/11/01,UTTAR PRADESH,LUCKNOW,2.22,-,15.53,9.964949574,2018,Nov,1
2018/11/01,UTTAR PRADESH,KHERI,3.15,-,21.86,11.53646474,2018,Nov,1
2018/11/01,UTTAR PRADESH,CHANDAULI,1.29,-,10.36,14.27155816,2018,Nov,1
2018/11/01,UTTAR PRADESH,AMBEDKAR NAGAR,0.44,-,2.79,14.40861308,2018,Nov,1
2018/11/01,UTTAR PRADESH,BUDAUN,2.22,-,19.28,10.04817215,2018,Nov,1
2018/11/01,UTTAR PRADESH,BALRAMPUR,2.87,-,19.28,11.96490037,2018,Nov,1
2018/11/01,UTTAR PRADESH,BASTI,1.03,-,6.33,12.12729974,2018,Nov,1
2018/11/01,UTTAR PRADESH,RAMPUR,3.26,-,21.41,12.89320266,2018,Nov,1
2018/11/01,UTTAR PRADESH,MIRZAPUR,1.84,-,15.77,12.37194414,2018,Nov,1
2018/11/01,UTTAR PRADESH,JYOTIBA PHULE NAGAR,2.72,-,24.36,11.31777266,2018,Nov,1
2018/11/01,UTTAR PRADESH,LALITPUR,2.44,-,16.58,6.336315608,2018,Nov,1
2018/11/01,UTTAR PRADESH,MAHAMAYA NAGAR,0.1,-,0.59,14.98940609,2018,Nov,1
2018/11/01,UTTAR PRADESH,MATHURA,0.22,-,1.48,12.71147004,2018,Nov,1
2018/11/01,UTTAR PRADESH,MAHOBA,0.81,-,6.26,4.559701776,2018,Nov,1
2018/11/01,UTTAR PRADESH,CHITRAKOOT,1.36,-,11.99,9.725452598,2018,Nov,1
2018/11/01,UTTAR PRADESH,SAHARANPUR,4.99,-,35.9,15.03152897,2018,Nov,1
2018/11/01,UTTAR PRADESH,KANNAUJ,1.81,-,12.76,11.82835205,2018,Nov,1
2018/11/01,UTTAR PRADESH,SANT KABIR NAGAR,0.29,-,2.23,12.82047518,2018,Nov,1
2018/11/01,UTTAR PRADESH,SONBHADRA,1.44,-,10.0,16.47852225,2018,Nov,1
2018/11/01,UTTAR PRADESH,FATEHPUR,1.91,-,14.86,7.553252918,2018,Nov,1
2018/11/01,UTTAR PRADESH,BARA BANKI,0.49,-,2.98,13.10527755,2018,Nov,1
2018/11/01,UTTAR PRADESH,AZAMGARH,0.64,-,4.47,12.12481227,2018,Nov,1
2018/11/01,UTTAR PRADESH,BAGHPAT,1.95,-,12.98,11.64785924,2018,Nov,1
2018/11/01,UTTAR PRADESH,ALIGARH,0.55,-,3.87,14.04279994,2018,Nov,1
2018/11/01,UTTAR PRADESH,HARDOI,0.83,-,6.44,11.99935392,2018,Nov,1
2018/11/01,UTTAR PRADESH,RAE BARELI,1.35,-,10.98,10.98809664,2018,Nov,1
2018/11/01,UTTAR PRADESH,GHAZIPUR,3.05,-,23.91,11.97072468,2018,Nov,1
2018/11/01,UTTAR PRADESH,KAUSHAMBI,2.54,-,19.31,8.53375891,2018,Nov,1
2018/11/01,UTTAR PRADESH,BULANDSHAHR,0.72,-,5.0,12.6779805,2018,Nov,1
2018/11/01,UTTAR PRADESH,DEORIA,0.19,-,1.25,16.41675508,2018,Nov,1
2018/11/01,UTTAR PRADESH,BAHRAICH,1.84,-,15.7,12.33482211,2018,Nov,1
2018/11/01,UTTAR PRADESH,GORAKHPUR,1.2,-,8.98,13.35552705,2018,Nov,1
2018/11/01,UTTAR PRADESH,BIJNOR,4.1,-,29.65,14.04201997,2018,Nov,1
2018/11/01,UTTAR PRADESH,BANDA,0.79,-,6.39,8.888659854,2018,Nov,1
2018/11/01,UTTAR PRADESH,MUZAFFARNAGAR,1.52,-,11.84,13.04453348,2018,Nov,1
2018/11/01,UTTAR PRADESH,SANT RAVI DAS NAGAR(BHADOHI),1.97,-,14.03,11.54271522,2018,Nov,1
2018/11/01,UTTAR PRADESH,HAMIRPUR,0.13,-,0.96,9.612961614,2018,Nov,1
2018/11/01,UTTAR PRADESH,PRATAPGARH,0.28,-,2.29,13.43403983,2018,Nov,1
2018/11/01,UTTAR PRADESH,ETAWAH,1.52,-,10.79,10.88554847,2018,Nov,1
2018/11/01,UTTAR PRADESH,MORADABAD,2.58,-,19.6,12.11418991,2018,Nov,1
2018/11/01,UTTAR PRADESH,AGRA,1.3,-,10.08,12.16385735,2018,Nov,1
2018/11/01,UTTAR PRADESH,JAUNPUR,0.36,-,2.9,11.8928986,2018,Nov,1
2018/11/01,UTTAR PRADESH,KANPUR NAGAR,0.97,-,6.29,8.737202294,2018,Nov,1
2018/11/01,UTTAR PRADESH,JHANSI,1.99,-,14.79,8.771487321,2018,Nov,1
2018/11/01,UTTAR PRADESH,SIDDHARTH NAGAR,0.04,-,0.27,13.4089804,2018,Nov,1
2018/11/01,UTTAR PRADESH,MEERUT,2.28,-,15.08,12.91746681,2018,Nov,1
2018/11/01,UTTAR PRADESH,PILIBHIT,3.66,-,25.43,13.47220887,2018,Nov,1
2018/11/01,UTTAR PRADESH,SHAHJAHANPUR,1.1,-,9.21,12.52476921,2018,Nov,1
2018/11/01,UTTAR PRADESH,KANPUR DEHAT,0.81,-,4.98,9.824768238,2018,Nov,1
2018/11/01,UTTAR PRADESH,FIROZABAD,1.14,-,8.94,11.72988502,2018,Nov,1
2018/11/01,UTTAR PRADESH,AYODHYA,1.17,-,7.4,13.66934138,2018,Nov,1
2018/11/01,UTTAR PRADESH,KUSHINAGAR,0.7,-,6.39,17.12116743,2018,Nov,1
2018/11/01,UTTAR PRADESH,JALAUN,0.1,-,0.61,16.06111203,2018,Nov,1
2018/11/01,UTTAR PRADESH,GHAZIABAD,2.54,-,16.57,11.3890297,2018,Nov,1
2018/11/01,UTTAR PRADESH,ETAH,0.0,-,0.0,14.26697241,2018,Nov,1
2018/11/01,UTTAR PRADESH,BALLIA,0.09,-,0.63,12.58207531,2018,Nov,1
2018/11/01,UTTAR PRADESH,UNNAO,0.84,-,6.57,9.733077585,2018,Nov,1
2018/11/01,UTTAR PRADESH,MAU,0.97,-,6.72,12.49847535,2018,Nov,1
2018/11/01,UTTAR PRADESH,SITAPUR,0.98,-,6.82,11.46106251,2018,Nov,1
2018/11/01,UTTAR PRADESH,PRAYAGRAJ,1.8,-,15.85,11.68527634,2018,Nov,1
2018/11/01,UTTAR PRADESH,BAREILLY,2.65,-,18.3,12.6893119,2018,Nov,1
2018/11/01,UTTAR PRADESH,SHRAWASTI,0.83,-,7.4,15.9172082,2018,Nov,1
2018/11/01,UTTAR PRADESH,SULTANPUR,0.39,-,2.54,16.1600397,2018,Nov,1
2018/11/01,UTTAR PRADESH,GONDA,2.03,-,13.57,12.93473622,2018,Nov,1
2018/11/01,UTTAR PRADESH,GAUTAM BUDDHA NAGAR,2.42,-,15.64,11.59770416,2018,Nov,1
2018/11/01,UTTAR PRADESH,KANSIRAM NAGAR,1.86,-,15.74,12.30482448,2018,Nov,1
2018/11/01,UTTAR PRADESH,MAHARAJGANJ,0.46,-,4.19,16.56759078,2018,Nov,1
2018/11/01,UTTAR PRADESH,MAINPURI,0.15,-,1.36,11.38809242,2018,Nov,1
2018/11/01,UTTAR PRADESH,VARANASI,0.96,-,7.77,14.338908,2018,Nov,1
2018/11/01,UTTAR PRADESH,AURAIYA,1.0,-,7.25,10.21301724,2018,Nov,1
2018/12/31,UTTAR PRADESH,FARRUKHABAD,1.21,-,8.97,4.117949612,2018,Dec,31
2018/12/31,UTTAR PRADESH,LUCKNOW,1.29,-,8.54,4.562559375,2018,Dec,31
2018/12/31,UTTAR PRADESH,KHERI,1.65,-,11.7,6.854116541,2018,Dec,31
2018/12/31,UTTAR PRADESH,CHANDAULI,0.42,-,3.67,10.86365907,2018,Dec,31
2018/12/31,UTTAR PRADESH,AMBEDKAR NAGAR,0.21,-,1.23,6.22303614,2018,Dec,31
2018/12/31,UTTAR PRADESH,BUDAUN,1.3,-,11.15,4.143275281,2018,Dec,31
2018/12/31,UTTAR PRADESH,BALRAMPUR,0.64,-,4.41,7.303501718,2018,Dec,31
2018/12/31,UTTAR PRADESH,BASTI,0.51,-,3.06,5.155693009,2018,Dec,31
2018/12/31,UTTAR PRADESH,RAMPUR,0.49,-,3.44,6.523667355,2018,Dec,31
2018/12/31,UTTAR PRADESH,MIRZAPUR,0.93,-,8.06,6.827519388,2018,Dec,31
2018/12/31,UTTAR PRADESH,JYOTIBA PHULE NAGAR,1.47,-,13.96,5.127422242,2018,Dec,31
2018/12/31,UTTAR PRADESH,LALITPUR,1.6,-,10.77,2.92938354,2018,Dec,31
2018/12/31,UTTAR PRADESH,MAHAMAYA NAGAR,0.04,-,0.23,6.725406135,2018,Dec,31
2018/12/31,UTTAR PRADESH,MATHURA,0.14,-,0.94,6.919324832,2018,Dec,31
2018/12/31,UTTAR PRADESH,MAHOBA,0.39,-,2.66,1.803889627,2018,Dec,31
2018/12/31,UTTAR PRADESH,CHITRAKOOT,1.03,-,9.2,5.021071431,2018,Dec,31
2018/12/31,UTTAR PRADESH,SAHARANPUR,1.61,-,11.89,10.40171232,2018,Dec,31
2018/12/31,UTTAR PRADESH,KANNAUJ,0.86,-,6.4,4.360816141,2018,Dec,31
2018/12/31,UTTAR PRADESH,SANT KABIR NAGAR,0.02,-,0.16,5.46243538,2018,Dec,31
2018/12/31,UTTAR PRADESH,SONBHADRA,0.97,-,6.54,19.99242425,2018,Dec,31
2018/12/31,UTTAR PRADESH,FATEHPUR,1.36,-,10.69,2.691937124,2018,Dec,31
2018/12/31,UTTAR PRADESH,BARA BANKI,0.26,-,1.55,5.634874166,2018,Dec,31
2018/12/31,UTTAR PRADESH,AZAMGARH,0.18,-,1.08,5.231795611,2018,Dec,31
2018/12/31,UTTAR PRADESH,BAGHPAT,0.93,-,6.24,5.826603077,2018,Dec,31
2018/12/31,UTTAR PRADESH,ALIGARH,0.42,-,2.95,8.036709543,2018,Dec,31
2018/12/31,UTTAR PRADESH,HARDOI,0.37,-,2.85,4.857000934,2018,Dec,31
2018/12/31,UTTAR PRADESH,RAE BARELI,0.77,-,6.41,4.319529453,2018,Dec,31
2018/12/31,UTTAR PRADESH,GHAZIPUR,0.58,-,4.85,6.442093717,2018,Dec,31
2018/12/31,UTTAR PRADESH,KAUSHAMBI,1.54,-,11.99,3.129538642,2018,Dec,31
2018/12/31,UTTAR PRADESH,BULANDSHAHR,0.41,-,2.94,6.021076997,2018,Dec,31
2018/12/31,UTTAR PRADESH,DEORIA,0.07,-,0.41,6.994966027,2018,Dec,31
2018/12/31,UTTAR PRADESH,BAHRAICH,0.9,-,7.48,6.048166312,2018,Dec,31
2018/12/31,UTTAR PRADESH,GORAKHPUR,0.46,-,3.0,5.830828556,2018,Dec,31
2018/12/31,UTTAR PRADESH,BIJNOR,1.33,-,10.94,7.698169168,2018,Dec,31
2018/12/31,UTTAR PRADESH,BANDA,0.62,-,5.04,3.419929886,2018,Dec,31
2018/12/31,UTTAR PRADESH,MUZAFFARNAGAR,0.49,-,3.99,7.932680075,2018,Dec,31
2018/12/31,UTTAR PRADESH,SANT RAVI DAS NAGAR(BHADOHI),0.7,-,5.07,4.531769985,2018,Dec,31
2018/12/31,UTTAR PRADESH,HAMIRPUR,0.06,-,0.4,4.03798548,2018,Dec,31
2018/12/31,UTTAR PRADESH,PRATAPGARH,0.15,-,1.26,5.585739065,2018,Dec,31
2018/12/31,UTTAR PRADESH,ETAWAH,0.57,-,4.23,5.355286744,2018,Dec,31
2018/12/31,UTTAR PRADESH,MORADABAD,0.76,-,5.95,5.946297218,2018,Dec,31
2018/12/31,UTTAR PRADESH,AGRA,0.7,-,5.4,5.659620112,2018,Dec,31
2018/12/31,UTTAR PRADESH,JAUNPUR,0.16,-,1.41,4.799509773,2018,Dec,31
2018/12/31,UTTAR PRADESH,KANPUR NAGAR,0.6,-,3.85,3.270857615,2018,Dec,31
2018/12/31,UTTAR PRADESH,JHANSI,1.23,-,8.82,4.020813845,2018,Dec,31
2018/12/31,UTTAR PRADESH,SIDDHARTH NAGAR,0.0,-,0.02,5.670892351,2018,Dec,31
2018/12/31,UTTAR PRADESH,MEERUT,1.19,-,8.27,6.058097859,2018,Dec,31
2018/12/31,UTTAR PRADESH,PILIBHIT,1.46,-,10.81,7.549613321,2018,Dec,31
2018/12/31,UTTAR PRADESH,SHAHJAHANPUR,0.36,-,3.14,5.709051536,2018,Dec,31
2018/12/31,UTTAR PRADESH,KANPUR DEHAT,0.47,-,2.87,3.85655365,2018,Dec,31
2018/12/31,UTTAR PRADESH,FIROZABAD,0.76,-,6.17,4.837921392,2018,Dec,31
2018/12/31,UTTAR PRADESH,AYODHYA,0.53,-,3.28,5.993632148,2018,Dec,31
2018/12/31,UTTAR PRADESH,KUSHINAGAR,0.05,-,0.42,8.006742224,2018,Dec,31
2018/12/31,UTTAR PRADESH,JALAUN,0.04,-,0.26,7.392111479,2018,Dec,31
2018/12/31,UTTAR PRADESH,GHAZIABAD,1.68,-,11.09,5.470416841,2018,Dec,31
2018/12/31,UTTAR PRADESH,ETAH,0.0,-,0.0,5.889480925,2018,Dec,31
2018/12/31,UTTAR PRADESH,BALLIA,0.0,-,0.04,6.441791254,2018,Dec,31
2018/12/31,UTTAR PRADESH,UNNAO,0.47,-,3.8,3.923304828,2018,Dec,31
2018/12/31,UTTAR PRADESH,MAU,0.13,-,0.79,6.101970227,2018,Dec,31
2018/12/31,UTTAR PRADESH,SITAPUR,0.49,-,3.65,5.400377959,2018,Dec,31
2018/12/31,UTTAR PRADESH,PRAYAGRAJ,1.11,-,9.92,4.559933513,2018,Dec,31
2018/12/31,UTTAR PRADESH,BAREILLY,0.79,-,5.78,5.384099489,2018,Dec,31
2018/12/31,UTTAR PRADESH,SHRAWASTI,0.07,-,0.65,8.197998095,2018,Dec,31
2018/12/31,UTTAR PRADESH,SULTANPUR,0.09,-,0.56,6.784106547,2018,Dec,31
2018/12/31,UTTAR PRADESH,GONDA,0.7,-,4.46,6.336707192,2018,Dec,31
2018/12/31,UTTAR PRADESH,GAUTAM BUDDHA NAGAR,1.74,-,11.38,5.906994947,2018,Dec,31
2018/12/31,UTTAR PRADESH,KANSIRAM NAGAR,1.6,-,13.51,5.248089695,2018,Dec,31
2018/12/31,UTTAR PRADESH,MAHARAJGANJ,0.05,-,0.49,8.777967682,2018,Dec,31
2018/12/31,UTTAR PRADESH,MAINPURI,0.1,-,0.93,4.347745179,2018,Dec,31
2018/12/31,UTTAR PRADESH,VARANASI,0.23,-,1.83,6.321377408,2018,Dec,31
2018/12/31,UTTAR PRADESH,AURAIYA,0.56,-,4.1,4.290957948,2018,Dec,31
2018/12/30,UTTAR PRADESH,FARRUKHABAD,1.22,-,9.02,4.176503766,2018,Dec,30
2018/12/30,UTTAR PRADESH,LUCKNOW,1.3,-,8.58,4.615847833,2018,Dec,30
2018/12/30,UTTAR PRADESH,KHERI,1.66,-,11.76,6.918164672,2018,Dec,30
2018/12/30,UTTAR PRADESH,CHANDAULI,0.42,-,3.7,10.89010352,2018,Dec,30
2018/12/30,UTTAR PRADESH,AMBEDKAR NAGAR,0.21,-,1.25,6.313705546,2018,Dec,30
2018/12/30,UTTAR PRADESH,BUDAUN,1.3,-,11.19,4.224020377,2018,Dec,30
2018/12/30,UTTAR PRADESH,BALRAMPUR,0.64,-,4.47,7.362306439,2018,Dec,30
2018/12/30,UTTAR PRADESH,BASTI,0.51,-,3.07,5.225099051,2018,Dec,30
2018/12/30,UTTAR PRADESH,RAMPUR,0.49,-,3.47,6.586271175,2018,Dec,30
2018/12/30,UTTAR PRADESH,MIRZAPUR,0.94,-,8.15,6.842816626,2018,Dec,30
2018/12/30,UTTAR PRADESH,JYOTIBA PHULE NAGAR,1.48,-,13.99,5.186816024,2018,Dec,30
2018/12/30,UTTAR PRADESH,LALITPUR,1.62,-,10.86,2.962846139,2018,Dec,30
2018/12/30,UTTAR PRADESH,MAHAMAYA NAGAR,0.04,-,0.24,6.805440148,2018,Dec,30
2018/12/30,UTTAR PRADESH,MATHURA,0.14,-,0.95,6.984031142,2018,Dec,30
2018/12/30,UTTAR PRADESH,MAHOBA,0.39,-,2.72,1.814745186,2018,Dec,30
2018/12/30,UTTAR PRADESH,CHITRAKOOT,1.04,-,9.26,5.031272035,2018,Dec,30
2018/12/30,UTTAR PRADESH,SAHARANPUR,1.61,-,11.92,10.46613658,2018,Dec,30
2018/12/30,UTTAR PRADESH,KANNAUJ,0.86,-,6.45,4.422885078,2018,Dec,30
2018/12/30,UTTAR PRADESH,SANT KABIR NAGAR,0.02,-,0.16,5.519786149,2018,Dec,30
2018/12/30,UTTAR PRADESH,SONBHADRA,0.98,-,6.61,20.07452023,2018,Dec,30
2018/12/30,UTTAR PRADESH,FATEHPUR,1.38,-,10.78,2.716131528,2018,Dec,30
2018/12/30,UTTAR PRADESH,BARA BANKI,0.26,-,1.56,5.727070037,2018,Dec,30
2018/12/30,UTTAR PRADESH,AZAMGARH,0.18,-,1.08,5.290507875,2018,Dec,30
2018/12/30,UTTAR PRADESH,BAGHPAT,0.94,-,6.3,5.893908649,2018,Dec,30
2018/12/30,UTTAR PRADESH,ALIGARH,0.42,-,2.96,8.140266543,2018,Dec,30
2018/12/30,UTTAR PRADESH,HARDOI,0.37,-,2.86,4.928444791,2018,Dec,30
2018/12/30,UTTAR PRADESH,RAE BARELI,0.78,-,6.46,4.380197841,2018,Dec,30
2018/12/30,UTTAR PRADESH,GHAZIPUR,0.58,-,4.87,6.498129936,2018,Dec,30
2018/12/30,UTTAR PRADESH,KAUSHAMBI,1.55,-,12.07,3.152440188,2018,Dec,30
2018/12/30,UTTAR PRADESH,BULANDSHAHR,0.41,-,2.95,6.115013819,2018,Dec,30
2018/12/30,UTTAR PRADESH,DEORIA,0.07,-,0.41,7.092875183,2018,Dec,30
2018/12/30,UTTAR PRADESH,BAHRAICH,0.91,-,7.54,6.127975087,2018,Dec,30
2018/12/30,UTTAR PRADESH,GORAKHPUR,0.46,-,3.01,5.895458539,2018,Dec,30
2018/12/30,UTTAR PRADESH,BIJNOR,1.34,-,10.99,7.751290261,2018,Dec,30
2018/12/30,UTTAR PRADESH,BANDA,0.62,-,5.06,3.439405932,2018,Dec,30
2018/12/30,UTTAR PRADESH,MUZAFFARNAGAR,0.49,-,4.01,8.014303315,2018,Dec,30
2018/12/30,UTTAR PRADESH,SANT RAVI DAS NAGAR(BHADOHI),0.7,-,5.1,4.557491934,2018,Dec,30
2018/12/30,UTTAR PRADESH,HAMIRPUR,0.06,-,0.41,4.060033972,2018,Dec,30
2018/12/30,UTTAR PRADESH,PRATAPGARH,0.15,-,1.27,5.638681651,2018,Dec,30
2018/12/30,UTTAR PRADESH,ETAWAH,0.58,-,4.28,5.387358342,2018,Dec,30
2018/12/30,UTTAR PRADESH,MORADABAD,0.76,-,5.97,6.016701775,2018,Dec,30
2018/12/30,UTTAR PRADESH,AGRA,0.71,-,5.48,5.70617247,2018,Dec,30
2018/12/30,UTTAR PRADESH,JAUNPUR,0.16,-,1.41,4.833679406,2018,Dec,30
2018/12/30,UTTAR PRADESH,KANPUR NAGAR,0.6,-,3.87,3.312388153,2018,Dec,30
2018/12/30,UTTAR PRADESH,JHANSI,1.24,-,8.9,4.050887751,2018,Dec,30
2018/12/30,UTTAR PRADESH,SIDDHARTH NAGAR,0.0,-,0.02,5.767515776,2018,Dec,30
2018/12/30,UTTAR PRADESH,MEERUT,1.2,-,8.29,6.137657076,2018,Dec,30
2018/12/30,UTTAR PRADESH,PILIBHIT,1.46,-,10.86,7.602724522,2018,Dec,30
2018/12/30,UTTAR PRADESH,SHAHJAHANPUR,0.36,-,3.15,5.785778699,2018,Dec,30
2018/12/30,UTTAR PRADESH,KANPUR DEHAT,0.47,-,2.9,3.901488982,2018,Dec,30
2018/12/30,UTTAR PRADESH,FIROZABAD,0.77,-,6.23,4.892913775,2018,Dec,30
2018/12/30,UTTAR PRADESH,AYODHYA,0.54,-,3.3,6.084769105,2018,Dec,30
2018/12/30,UTTAR PRADESH,KUSHINAGAR,0.05,-,0.44,8.098436878,2018,Dec,30
2018/12/30,UTTAR PRADESH,JALAUN,0.04,-,0.27,7.41847982,2018,Dec,30
2018/12/30,UTTAR PRADESH,GHAZIABAD,1.69,-,11.13,5.54090151,2018,Dec,30
2018/12/30,UTTAR PRADESH,ETAH,0.0,-,0.0,5.980900167,2018,Dec,30
2018/12/30,UTTAR PRADESH,BALLIA,0.0,-,0.04,6.535734403,2018,Dec,30
2018/12/30,UTTAR PRADESH,UNNAO,0.48,-,3.82,3.981813003,2018,Dec,30
2018/12/30,UTTAR PRADESH,MAU,0.13,-,0.79,6.169438367,2018,Dec,30
2018/12/30,UTTAR PRADESH,SITAPUR,0.5,-,3.66,5.466350047,2018,Dec,30
2018/12/30,UTTAR PRADESH,PRAYAGRAJ,1.11,-,9.98,4.581956993,2018,Dec,30
2018/12/30,UTTAR PRADESH,BAREILLY,0.79,-,5.81,5.475738965,2018,Dec,30
2018/12/30,UTTAR PRADESH,SHRAWASTI,0.07,-,0.65,8.307709396,2018,Dec,30
2018/12/30,UTTAR PRADESH,SULTANPUR,0.09,-,0.56,6.878926467,2018,Dec,30
2018/12/30,UTTAR PRADESH,GONDA,0.71,-,4.51,6.421395631,2018,Dec,30
2018/12/30,UTTAR PRADESH,GAUTAM BUDDHA NAGAR,1.74,-,11.41,5.977586087,2018,Dec,30
2018/12/30,UTTAR PRADESH,KANSIRAM NAGAR,1.61,-,13.55,5.333457355,2018,Dec,30
2018/12/30,UTTAR PRADESH,MAHARAJGANJ,0.05,-,0.5,8.843581773,2018,Dec,30
2018/12/30,UTTAR PRADESH,MAINPURI,0.1,-,0.93,4.411084046,2018,Dec,30
2018/12/30,UTTAR PRADESH,VARANASI,0.23,-,1.84,6.349426977,2018,Dec,30
2018/12/30,UTTAR PRADESH,AURAIYA,0.57,-,4.15,4.332390948,2018,Dec,30
2018/12/29,UTTAR PRADESH,FARRUKHABAD,1.23,-,9.05,4.21553262,2018,Dec,29
2018/12/29,UTTAR PRADESH,LUCKNOW,1.3,-,8.62,4.646575807,2018,Dec,29
2018/12/29,UTTAR PRADESH,KHERI,1.67,-,11.8,6.95094587,2018,Dec,29
2018/12/29,UTTAR PRADESH,CHANDAULI,0.43,-,3.71,10.91833721,2018,Dec,29
2018/12/29,UTTAR PRADESH,AMBEDKAR NAGAR,0.21,-,1.26,6.382929986,2018,Dec,29
2018/12/29,UTTAR PRADESH,BUDAUN,1.3,-,11.23,4.274794273,2018,Dec,29
2018/12/29,UTTAR PRADESH,BALRAMPUR,0.65,-,4.52,7.399292942,2018,Dec,29
2018/12/29,UTTAR PRADESH,BASTI,0.52,-,3.1,5.281492838,2018,Dec,29
2018/12/29,UTTAR PRADESH,RAMPUR,0.49,-,3.47,6.622668527,2018,Dec,29
2018/12/29,UTTAR PRADESH,MIRZAPUR,0.95,-,8.2,6.857615345,2018,Dec,29
2018/12/29,UTTAR PRADESH,JYOTIBA PHULE NAGAR,1.48,-,14.06,5.226043353,2018,Dec,29
2018/12/29,UTTAR PRADESH,LALITPUR,1.62,-,10.91,2.991525155,2018,Dec,29
2018/12/29,UTTAR PRADESH,MAHAMAYA NAGAR,0.04,-,0.24,6.852262193,2018,Dec,29
2018/12/29,UTTAR PRADESH,MATHURA,0.15,-,0.97,7.009727738,2018,Dec,29
2018/12/29,UTTAR PRADESH,MAHOBA,0.4,-,2.74,1.815689869,2018,Dec,29
2018/12/29,UTTAR PRADESH,CHITRAKOOT,1.05,-,9.31,5.039985369,2018,Dec,29
2018/12/29,UTTAR PRADESH,SAHARANPUR,1.62,-,11.98,10.51013985,2018,Dec,29
2018/12/29,UTTAR PRADESH,KANNAUJ,0.87,-,6.49,4.454443416,2018,Dec,29
2018/12/29,UTTAR PRADESH,SANT KABIR NAGAR,0.02,-,0.17,5.57920632,2018,Dec,29
2018/12/29,UTTAR PRADESH,SONBHADRA,0.99,-,6.68,20.15240844,2018,Dec,29
2018/12/29,UTTAR PRADESH,FATEHPUR,1.38,-,10.83,2.725981261,2018,Dec,29
2018/12/29,UTTAR PRADESH,BARA BANKI,0.26,-,1.56,5.779283785,2018,Dec,29
2018/12/29,UTTAR PRADESH,AZAMGARH,0.18,-,1.09,5.341212203,2018,Dec,29
2018/12/29,UTTAR PRADESH,BAGHPAT,0.94,-,6.31,5.936606519,2018,Dec,29
2018/12/29,UTTAR PRADESH,ALIGARH,0.42,-,2.98,8.201344964,2018,Dec,29
2018/12/29,UTTAR PRADESH,HARDOI,0.37,-,2.88,4.975656989,2018,Dec,29
2018/12/29,UTTAR PRADESH,RAE BARELI,0.78,-,6.5,4.413649299,2018,Dec,29
2018/12/29,UTTAR PRADESH,GHAZIPUR,0.59,-,4.88,6.544055583,2018,Dec,29
2018/12/29,UTTAR PRADESH,KAUSHAMBI,1.57,-,12.19,3.162184736,2018,Dec,29
2018/12/29,UTTAR PRADESH,BULANDSHAHR,0.41,-,2.97,6.191293152,2018,Dec,29
2018/12/29,UTTAR PRADESH,DEORIA,0.07,-,0.42,7.177962496,2018,Dec,29
2018/12/29,UTTAR PRADESH,BAHRAICH,0.91,-,7.58,6.182781862,2018,Dec,29
2018/12/29,UTTAR PRADESH,GORAKHPUR,0.46,-,3.02,5.958932841,2018,Dec,29
2018/12/29,UTTAR PRADESH,BIJNOR,1.35,-,11.05,7.784642155,2018,Dec,29
2018/12/29,UTTAR PRADESH,BANDA,0.62,-,5.09,3.446169725,2018,Dec,29
2018/12/29,UTTAR PRADESH,MUZAFFARNAGAR,0.49,-,4.04,8.064168127,2018,Dec,29
2018/12/29,UTTAR PRADESH,SANT RAVI DAS NAGAR(BHADOHI),0.71,-,5.13,4.571310082,2018,Dec,29
2018/12/29,UTTAR PRADESH,HAMIRPUR,0.06,-,0.41,4.06933518,2018,Dec,29
2018/12/29,UTTAR PRADESH,PRATAPGARH,0.15,-,1.27,5.669300926,2018,Dec,29
2018/12/29,UTTAR PRADESH,ETAWAH,0.59,-,4.33,5.408751348,2018,Dec,29
2018/12/29,UTTAR PRADESH,MORADABAD,0.77,-,5.98,6.056784714,2018,Dec,29
2018/12/29,UTTAR PRADESH,AGRA,0.72,-,5.54,5.718368575,2018,Dec,29
2018/12/29,UTTAR PRADESH,JAUNPUR,0.16,-,1.42,4.859761866,2018,Dec,29
2018/12/29,UTTAR PRADESH,KANPUR NAGAR,0.6,-,3.9,3.328357891,2018,Dec,29
2018/12/29,UTTAR PRADESH,JHANSI,1.25,-,8.98,4.062064027,2018,Dec,29
2018/12/29,UTTAR PRADESH,SIDDHARTH NAGAR,0.0,-,0.02,5.840941133,2018,Dec,29
2018/12/29,UTTAR PRADESH,MEERUT,1.2,-,8.32,6.176691066,2018,Dec,29
2018/12/29,UTTAR PRADESH,PILIBHIT,1.47,-,10.91,7.629842666,2018,Dec,29
2018/12/29,UTTAR PRADESH,SHAHJAHANPUR,0.37,-,3.18,5.834670189,2018,Dec,29
2018/12/29,UTTAR PRADESH,KANPUR DEHAT,0.47,-,2.92,3.909867932,2018,Dec,29
2018/12/29,UTTAR PRADESH,FIROZABAD,0.77,-,6.28,4.914655041,2018,Dec,29
2018/12/29,UTTAR PRADESH,AYODHYA,0.54,-,3.32,6.146354081,2018,Dec,29
2018/12/29,UTTAR PRADESH,KUSHINAGAR,0.05,-,0.44,8.169298973,2018,Dec,29
2018/12/29,UTTAR PRADESH,JALAUN,0.04,-,0.27,7.432564867,2018,Dec,29
2018/12/29,UTTAR PRADESH,GHAZIABAD,1.7,-,11.18,5.592793896,2018,Dec,29
2018/12/29,UTTAR PRADESH,ETAH,0.0,-,0.0,6.034505161,2018,Dec,29
2018/12/29,UTTAR PRADESH,BALLIA,0.0,-,0.05,6.61572816,2018,Dec,29
2018/12/29,UTTAR PRADESH,UNNAO,0.48,-,3.86,4.008242124,2018,Dec,29
2018/12/29,UTTAR PRADESH,MAU,0.14,-,0.81,6.233247299,2018,Dec,29
2018/12/29,UTTAR PRADESH,SITAPUR,0.5,-,3.68,5.513454102,2018,Dec,29
2018/12/29,UTTAR PRADESH,PRAYAGRAJ,1.12,-,10.04,4.597293799,2018,Dec,29
2018/12/29,UTTAR PRADESH,BAREILLY,0.8,-,5.84,5.520955418,2018,Dec,29
2018/12/29,UTTAR PRADESH,SHRAWASTI,0.07,-,0.66,8.386457868,2018,Dec,29
2018/12/29,UTTAR PRADESH,SULTANPUR,0.09,-,0.56,6.938583495,2018,Dec,29
2018/12/29,UTTAR PRADESH,GONDA,0.71,-,4.55,6.478579424,2018,Dec,29
2018/12/29,UTTAR PRADESH,GAUTAM BUDDHA NAGAR,1.74,-,11.43,6.019102363,2018,Dec,29
2018/12/29,UTTAR PRADESH,KANSIRAM NAGAR,1.61,-,13.58,5.408064733,2018,Dec,29
2018/12/29,UTTAR PRADESH,MAHARAJGANJ,0.06,-,0.52,8.90585009,2018,Dec,29
2018/12/29,UTTAR PRADESH,MAINPURI,0.1,-,0.93,4.438955207,2018,Dec,29
2018/12/29,UTTAR PRADESH,VARANASI,0.24,-,1.86,6.379712453,2018,Dec,29
2018/12/29,UTTAR PRADESH,AURAIYA,0.57,-,4.17,4.346122963,2018,Dec,29
2018/12/28,UTTAR PRADESH,FARRUKHABAD,1.23,-,9.1,4.274816455,2018,Dec,28
2018/12/28,UTTAR PRADESH,LUCKNOW,1.31,-,8.67,4.699588868,2018,Dec,28
2018/12/28,UTTAR PRADESH,KHERI,1.68,-,11.85,7.009719173,2018,Dec,28
2018/12/28,UTTAR PRADESH,CHANDAULI,0.43,-,3.72,10.97413781,2018,Dec,28
2018/12/28,UTTAR PRADESH,AMBEDKAR NAGAR,0.22,-,1.26,6.48003258,2018,Dec,28
2018/12/28,UTTAR PRADESH,BUDAUN,1.3,-,11.24,4.338698379,2018,Dec,28
2018/12/28,UTTAR PRADESH,BALRAMPUR,0.66,-,4.56,7.463387806,2018,Dec,28
2018/12/28,UTTAR PRADESH,BASTI,0.52,-,3.11,5.351581472,2018,Dec,28
2018/12/28,UTTAR PRADESH,RAMPUR,0.5,-,3.49,6.665468086,2018,Dec,28
2018/12/28,UTTAR PRADESH,MIRZAPUR,0.96,-,8.29,6.889073942,2018,Dec,28
2018/12/28,UTTAR PRADESH,JYOTIBA PHULE NAGAR,1.48,-,14.06,5.272484252,2018,Dec,28
2018/12/28,UTTAR PRADESH,LALITPUR,1.63,-,10.97,3.017447399,2018,Dec,28
2018/12/28,UTTAR PRADESH,MAHAMAYA NAGAR,0.04,-,0.25,6.940052099,2018,Dec,28
2018/12/28,UTTAR PRADESH,MATHURA,0.15,-,0.97,7.066344409,2018,Dec,28
2018/12/28,UTTAR PRADESH,MAHOBA,0.4,-,2.79,1.82392775,2018,Dec,28
2018/12/28,UTTAR PRADESH,CHITRAKOOT,1.05,-,9.34,5.053962237,2018,Dec,28
2018/12/28,UTTAR PRADESH,SAHARANPUR,1.62,-,12.01,10.55557111,2018,Dec,28
2018/12/28,UTTAR PRADESH,KANNAUJ,0.88,-,6.52,4.51777166,2018,Dec,28
2018/12/28,UTTAR PRADESH,SANT KABIR NAGAR,0.02,-,0.17,5.660034531,2018,Dec,28
2018/12/28,UTTAR PRADESH,SONBHADRA,1.0,-,6.77,20.2561944,2018,Dec,28
2018/12/28,UTTAR PRADESH,FATEHPUR,1.39,-,10.89,2.763429449,2018,Dec,28
2018/12/28,UTTAR PRADESH,BARA BANKI,0.26,-,1.57,5.863229075,2018,Dec,28
2018/12/28,UTTAR PRADESH,AZAMGARH,0.18,-,1.1,5.429294286,2018,Dec,28
2018/12/28,UTTAR PRADESH,BAGHPAT,0.95,-,6.35,6.004908727,2018,Dec,28
2018/12/28,UTTAR PRADESH,ALIGARH,0.42,-,2.99,8.313712708,2018,Dec,28
2018/12/28,UTTAR PRADESH,HARDOI,0.37,-,2.9,5.048062254,2018,Dec,28
2018/12/28,UTTAR PRADESH,RAE BARELI,0.79,-,6.53,4.484624807,2018,Dec,28
2018/12/28,UTTAR PRADESH,GHAZIPUR,0.59,-,4.91,6.641721977,2018,Dec,28
2018/12/28,UTTAR PRADESH,KAUSHAMBI,1.58,-,12.27,3.19675933,2018,Dec,28
2018/12/28,UTTAR PRADESH,BULANDSHAHR,0.41,-,2.98,6.280966148,2018,Dec,28
2018/12/28,UTTAR PRADESH,DEORIA,0.07,-,0.42,7.274287944,2018,Dec,28
2018/12/28,UTTAR PRADESH,BAHRAICH,0.92,-,7.64,6.264553628,2018,Dec,28
2018/12/28,UTTAR PRADESH,GORAKHPUR,0.47,-,3.04,6.028466942,2018,Dec,28
2018/12/28,UTTAR PRADESH,BIJNOR,1.35,-,11.09,7.805515337,2018,Dec,28
2018/12/28,UTTAR PRADESH,BANDA,0.63,-,5.11,3.469036278,2018,Dec,28
2018/12/28,UTTAR PRADESH,MUZAFFARNAGAR,0.49,-,4.05,8.121417162,2018,Dec,28
2018/12/28,UTTAR PRADESH,SANT RAVI DAS NAGAR(BHADOHI),0.72,-,5.23,4.632426135,2018,Dec,28
2018/12/28,UTTAR PRADESH,HAMIRPUR,0.06,-,0.41,4.100040602,2018,Dec,28
2018/12/28,UTTAR PRADESH,PRATAPGARH,0.15,-,1.29,5.748751472,2018,Dec,28
2018/12/28,UTTAR PRADESH,ETAWAH,0.59,-,4.38,5.446017374,2018,Dec,28
2018/12/28,UTTAR PRADESH,MORADABAD,0.77,-,6.0,6.103842272,2018,Dec,28
2018/12/28,UTTAR PRADESH,AGRA,0.72,-,5.61,5.766153451,2018,Dec,28
2018/12/28,UTTAR PRADESH,JAUNPUR,0.16,-,1.42,4.935968592,2018,Dec,28
2018/12/28,UTTAR PRADESH,KANPUR NAGAR,0.61,-,3.93,3.372358717,2018,Dec,28
2018/12/28,UTTAR PRADESH,JHANSI,1.26,-,9.06,4.084577029,2018,Dec,28
2018/12/28,UTTAR PRADESH,SIDDHARTH NAGAR,0.0,-,0.02,5.936573707,2018,Dec,28
2018/12/28,UTTAR PRADESH,MEERUT,1.2,-,8.33,6.231094704,2018,Dec,28
2018/12/28,UTTAR PRADESH,PILIBHIT,1.48,-,10.96,7.667424993,2018,Dec,28
2018/12/28,UTTAR PRADESH,SHAHJAHANPUR,0.37,-,3.19,5.888215717,2018,Dec,28
2018/12/28,UTTAR PRADESH,KANPUR DEHAT,0.48,-,2.95,3.959765438,2018,Dec,28
2018/12/28,UTTAR PRADESH,FIROZABAD,0.78,-,6.32,4.975237746,2018,Dec,28
2018/12/28,UTTAR PRADESH,AYODHYA,0.54,-,3.35,6.227347832,2018,Dec,28
2018/12/28,UTTAR PRADESH,KUSHINAGAR,0.05,-,0.44,8.246689247,2018,Dec,28
2018/12/28,UTTAR PRADESH,JALAUN,0.05,-,0.27,7.480842526,2018,Dec,28
2018/12/28,UTTAR PRADESH,GHAZIABAD,1.7,-,11.22,5.651213603,2018,Dec,28
2018/12/28,UTTAR PRADESH,ETAH,0.0,-,0.0,6.119370162,2018,Dec,28
2018/12/28,UTTAR PRADESH,BALLIA,0.0,-,0.05,6.723445844,2018,Dec,28
2018/12/28,UTTAR PRADESH,UNNAO,0.49,-,3.89,4.063204402,2018,Dec,28
2018/12/28,UTTAR PRADESH,MAU,0.14,-,0.81,6.334976794,2018,Dec,28
2018/12/28,UTTAR PRADESH,SITAPUR,0.5,-,3.7,5.562610441,2018,Dec,28
2018/12/28,UTTAR PRADESH,PRAYAGRAJ,1.13,-,10.11,4.647299347,2018,Dec,28
2018/12/28,UTTAR PRADESH,BAREILLY,0.8,-,5.86,5.584800277,2018,Dec,28
2018/12/28,UTTAR PRADESH,SHRAWASTI,0.07,-,0.68,8.504469671,2018,Dec,28
2018/12/28,UTTAR PRADESH,SULTANPUR,0.09,-,0.57,7.047303017,2018,Dec,28
2018/12/28,UTTAR PRADESH,GONDA,0.72,-,4.59,6.556126932,2018,Dec,28
2018/12/28,UTTAR PRADESH,GAUTAM BUDDHA NAGAR,1.75,-,11.48,6.098645511,2018,Dec,28
2018/12/28,UTTAR PRADESH,KANSIRAM NAGAR,1.61,-,13.6,5.478223368,2018,Dec,28
2018/12/28,UTTAR PRADESH,MAHARAJGANJ,0.06,-,0.53,8.976780828,2018,Dec,28
2018/12/28,UTTAR PRADESH,MAINPURI,0.1,-,0.93,4.502157095,2018,Dec,28
2018/12/28,UTTAR PRADESH,VARANASI,0.24,-,1.88,6.460838261,2018,Dec,28
2018/12/28,UTTAR PRADESH,AURAIYA,0.57,-,4.19,4.393112418,2018,Dec,28
2018/12/27,UTTAR PRADESH,FARRUKHABAD,1.23,-,9.11,4.367494136,2018,Dec,27
2018/12/27,UTTAR PRADESH,LUCKNOW,1.31,-,8.7,4.765176484,2018,Dec,27
2018/12/27,UTTAR PRADESH,KHERI,1.69,-,11.93,7.081704049,2018,Dec,27
2018/12/27,UTTAR PRADESH,CHANDAULI,0.43,-,3.77,11.08565296,2018,Dec,27
2018/12/27,UTTAR PRADESH,AMBEDKAR NAGAR,0.22,-,1.28,6.604074104,2018,Dec,27
2018/12/27,UTTAR PRADESH,BUDAUN,1.31,-,11.27,4.418153325,2018,Dec,27
2018/12/27,UTTAR PRADESH,BALRAMPUR,0.67,-,4.62,7.525713327,2018,Dec,27
2018/12/27,UTTAR PRADESH,BASTI,0.52,-,3.13,5.446744433,2018,Dec,27
2018/12/27,UTTAR PRADESH,RAMPUR,0.5,-,3.53,6.739776027,2018,Dec,27
2018/12/27,UTTAR PRADESH,MIRZAPUR,0.97,-,8.36,6.954770939,2018,Dec,27
2018/12/27,UTTAR PRADESH,JYOTIBA PHULE NAGAR,1.49,-,14.09,5.343493277,2018,Dec,27
2018/12/27,UTTAR PRADESH,LALITPUR,1.65,-,11.07,3.041980521,2018,Dec,27
2018/12/27,UTTAR PRADESH,MAHAMAYA NAGAR,0.04,-,0.25,7.08674546,2018,Dec,27
2018/12/27,UTTAR PRADESH,MATHURA,0.15,-,0.99,7.19886811,2018,Dec,27
2018/12/27,UTTAR PRADESH,MAHOBA,0.41,-,2.84,1.842699859,2018,Dec,27
2018/12/27,UTTAR PRADESH,CHITRAKOOT,1.06,-,9.41,5.084202262,2018,Dec,27
2018/12/27,UTTAR PRADESH,SAHARANPUR,1.64,-,12.08,10.60747499,2018,Dec,27
2018/12/27,UTTAR PRADESH,KANNAUJ,0.88,-,6.56,4.611182921,2018,Dec,27
2018/12/27,UTTAR PRADESH,SANT KABIR NAGAR,0.02,-,0.17,5.753888929,2018,Dec,27
2018/12/27,UTTAR PRADESH,SONBHADRA,1.02,-,6.86,20.4510537,2018,Dec,27
2018/12/27,UTTAR PRADESH,FATEHPUR,1.4,-,10.97,2.817990915,2018,Dec,27
2018/12/27,UTTAR PRADESH,BARA BANKI,0.26,-,1.58,5.96910879,2018,Dec,27
2018/12/27,UTTAR PRADESH,AZAMGARH,0.18,-,1.12,5.537522367,2018,Dec,27
2018/12/27,UTTAR PRADESH,BAGHPAT,0.96,-,6.4,6.092618295,2018,Dec,27
2018/12/27,UTTAR PRADESH,ALIGARH,0.42,-,2.99,8.481789515,2018,Dec,27
2018/12/27,UTTAR PRADESH,HARDOI,0.38,-,2.92,5.144164998,2018,Dec,27
2018/12/27,UTTAR PRADESH,RAE BARELI,0.79,-,6.58,4.574266166,2018,Dec,27
2018/12/27,UTTAR PRADESH,GHAZIPUR,0.59,-,4.93,6.776636123,2018,Dec,27
2018/12/27,UTTAR PRADESH,KAUSHAMBI,1.59,-,12.37,3.245158101,2018,Dec,27
2018/12/27,UTTAR PRADESH,BULANDSHAHR,0.41,-,3.0,6.410685505,2018,Dec,27
2018/12/27,UTTAR PRADESH,DEORIA,0.07,-,0.42,7.392933021,2018,Dec,27
2018/12/27,UTTAR PRADESH,BAHRAICH,0.93,-,7.69,6.3556181,2018,Dec,27
2018/12/27,UTTAR PRADESH,GORAKHPUR,0.47,-,3.05,6.126757133,2018,Dec,27
2018/12/27,UTTAR PRADESH,BIJNOR,1.36,-,11.12,7.872823546,2018,Dec,27
2018/12/27,UTTAR PRADESH,BANDA,0.63,-,5.14,3.521281535,2018,Dec,27
2018/12/27,UTTAR PRADESH,MUZAFFARNAGAR,0.49,-,4.06,8.202345323,2018,Dec,27
2018/12/27,UTTAR PRADESH,SANT RAVI DAS NAGAR(BHADOHI),0.72,-,5.25,4.721476265,2018,Dec,27
2018/12/27,UTTAR PRADESH,HAMIRPUR,0.06,-,0.42,4.158334453,2018,Dec,27
2018/12/27,UTTAR PRADESH,PRATAPGARH,0.15,-,1.29,5.852204892,2018,Dec,27
2018/12/27,UTTAR PRADESH,ETAWAH,0.6,-,4.44,5.51450148,2018,Dec,27
2018/12/27,UTTAR PRADESH,MORADABAD,0.77,-,6.05,6.177562296,2018,Dec,27
2018/12/27,UTTAR PRADESH,AGRA,0.73,-,5.69,5.8600022,2018,Dec,27
2018/12/27,UTTAR PRADESH,JAUNPUR,0.16,-,1.43,5.031251501,2018,Dec,27
2018/12/27,UTTAR PRADESH,KANPUR NAGAR,0.61,-,3.96,3.43937329,2018,Dec,27
2018/12/27,UTTAR PRADESH,JHANSI,1.27,-,9.14,4.12193662,2018,Dec,27
2018/12/27,UTTAR PRADESH,SIDDHARTH NAGAR,0.0,-,0.02,6.048488063,2018,Dec,27
2018/12/27,UTTAR PRADESH,MEERUT,1.21,-,8.36,6.312704433,2018,Dec,27
2018/12/27,UTTAR PRADESH,PILIBHIT,1.49,-,11.02,7.733553929,2018,Dec,27
2018/12/27,UTTAR PRADESH,SHAHJAHANPUR,0.37,-,3.19,5.976686006,2018,Dec,27
2018/12/27,UTTAR PRADESH,KANPUR DEHAT,0.48,-,2.97,4.033932004,2018,Dec,27
2018/12/27,UTTAR PRADESH,FIROZABAD,0.78,-,6.38,5.073053915,2018,Dec,27
2018/12/27,UTTAR PRADESH,AYODHYA,0.55,-,3.37,6.342017212,2018,Dec,27
2018/12/27,UTTAR PRADESH,KUSHINAGAR,0.05,-,0.44,8.365454667,2018,Dec,27
2018/12/27,UTTAR PRADESH,JALAUN,0.05,-,0.28,7.577640496,2018,Dec,27
2018/12/27,UTTAR PRADESH,GHAZIABAD,1.71,-,11.26,5.745506058,2018,Dec,27
2018/12/27,UTTAR PRADESH,ETAH,0.0,-,0.0,6.247535352,2018,Dec,27
2018/12/27,UTTAR PRADESH,BALLIA,0.0,-,0.05,6.853905836,2018,Dec,27
2018/12/27,UTTAR PRADESH,UNNAO,0.49,-,3.92,4.139805331,2018,Dec,27
2018/12/27,UTTAR PRADESH,MAU,0.14,-,0.82,6.457490489,2018,Dec,27
2018/12/27,UTTAR PRADESH,SITAPUR,0.5,-,3.71,5.643604431,2018,Dec,27
2018/12/27,UTTAR PRADESH,PRAYAGRAJ,1.14,-,10.17,4.713946968,2018,Dec,27
2018/12/27,UTTAR PRADESH,BAREILLY,0.81,-,5.9,5.668781375,2018,Dec,27
2018/12/27,UTTAR PRADESH,SHRAWASTI,0.07,-,0.69,8.626560731,2018,Dec,27
2018/12/27,UTTAR PRADESH,SULTANPUR,0.09,-,0.58,7.185618521,2018,Dec,27
2018/12/27,UTTAR PRADESH,GONDA,0.72,-,4.65,6.645568892,2018,Dec,27
2018/12/27,UTTAR PRADESH,GAUTAM BUDDHA NAGAR,1.75,-,11.51,6.211786807,2018,Dec,27
2018/12/27,UTTAR PRADESH,KANSIRAM NAGAR,1.62,-,13.63,5.589040287,2018,Dec,27
2018/12/27,UTTAR PRADESH,MAHARAJGANJ,0.06,-,0.55,9.080711528,2018,Dec,27
2018/12/27,UTTAR PRADESH,MAINPURI,0.1,-,0.94,4.602185931,2018,Dec,27
2018/12/27,UTTAR PRADESH,VARANASI,0.24,-,1.91,6.591209677,2018,Dec,27
2018/12/27,UTTAR PRADESH,AURAIYA,0.58,-,4.23,4.46373289,2018,Dec,27
2018/12/26,UTTAR PRADESH,FARRUKHABAD,1.24,-,9.15,4.421776711,2018,Dec,26
2018/12/26,UTTAR PRADESH,LUCKNOW,1.32,-,8.77,4.826375076,2018,Dec,26
2018/12/26,UTTAR PRADESH,KHERI,1.69,-,11.98,7.145359683,2018,Dec,26
2018/12/26,UTTAR PRADESH,CHANDAULI,0.43,-,3.79,11.19844113,2018,Dec,26
2018/12/26,UTTAR PRADESH,AMBEDKAR NAGAR,0.22,-,1.28,6.723118934,2018,Dec,26
2018/12/26,UTTAR PRADESH,BUDAUN,1.31,-,11.3,4.478561924,2018,Dec,26
2018/12/26,UTTAR PRADESH,BALRAMPUR,0.67,-,4.67,7.580249277,2018,Dec,26
2018/12/26,UTTAR PRADESH,BASTI,0.52,-,3.15,5.532351739,2018,Dec,26
2018/12/26,UTTAR PRADESH,RAMPUR,0.51,-,3.56,6.806313813,2018,Dec,26
2018/12/26,UTTAR PRADESH,MIRZAPUR,0.97,-,8.41,7.052390774,2018,Dec,26
2018/12/26,UTTAR PRADESH,JYOTIBA PHULE NAGAR,1.49,-,14.12,5.41311352,2018,Dec,26
2018/12/26,UTTAR PRADESH,LALITPUR,1.65,-,11.12,3.07378578,2018,Dec,26
2018/12/26,UTTAR PRADESH,MAHAMAYA NAGAR,0.04,-,0.25,7.16493911,2018,Dec,26
2018/12/26,UTTAR PRADESH,MATHURA,0.15,-,0.99,7.267345818,2018,Dec,26
2018/12/26,UTTAR PRADESH,MAHOBA,0.41,-,2.87,1.876811425,2018,Dec,26
2018/12/26,UTTAR PRADESH,CHITRAKOOT,1.06,-,9.44,5.128451439,2018,Dec,26
2018/12/26,UTTAR PRADESH,SAHARANPUR,1.64,-,12.14,10.73737334,2018,Dec,26
2018/12/26,UTTAR PRADESH,KANNAUJ,0.89,-,6.6,4.693146883,2018,Dec,26
2018/12/26,UTTAR PRADESH,SANT KABIR NAGAR,0.02,-,0.17,5.841932878,2018,Dec,26
2018/12/26,UTTAR PRADESH,SONBHADRA,1.04,-,7.0,20.70761748,2018,Dec,26
2018/12/26,UTTAR PRADESH,FATEHPUR,1.41,-,11.03,2.911649729,2018,Dec,26
2018/12/26,UTTAR PRADESH,BARA BANKI,0.26,-,1.58,6.075946129,2018,Dec,26
2018/12/26,UTTAR PRADESH,AZAMGARH,0.18,-,1.13,5.629603312,2018,Dec,26
2018/12/26,UTTAR PRADESH,BAGHPAT,0.96,-,6.44,6.186268668,2018,Dec,26
2018/12/26,UTTAR PRADESH,ALIGARH,0.43,-,3.01,8.565147196,2018,Dec,26
2018/12/26,UTTAR PRADESH,HARDOI,0.38,-,2.94,5.220228362,2018,Dec,26
2018/12/26,UTTAR PRADESH,RAE BARELI,0.8,-,6.63,4.683026604,2018,Dec,26
2018/12/26,UTTAR PRADESH,GHAZIPUR,0.6,-,4.96,6.879515376,2018,Dec,26
2018/12/26,UTTAR PRADESH,KAUSHAMBI,1.61,-,12.47,3.32095975,2018,Dec,26
2018/12/26,UTTAR PRADESH,BULANDSHAHR,0.42,-,3.01,6.481765518,2018,Dec,26
2018/12/26,UTTAR PRADESH,DEORIA,0.07,-,0.42,7.498791182,2018,Dec,26
2018/12/26,UTTAR PRADESH,BAHRAICH,0.93,-,7.75,6.432966914,2018,Dec,26
2018/12/26,UTTAR PRADESH,GORAKHPUR,0.47,-,3.06,6.21643276,2018,Dec,26
2018/12/26,UTTAR PRADESH,BIJNOR,1.37,-,11.2,7.944950161,2018,Dec,26
2018/12/26,UTTAR PRADESH,BANDA,0.63,-,5.17,3.607555276,2018,Dec,26
2018/12/26,UTTAR PRADESH,MUZAFFARNAGAR,0.5,-,4.08,8.334117863,2018,Dec,26
2018/12/26,UTTAR PRADESH,SANT RAVI DAS NAGAR(BHADOHI),0.73,-,5.29,4.799957942,2018,Dec,26
2018/12/26,UTTAR PRADESH,HAMIRPUR,0.06,-,0.42,4.26057812,2018,Dec,26
2018/12/26,UTTAR PRADESH,PRATAPGARH,0.15,-,1.3,5.967274148,2018,Dec,26
2018/12/26,UTTAR PRADESH,ETAWAH,0.61,-,4.5,5.569702592,2018,Dec,26
2018/12/26,UTTAR PRADESH,MORADABAD,0.77,-,6.07,6.242845287,2018,Dec,26
2018/12/26,UTTAR PRADESH,AGRA,0.74,-,5.75,5.928832524,2018,Dec,26
2018/12/26,UTTAR PRADESH,JAUNPUR,0.16,-,1.43,5.121636928,2018,Dec,26
2018/12/26,UTTAR PRADESH,KANPUR NAGAR,0.62,-,3.98,3.523481231,2018,Dec,26
2018/12/26,UTTAR PRADESH,JHANSI,1.28,-,9.22,4.193704609,2018,Dec,26
2018/12/26,UTTAR PRADESH,SIDDHARTH NAGAR,0.0,-,0.02,6.149332041,2018,Dec,26
2018/12/26,UTTAR PRADESH,MEERUT,1.21,-,8.38,6.398369833,2018,Dec,26
2018/12/26,UTTAR PRADESH,PILIBHIT,1.5,-,11.08,7.793506784,2018,Dec,26
2018/12/26,UTTAR PRADESH,SHAHJAHANPUR,0.37,-,3.21,6.049412222,2018,Dec,26
2018/12/26,UTTAR PRADESH,KANPUR DEHAT,0.49,-,3.0,4.12041693,2018,Dec,26
2018/12/26,UTTAR PRADESH,FIROZABAD,0.79,-,6.41,5.127364004,2018,Dec,26
2018/12/26,UTTAR PRADESH,AYODHYA,0.55,-,3.38,6.459093497,2018,Dec,26
2018/12/26,UTTAR PRADESH,KUSHINAGAR,0.05,-,0.46,8.478766566,2018,Dec,26
2018/12/26,UTTAR PRADESH,JALAUN,0.05,-,0.28,7.741388428,2018,Dec,26
2018/12/26,UTTAR PRADESH,GHAZIABAD,1.72,-,11.29,5.817165475,2018,Dec,26
2018/12/26,UTTAR PRADESH,ETAH,0.0,-,0.0,6.330316005,2018,Dec,26
2018/12/26,UTTAR PRADESH,BALLIA,0.01,-,0.05,6.939097564,2018,Dec,26
2018/12/26,UTTAR PRADESH,UNNAO,0.49,-,3.96,4.226947898,2018,Dec,26
2018/12/26,UTTAR PRADESH,MAU,0.14,-,0.84,6.543191303,2018,Dec,26
2018/12/26,UTTAR PRADESH,SITAPUR,0.51,-,3.73,5.715860194,2018,Dec,26
2018/12/26,UTTAR PRADESH,PRAYAGRAJ,1.14,-,10.23,4.792245854,2018,Dec,26
2018/12/26,UTTAR PRADESH,BAREILLY,0.81,-,5.92,5.752514878,2018,Dec,26
2018/12/26,UTTAR PRADESH,SHRAWASTI,0.07,-,0.69,8.734364042,2018,Dec,26
2018/12/26,UTTAR PRADESH,SULTANPUR,0.09,-,0.58,7.337322118,2018,Dec,26
2018/12/26,UTTAR PRADESH,GONDA,0.73,-,4.69,6.734267997,2018,Dec,26
2018/12/26,UTTAR PRADESH,GAUTAM BUDDHA NAGAR,1.76,-,11.56,6.26931957,2018,Dec,26
2018/12/26,UTTAR PRADESH,KANSIRAM NAGAR,1.62,-,13.66,5.654987774,2018,Dec,26
2018/12/26,UTTAR PRADESH,MAHARAJGANJ,0.06,-,0.58,9.163212304,2018,Dec,26
2018/12/26,UTTAR PRADESH,MAINPURI,0.1,-,0.94,4.671173633,2018,Dec,26
2018/12/26,UTTAR PRADESH,VARANASI,0.25,-,1.93,6.68972773,2018,Dec,26
2018/12/26,UTTAR PRADESH,AURAIYA,0.58,-,4.26,4.540737893,2018,Dec,26
2018/12/25,UTTAR PRADESH,FARRUKHABAD,1.25,-,9.19,4.512279214,2018,Dec,25
2018/12/25,UTTAR PRADESH,LUCKNOW,1.33,-,8.79,4.913899501,2018,Dec,25
2018/12/25,UTTAR PRADESH,KHERI,1.7,-,12.03,7.213352488,2018,Dec,25
2018/12/25,UTTAR PRADESH,CHANDAULI,0.44,-,3.81,11.32598251,2018,Dec,25
2018/12/25,UTTAR PRADESH,AMBEDKAR NAGAR,0.22,-,1.29,6.869605402,2018,Dec,25
2018/12/25,UTTAR PRADESH,BUDAUN,1.31,-,11.33,4.550018472,2018,Dec,25
2018/12/25,UTTAR PRADESH,BALRAMPUR,0.68,-,4.73,7.636941281,2018,Dec,25
2018/12/25,UTTAR PRADESH,BASTI,0.53,-,3.18,5.641485048,2018,Dec,25
2018/12/25,UTTAR PRADESH,RAMPUR,0.51,-,3.58,6.899803731,2018,Dec,25
2018/12/25,UTTAR PRADESH,MIRZAPUR,0.98,-,8.48,7.14424754,2018,Dec,25
2018/12/25,UTTAR PRADESH,JYOTIBA PHULE NAGAR,1.5,-,14.18,5.491169663,2018,Dec,25
2018/12/25,UTTAR PRADESH,LALITPUR,1.66,-,11.18,3.097215571,2018,Dec,25
2018/12/25,UTTAR PRADESH,MAHAMAYA NAGAR,0.04,-,0.25,7.310075357,2018,Dec,25
2018/12/25,UTTAR PRADESH,MATHURA,0.15,-,1.01,7.379789292,2018,Dec,25
2018/12/25,UTTAR PRADESH,MAHOBA,0.42,-,2.92,1.901076256,2018,Dec,25
2018/12/25,UTTAR PRADESH,CHITRAKOOT,1.07,-,9.49,5.178163822,2018,Dec,25
2018/12/25,UTTAR PRADESH,SAHARANPUR,1.65,-,12.21,10.83864849,2018,Dec,25
2018/12/25,UTTAR PRADESH,KANNAUJ,0.89,-,6.65,4.80225037,2018,Dec,25
2018/12/25,UTTAR PRADESH,SANT KABIR NAGAR,0.02,-,0.17,5.951506094,2018,Dec,25
2018/12/25,UTTAR PRADESH,SONBHADRA,1.07,-,7.15,20.94304394,2018,Dec,25
2018/12/25,UTTAR PRADESH,FATEHPUR,1.42,-,11.1,2.995056958,2018,Dec,25
2018/12/25,UTTAR PRADESH,BARA BANKI,0.26,-,1.6,6.200181462,2018,Dec,25
2018/12/25,UTTAR PRADESH,AZAMGARH,0.18,-,1.13,5.756480362,2018,Dec,25
2018/12/25,UTTAR PRADESH,BAGHPAT,0.96,-,6.47,6.27444133,2018,Dec,25
2018/12/25,UTTAR PRADESH,ALIGARH,0.43,-,3.01,8.717146442,2018,Dec,25
2018/12/25,UTTAR PRADESH,HARDOI,0.38,-,2.95,5.328959588,2018,Dec,25
2018/12/25,UTTAR PRADESH,RAE BARELI,0.81,-,6.68,4.803299393,2018,Dec,25
2018/12/25,UTTAR PRADESH,GHAZIPUR,0.6,-,4.97,7.030554682,2018,Dec,25
2018/12/25,UTTAR PRADESH,KAUSHAMBI,1.62,-,12.55,3.400885881,2018,Dec,25
2018/12/25,UTTAR PRADESH,BULANDSHAHR,0.42,-,3.03,6.599464969,2018,Dec,25
2018/12/25,UTTAR PRADESH,DEORIA,0.07,-,0.43,7.656610425,2018,Dec,25
2018/12/25,UTTAR PRADESH,BAHRAICH,0.94,-,7.78,6.518210689,2018,Dec,25
2018/12/25,UTTAR PRADESH,GORAKHPUR,0.47,-,3.08,6.328867252,2018,Dec,25
2018/12/25,UTTAR PRADESH,BIJNOR,1.38,-,11.27,8.049264309,2018,Dec,25
2018/12/25,UTTAR PRADESH,BANDA,0.63,-,5.19,3.690850727,2018,Dec,25
2018/12/25,UTTAR PRADESH,MUZAFFARNAGAR,0.5,-,4.1,8.447189731,2018,Dec,25
2018/12/25,UTTAR PRADESH,SANT RAVI DAS NAGAR(BHADOHI),0.73,-,5.34,4.935443787,2018,Dec,25
2018/12/25,UTTAR PRADESH,HAMIRPUR,0.06,-,0.42,4.356331204,2018,Dec,25
2018/12/25,UTTAR PRADESH,PRATAPGARH,0.15,-,1.31,6.106186503,2018,Dec,25
2018/12/25,UTTAR PRADESH,ETAWAH,0.62,-,4.57,5.64991968,2018,Dec,25
2018/12/25,UTTAR PRADESH,MORADABAD,0.78,-,6.1,6.328175207,2018,Dec,25
2018/12/25,UTTAR PRADESH,AGRA,0.75,-,5.84,6.026122893,2018,Dec,25
2018/12/25,UTTAR PRADESH,JAUNPUR,0.17,-,1.44,5.254364561,2018,Dec,25
2018/12/25,UTTAR PRADESH,KANPUR NAGAR,0.62,-,4.01,3.614064868,2018,Dec,25
2018/12/25,UTTAR PRADESH,JHANSI,1.29,-,9.31,4.259465058,2018,Dec,25
2018/12/25,UTTAR PRADESH,SIDDHARTH NAGAR,0.0,-,0.02,6.250276127,2018,Dec,25
2018/12/25,UTTAR PRADESH,MEERUT,1.21,-,8.39,6.490068355,2018,Dec,25
2018/12/25,UTTAR PRADESH,PILIBHIT,1.5,-,11.13,7.865975305,2018,Dec,25
2018/12/25,UTTAR PRADESH,SHAHJAHANPUR,0.37,-,3.21,6.144184525,2018,Dec,25
2018/12/25,UTTAR PRADESH,KANPUR DEHAT,0.49,-,3.03,4.221146374,2018,Dec,25
2018/12/25,UTTAR PRADESH,FIROZABAD,0.8,-,6.49,5.233455215,2018,Dec,25
2018/12/25,UTTAR PRADESH,AYODHYA,0.55,-,3.4,6.602065476,2018,Dec,25
2018/12/25,UTTAR PRADESH,KUSHINAGAR,0.05,-,0.46,8.601865853,2018,Dec,25
2018/12/25,UTTAR PRADESH,JALAUN,0.05,-,0.28,7.901569334,2018,Dec,25
2018/12/25,UTTAR PRADESH,GHAZIABAD,1.72,-,11.34,5.914691059,2018,Dec,25
2018/12/25,UTTAR PRADESH,ETAH,0.0,-,0.0,6.466044497,2018,Dec,25
2018/12/25,UTTAR PRADESH,BALLIA,0.01,-,0.05,7.09099214,2018,Dec,25
2018/12/25,UTTAR PRADESH,UNNAO,0.5,-,3.97,4.32050127,2018,Dec,25
2018/12/25,UTTAR PRADESH,MAU,0.14,-,0.85,6.697302271,2018,Dec,25
2018/12/25,UTTAR PRADESH,SITAPUR,0.51,-,3.74,5.801950086,2018,Dec,25
2018/12/25,UTTAR PRADESH,PRAYAGRAJ,1.15,-,10.28,4.902485726,2018,Dec,25
2018/12/25,UTTAR PRADESH,BAREILLY,0.82,-,5.95,5.844488083,2018,Dec,25
2018/12/25,UTTAR PRADESH,SHRAWASTI,0.08,-,0.7,8.841613223,2018,Dec,25
2018/12/25,UTTAR PRADESH,SULTANPUR,0.09,-,0.59,7.51773796,2018,Dec,25
2018/12/25,UTTAR PRADESH,GONDA,0.74,-,4.74,6.838059501,2018,Dec,25
2018/12/25,UTTAR PRADESH,GAUTAM BUDDHA NAGAR,1.77,-,11.59,6.379440724,2018,Dec,25
2018/12/25,UTTAR PRADESH,KANSIRAM NAGAR,1.62,-,13.69,5.757800414,2018,Dec,25
2018/12/25,UTTAR PRADESH,MAHARAJGANJ,0.07,-,0.6,9.271394716,2018,Dec,25
2018/12/25,UTTAR PRADESH,MAINPURI,0.1,-,0.94,4.777603513,2018,Dec,25
2018/12/25,UTTAR PRADESH,VARANASI,0.25,-,1.95,6.847577705,2018,Dec,25
2018/12/25,UTTAR PRADESH,AURAIYA,0.59,-,4.29,4.627229243,2018,Dec,25
2018/12/24,UTTAR PRADESH,FARRUKHABAD,1.25,-,9.23,4.657110575,2018,Dec,24
2018/12/24,UTTAR PRADESH,LUCKNOW,1.33,-,8.85,5.038796145,2018,Dec,24
2018/12/24,UTTAR PRADESH,KHERI,1.72,-,12.15,7.344785045,2018,Dec,24
2018/12/24,UTTAR PRADESH,CHANDAULI,0.44,-,3.84,11.55650479,2018,Dec,24
2018/12/24,UTTAR PRADESH,AMBEDKAR NAGAR,0.22,-,1.31,7.097119444,2018,Dec,24
2018/12/24,UTTAR PRADESH,BUDAUN,1.32,-,11.38,4.684156394,2018,Dec,24
2018/12/24,UTTAR PRADESH,BALRAMPUR,0.7,-,4.81,7.743934775,2018,Dec,24
2018/12/24,UTTAR PRADESH,BASTI,0.53,-,3.19,5.821872877,2018,Dec,24
2018/12/24,UTTAR PRADESH,RAMPUR,0.51,-,3.63,7.069395743,2018,Dec,24
2018/12/24,UTTAR PRADESH,MIRZAPUR,0.99,-,8.56,7.305952915,2018,Dec,24
2018/12/24,UTTAR PRADESH,JYOTIBA PHULE NAGAR,1.51,-,14.22,5.630815992,2018,Dec,24
2018/12/24,UTTAR PRADESH,LALITPUR,1.68,-,11.28,3.152697721,2018,Dec,24
2018/12/24,UTTAR PRADESH,MAHAMAYA NAGAR,0.04,-,0.27,7.540847688,2018,Dec,24
2018/12/24,UTTAR PRADESH,MATHURA,0.15,-,1.01,7.611034903,2018,Dec,24
2018/12/24,UTTAR PRADESH,MAHOBA,0.43,-,2.96,1.950643381,2018,Dec,24
2018/12/24,UTTAR PRADESH,CHITRAKOOT,1.08,-,9.55,5.262262414,2018,Dec,24
2018/12/24,UTTAR PRADESH,SAHARANPUR,1.67,-,12.36,11.04345196,2018,Dec,24
2018/12/24,UTTAR PRADESH,KANNAUJ,0.9,-,6.67,4.948308494,2018,Dec,24
2018/12/24,UTTAR PRADESH,SANT KABIR NAGAR,0.03,-,0.18,6.144863238,2018,Dec,24
2018/12/24,UTTAR PRADESH,SONBHADRA,1.1,-,7.38,21.33708042,2018,Dec,24
2018/12/24,UTTAR PRADESH,FATEHPUR,1.43,-,11.17,3.112573666,2018,Dec,24
2018/12/24,UTTAR PRADESH,BARA BANKI,0.27,-,1.6,6.39902164,2018,Dec,24
2018/12/24,UTTAR PRADESH,AZAMGARH,0.19,-,1.14,5.960473099,2018,Dec,24
2018/12/24,UTTAR PRADESH,BAGHPAT,0.97,-,6.52,6.444906456,2018,Dec,24
2018/12/24,UTTAR PRADESH,ALIGARH,0.43,-,3.02,8.994869539,2018,Dec,24
2018/12/24,UTTAR PRADESH,HARDOI,0.38,-,2.99,5.503334151,2018,Dec,24
2018/12/24,UTTAR PRADESH,RAE BARELI,0.81,-,6.71,4.969305594,2018,Dec,24
2018/12/24,UTTAR PRADESH,GHAZIPUR,0.6,-,5.0,7.271673102,2018,Dec,24
2018/12/24,UTTAR PRADESH,KAUSHAMBI,1.63,-,12.65,3.520063609,2018,Dec,24
2018/12/24,UTTAR PRADESH,BULANDSHAHR,0.42,-,3.04,6.797129609,2018,Dec,24
2018/12/24,UTTAR PRADESH,DEORIA,0.07,-,0.43,7.903179106,2018,Dec,24
2018/12/24,UTTAR PRADESH,BAHRAICH,0.95,-,7.88,6.66997633,2018,Dec,24
2018/12/24,UTTAR PRADESH,GORAKHPUR,0.47,-,3.09,6.523936496,2018,Dec,24
2018/12/24,UTTAR PRADESH,BIJNOR,1.39,-,11.35,8.244574876,2018,Dec,24
2018/12/24,UTTAR PRADESH,BANDA,0.64,-,5.22,3.826114347,2018,Dec,24
2018/12/24,UTTAR PRADESH,MUZAFFARNAGAR,0.5,-,4.11,8.659373148,2018,Dec,24
2018/12/24,UTTAR PRADESH,SANT RAVI DAS NAGAR(BHADOHI),0.74,-,5.41,5.12060743,2018,Dec,24
2018/12/24,UTTAR PRADESH,HAMIRPUR,0.06,-,0.43,4.49919801,2018,Dec,24
2018/12/24,UTTAR PRADESH,PRATAPGARH,0.15,-,1.31,6.30916861,2018,Dec,24
2018/12/24,UTTAR PRADESH,ETAWAH,0.63,-,4.64,5.770344277,2018,Dec,24
2018/12/24,UTTAR PRADESH,MORADABAD,0.78,-,6.13,6.490988418,2018,Dec,24
2018/12/24,UTTAR PRADESH,AGRA,0.77,-,5.94,6.205882609,2018,Dec,24
2018/12/24,UTTAR PRADESH,JAUNPUR,0.17,-,1.44,5.451846472,2018,Dec,24
2018/12/24,UTTAR PRADESH,KANPUR NAGAR,0.63,-,4.04,3.741563882,2018,Dec,24
2018/12/24,UTTAR PRADESH,JHANSI,1.3,-,9.38,4.366642747,2018,Dec,24
2018/12/24,UTTAR PRADESH,SIDDHARTH NAGAR,0.0,-,0.02,6.446255792,2018,Dec,24
2018/12/24,UTTAR PRADESH,MEERUT,1.22,-,8.43,6.662325426,2018,Dec,24
2018/12/24,UTTAR PRADESH,PILIBHIT,1.52,-,11.24,8.008410294,2018,Dec,24
2018/12/24,UTTAR PRADESH,SHAHJAHANPUR,0.37,-,3.23,6.308870621,2018,Dec,24
2018/12/24,UTTAR PRADESH,KANPUR DEHAT,0.5,-,3.06,4.359433131,2018,Dec,24
2018/12/24,UTTAR PRADESH,FIROZABAD,0.81,-,6.54,5.405646969,2018,Dec,24
2018/12/24,UTTAR PRADESH,AYODHYA,0.56,-,3.44,6.808225686,2018,Dec,24
2018/12/24,UTTAR PRADESH,KUSHINAGAR,0.05,-,0.46,8.833123269,2018,Dec,24
2018/12/24,UTTAR PRADESH,JALAUN,0.05,-,0.29,8.136656588,2018,Dec,24
2018/12/24,UTTAR PRADESH,GHAZIABAD,1.73,-,11.38,6.079992663,2018,Dec,24
2018/12/24,UTTAR PRADESH,ETAH,0.0,-,0.0,6.6718112,2018,Dec,24
2018/12/24,UTTAR PRADESH,BALLIA,0.01,-,0.05,7.317874161,2018,Dec,24
2018/12/24,UTTAR PRADESH,UNNAO,0.5,-,4.01,4.4572606,2018,Dec,24
2018/12/24,UTTAR PRADESH,MAU,0.15,-,0.85,6.92900838,2018,Dec,24
2018/12/24,UTTAR PRADESH,SITAPUR,0.51,-,3.77,5.954514696,2018,Dec,24
2018/12/24,UTTAR PRADESH,PRAYAGRAJ,1.15,-,10.34,5.068899204,2018,Dec,24
2018/12/24,UTTAR PRADESH,BAREILLY,0.82,-,5.98,6.016881635,2018,Dec,24
2018/12/24,UTTAR PRADESH,SHRAWASTI,0.08,-,0.72,9.039964794,2018,Dec,24
2018/12/24,UTTAR PRADESH,SULTANPUR,0.09,-,0.59,7.78223026,2018,Dec,24
2018/12/24,UTTAR PRADESH,GONDA,0.75,-,4.81,7.008671151,2018,Dec,24
2018/12/24,UTTAR PRADESH,GAUTAM BUDDHA NAGAR,1.77,-,11.64,6.555626128,2018,Dec,24
2018/12/24,UTTAR PRADESH,KANSIRAM NAGAR,1.63,-,13.72,5.926993898,2018,Dec,24
2018/12/24,UTTAR PRADESH,MAHARAJGANJ,0.07,-,0.65,9.446910178,2018,Dec,24
2018/12/24,UTTAR PRADESH,MAINPURI,0.1,-,0.94,4.94051019,2018,Dec,24
2018/12/24,UTTAR PRADESH,VARANASI,0.25,-,1.99,7.103149667,2018,Dec,24
2018/12/24,UTTAR PRADESH,AURAIYA,0.59,-,4.33,4.765987294,2018,Dec,24
2018/12/23,UTTAR PRADESH,FARRUKHABAD,1.25,-,9.26,4.809198947,2018,Dec,23
2018/12/23,UTTAR PRADESH,LUCKNOW,1.34,-,8.9,5.149985469,2018,Dec,23
2018/12/23,UTTAR PRADESH,KHERI,1.73,-,12.23,7.479225168,2018,Dec,23
2018/12/23,UTTAR PRADESH,CHANDAULI,0.45,-,3.86,11.78447806,2018,Dec,23
2018/12/23,UTTAR PRADESH,AMBEDKAR NAGAR,0.22,-,1.32,7.317248945,2018,Dec,23
2018/12/23,UTTAR PRADESH,BUDAUN,1.32,-,11.39,4.834191413,2018,Dec,23
2018/12/23,UTTAR PRADESH,BALRAMPUR,0.7,-,4.89,7.858067837,2018,Dec,23
2018/12/23,UTTAR PRADESH,BASTI,0.53,-,3.21,5.996667192,2018,Dec,23
2018/12/23,UTTAR PRADESH,RAMPUR,0.52,-,3.67,7.259357875,2018,Dec,23
2018/12/23,UTTAR PRADESH,MIRZAPUR,1.0,-,8.62,7.470480018,2018,Dec,23
2018/12/23,UTTAR PRADESH,JYOTIBA PHULE NAGAR,1.51,-,14.29,5.798442455,2018,Dec,23
2018/12/23,UTTAR PRADESH,LALITPUR,1.69,-,11.33,3.204391819,2018,Dec,23
2018/12/23,UTTAR PRADESH,MAHAMAYA NAGAR,0.04,-,0.27,7.792335825,2018,Dec,23
2018/12/23,UTTAR PRADESH,MATHURA,0.16,-,1.03,7.847176466,2018,Dec,23
2018/12/23,UTTAR PRADESH,MAHOBA,0.43,-,3.01,1.992345324,2018,Dec,23
2018/12/23,UTTAR PRADESH,CHITRAKOOT,1.08,-,9.58,5.350489513,2018,Dec,23
2018/12/23,UTTAR PRADESH,SAHARANPUR,1.69,-,12.48,11.28760681,2018,Dec,23
2018/12/23,UTTAR PRADESH,KANNAUJ,0.91,-,6.73,5.125997107,2018,Dec,23
2018/12/23,UTTAR PRADESH,SANT KABIR NAGAR,0.03,-,0.18,6.335689246,2018,Dec,23
2018/12/23,UTTAR PRADESH,SONBHADRA,1.14,-,7.63,21.75002126,2018,Dec,23
2018/12/23,UTTAR PRADESH,FATEHPUR,1.43,-,11.23,3.229996353,2018,Dec,23
2018/12/23,UTTAR PRADESH,BARA BANKI,0.27,-,1.62,6.585015992,2018,Dec,23
2018/12/23,UTTAR PRADESH,AZAMGARH,0.19,-,1.15,6.167993543,2018,Dec,23
2018/12/23,UTTAR PRADESH,BAGHPAT,0.98,-,6.55,6.659640112,2018,Dec,23
2018/12/23,UTTAR PRADESH,ALIGARH,0.43,-,3.04,9.28822225,2018,Dec,23
2018/12/23,UTTAR PRADESH,HARDOI,0.39,-,3.0,5.683470744,2018,Dec,23
2018/12/23,UTTAR PRADESH,RAE BARELI,0.82,-,6.75,5.142467734,2018,Dec,23
2018/12/23,UTTAR PRADESH,GHAZIPUR,0.61,-,5.03,7.520111948,2018,Dec,23
2018/12/23,UTTAR PRADESH,KAUSHAMBI,1.64,-,12.74,3.645766702,2018,Dec,23
2018/12/23,UTTAR PRADESH,BULANDSHAHR,0.42,-,3.05,7.024876156,2018,Dec,23
2018/12/23,UTTAR PRADESH,DEORIA,0.07,-,0.43,8.174302504,2018,Dec,23
2018/12/23,UTTAR PRADESH,BAHRAICH,0.96,-,7.99,6.814223696,2018,Dec,23
2018/12/23,UTTAR PRADESH,GORAKHPUR,0.48,-,3.1,6.730689253,2018,Dec,23
2018/12/23,UTTAR PRADESH,BIJNOR,1.4,-,11.45,8.461364142,2018,Dec,23
2018/12/23,UTTAR PRADESH,BANDA,0.64,-,5.24,3.954319309,2018,Dec,23
2018/12/23,UTTAR PRADESH,MUZAFFARNAGAR,0.5,-,4.14,8.92165518,2018,Dec,23
2018/12/23,UTTAR PRADESH,SANT RAVI DAS NAGAR(BHADOHI),0.75,-,5.44,5.311641281,2018,Dec,23
2018/12/23,UTTAR PRADESH,HAMIRPUR,0.06,-,0.43,4.632234565,2018,Dec,23
2018/12/23,UTTAR PRADESH,PRATAPGARH,0.16,-,1.32,6.504151254,2018,Dec,23
2018/12/23,UTTAR PRADESH,ETAWAH,0.64,-,4.7,5.898555579,2018,Dec,23
2018/12/23,UTTAR PRADESH,MORADABAD,0.79,-,6.17,6.670855178,2018,Dec,23
2018/12/23,UTTAR PRADESH,AGRA,0.78,-,6.02,6.385908976,2018,Dec,23
2018/12/23,UTTAR PRADESH,JAUNPUR,0.17,-,1.44,5.643352949,2018,Dec,23
2018/12/23,UTTAR PRADESH,KANPUR NAGAR,0.63,-,4.06,3.879235943,2018,Dec,23
2018/12/23,UTTAR PRADESH,JHANSI,1.31,-,9.46,4.473858305,2018,Dec,23
2018/12/23,UTTAR PRADESH,SIDDHARTH NAGAR,0.0,-,0.02,6.644043893,2018,Dec,23
2018/12/23,UTTAR PRADESH,MEERUT,1.22,-,8.44,6.863272545,2018,Dec,23
2018/12/23,UTTAR PRADESH,PILIBHIT,1.54,-,11.36,8.156193273,2018,Dec,23
2018/12/23,UTTAR PRADESH,SHAHJAHANPUR,0.38,-,3.25,6.484686847,2018,Dec,23
2018/12/23,UTTAR PRADESH,KANPUR DEHAT,0.5,-,3.08,4.511114358,2018,Dec,23
2018/12/23,UTTAR PRADESH,FIROZABAD,0.81,-,6.6,5.584630397,2018,Dec,23
2018/12/23,UTTAR PRADESH,AYODHYA,0.56,-,3.46,7.00540886,2018,Dec,23
2018/12/23,UTTAR PRADESH,KUSHINAGAR,0.05,-,0.47,9.082319924,2018,Dec,23
2018/12/23,UTTAR PRADESH,JALAUN,0.05,-,0.29,8.368503078,2018,Dec,23
2018/12/23,UTTAR PRADESH,GHAZIABAD,1.74,-,11.44,6.270809573,2018,Dec,23
2018/12/23,UTTAR PRADESH,ETAH,0.0,-,0.0,6.89681929,2018,Dec,23
2018/12/23,UTTAR PRADESH,BALLIA,0.01,-,0.05,7.568147041,2018,Dec,23
2018/12/23,UTTAR PRADESH,UNNAO,0.5,-,4.04,4.602614759,2018,Dec,23
2018/12/23,UTTAR PRADESH,MAU,0.15,-,0.87,7.165014858,2018,Dec,23
2018/12/23,UTTAR PRADESH,SITAPUR,0.52,-,3.79,6.097154281,2018,Dec,23
2018/12/23,UTTAR PRADESH,PRAYAGRAJ,1.16,-,10.4,5.231900501,2018,Dec,23
2018/12/23,UTTAR PRADESH,BAREILLY,0.82,-,6.01,6.210117423,2018,Dec,23
2018/12/23,UTTAR PRADESH,SHRAWASTI,0.08,-,0.73,9.233988818,2018,Dec,23
2018/12/23,UTTAR PRADESH,SULTANPUR,0.09,-,0.6,8.030790118,2018,Dec,23
2018/12/23,UTTAR PRADESH,GONDA,0.76,-,4.87,7.169166732,2018,Dec,23
2018/12/23,UTTAR PRADESH,GAUTAM BUDDHA NAGAR,1.78,-,11.68,6.763568433,2018,Dec,23
2018/12/23,UTTAR PRADESH,KANSIRAM NAGAR,1.63,-,13.76,6.126250363,2018,Dec,23
2018/12/23,UTTAR PRADESH,MAHARAJGANJ,0.08,-,0.7,9.646021621,2018,Dec,23
2018/12/23,UTTAR PRADESH,MAINPURI,0.1,-,0.95,5.123379594,2018,Dec,23
2018/12/23,UTTAR PRADESH,VARANASI,0.26,-,2.0,7.350541548,2018,Dec,23
2018/12/23,UTTAR PRADESH,AURAIYA,0.6,-,4.36,4.904900325,2018,Dec,23
2018/12/22,UTTAR PRADESH,FARRUKHABAD,1.26,-,9.3,4.954552317,2018,Dec,22
2018/12/22,UTTAR PRADESH,LUCKNOW,1.35,-,8.95,5.291296289,2018,Dec,22
2018/12/22,UTTAR PRADESH,KHERI,1.75,-,12.34,7.620525253,2018,Dec,22
2018/12/22,UTTAR PRADESH,CHANDAULI,0.45,-,3.89,12.0129781,2018,Dec,22
2018/12/22,UTTAR PRADESH,AMBEDKAR NAGAR,0.23,-,1.33,7.569173395,2018,Dec,22
2018/12/22,UTTAR PRADESH,BUDAUN,1.32,-,11.42,4.977199194,2018,Dec,22
2018/12/22,UTTAR PRADESH,BALRAMPUR,0.72,-,4.98,7.975644798,2018,Dec,22
2018/12/22,UTTAR PRADESH,BASTI,0.54,-,3.25,6.203613742,2018,Dec,22
2018/12/22,UTTAR PRADESH,RAMPUR,0.52,-,3.7,7.429442465,2018,Dec,22
2018/12/22,UTTAR PRADESH,MIRZAPUR,1.0,-,8.68,7.641389978,2018,Dec,22
2018/12/22,UTTAR PRADESH,JYOTIBA PHULE NAGAR,1.52,-,14.32,5.935806159,2018,Dec,22
2018/12/22,UTTAR PRADESH,LALITPUR,1.7,-,11.41,3.265316671,2018,Dec,22
2018/12/22,UTTAR PRADESH,MAHAMAYA NAGAR,0.04,-,0.27,8.00121832,2018,Dec,22
2018/12/22,UTTAR PRADESH,MATHURA,0.16,-,1.03,8.042048476,2018,Dec,22
2018/12/22,UTTAR PRADESH,MAHOBA,0.43,-,3.05,2.038044463,2018,Dec,22
2018/12/22,UTTAR PRADESH,CHITRAKOOT,1.09,-,9.64,5.443827744,2018,Dec,22
2018/12/22,UTTAR PRADESH,SAHARANPUR,1.7,-,12.57,11.47981452,2018,Dec,22
2018/12/22,UTTAR PRADESH,KANNAUJ,0.91,-,6.78,5.286964905,2018,Dec,22
2018/12/22,UTTAR PRADESH,SANT KABIR NAGAR,0.03,-,0.18,6.549548121,2018,Dec,22
2018/12/22,UTTAR PRADESH,SONBHADRA,1.19,-,7.88,22.1929338,2018,Dec,22
2018/12/22,UTTAR PRADESH,FATEHPUR,1.44,-,11.29,3.348073899,2018,Dec,22
2018/12/22,UTTAR PRADESH,BARA BANKI,0.27,-,1.62,6.800283073,2018,Dec,22
2018/12/22,UTTAR PRADESH,AZAMGARH,0.19,-,1.16,6.397343603,2018,Dec,22
2018/12/22,UTTAR PRADESH,BAGHPAT,0.98,-,6.58,6.804504963,2018,Dec,22
2018/12/22,UTTAR PRADESH,ALIGARH,0.43,-,3.04,9.533190153,2018,Dec,22
2018/12/22,UTTAR PRADESH,HARDOI,0.39,-,3.02,5.877113196,2018,Dec,22
2018/12/22,UTTAR PRADESH,RAE BARELI,0.82,-,6.81,5.322978023,2018,Dec,22
2018/12/22,UTTAR PRADESH,GHAZIPUR,0.61,-,5.05,7.781391585,2018,Dec,22
2018/12/22,UTTAR PRADESH,KAUSHAMBI,1.65,-,12.84,3.765389624,2018,Dec,22
2018/12/22,UTTAR PRADESH,BULANDSHAHR,0.43,-,3.07,7.216382765,2018,Dec,22
2018/12/22,UTTAR PRADESH,DEORIA,0.07,-,0.44,8.451583382,2018,Dec,22
2018/12/22,UTTAR PRADESH,BAHRAICH,0.97,-,8.08,6.979610216,2018,Dec,22
2018/12/22,UTTAR PRADESH,GORAKHPUR,0.48,-,3.12,6.950148841,2018,Dec,22
2018/12/22,UTTAR PRADESH,BIJNOR,1.41,-,11.53,8.638358849,2018,Dec,22
2018/12/22,UTTAR PRADESH,BANDA,0.65,-,5.27,4.082926943,2018,Dec,22
2018/12/22,UTTAR PRADESH,MUZAFFARNAGAR,0.51,-,4.18,9.126945635,2018,Dec,22
2018/12/22,UTTAR PRADESH,SANT RAVI DAS NAGAR(BHADOHI),0.75,-,5.48,5.518330002,2018,Dec,22
2018/12/22,UTTAR PRADESH,HAMIRPUR,0.06,-,0.44,4.76572728,2018,Dec,22
2018/12/22,UTTAR PRADESH,PRATAPGARH,0.16,-,1.33,6.72193303,2018,Dec,22
2018/12/22,UTTAR PRADESH,ETAWAH,0.65,-,4.79,6.015666236,2018,Dec,22
2018/12/22,UTTAR PRADESH,MORADABAD,0.79,-,6.21,6.838928736,2018,Dec,22
2018/12/22,UTTAR PRADESH,AGRA,0.79,-,6.12,6.537895343,2018,Dec,22
2018/12/22,UTTAR PRADESH,JAUNPUR,0.17,-,1.46,5.860663247,2018,Dec,22
2018/12/22,UTTAR PRADESH,KANPUR NAGAR,0.63,-,4.1,4.013042778,2018,Dec,22
2018/12/22,UTTAR PRADESH,JHANSI,1.32,-,9.57,4.583543034,2018,Dec,22
2018/12/22,UTTAR PRADESH,SIDDHARTH NAGAR,0.0,-,0.02,6.8626179,2018,Dec,22
2018/12/22,UTTAR PRADESH,MEERUT,1.23,-,8.48,7.011669323,2018,Dec,22
2018/12/22,UTTAR PRADESH,PILIBHIT,1.55,-,11.48,8.304911665,2018,Dec,22
2018/12/22,UTTAR PRADESH,SHAHJAHANPUR,0.38,-,3.27,6.662696229,2018,Dec,22
2018/12/22,UTTAR PRADESH,KANPUR DEHAT,0.5,-,3.11,4.643352194,2018,Dec,22
2018/12/22,UTTAR PRADESH,FIROZABAD,0.82,-,6.65,5.735933583,2018,Dec,22
2018/12/22,UTTAR PRADESH,AYODHYA,0.57,-,3.48,7.235251091,2018,Dec,22
2018/12/22,UTTAR PRADESH,KUSHINAGAR,0.05,-,0.49,9.336376493,2018,Dec,22
2018/12/22,UTTAR PRADESH,JALAUN,0.05,-,0.29,8.590441089,2018,Dec,22
2018/12/22,UTTAR PRADESH,GHAZIABAD,1.74,-,11.47,6.41374606,2018,Dec,22
2018/12/22,UTTAR PRADESH,ETAH,0.0,-,0.0,7.101177893,2018,Dec,22
2018/12/22,UTTAR PRADESH,BALLIA,0.01,-,0.05,7.828088775,2018,Dec,22
2018/12/22,UTTAR PRADESH,UNNAO,0.51,-,4.07,4.755689261,2018,Dec,22
2018/12/22,UTTAR PRADESH,MAU,0.15,-,0.87,7.421485491,2018,Dec,22
2018/12/22,UTTAR PRADESH,SITAPUR,0.52,-,3.81,6.262161637,2018,Dec,22
2018/12/22,UTTAR PRADESH,PRAYAGRAJ,1.17,-,10.45,5.408939927,2018,Dec,22
2018/12/22,UTTAR PRADESH,BAREILLY,0.83,-,6.04,6.398035266,2018,Dec,22
2018/12/22,UTTAR PRADESH,SHRAWASTI,0.08,-,0.75,9.451076177,2018,Dec,22
2018/12/22,UTTAR PRADESH,SULTANPUR,0.09,-,0.6,8.321810163,2018,Dec,22
2018/12/22,UTTAR PRADESH,GONDA,0.77,-,4.94,7.359353003,2018,Dec,22
2018/12/22,UTTAR PRADESH,GAUTAM BUDDHA NAGAR,1.79,-,11.71,6.920019596,2018,Dec,22
2018/12/22,UTTAR PRADESH,KANSIRAM NAGAR,1.63,-,13.77,6.299322193,2018,Dec,22
2018/12/22,UTTAR PRADESH,MAHARAJGANJ,0.08,-,0.77,9.845702203,2018,Dec,22
2018/12/22,UTTAR PRADESH,MAINPURI,0.1,-,0.95,5.283428374,2018,Dec,22
2018/12/22,UTTAR PRADESH,VARANASI,0.26,-,2.03,7.626426532,2018,Dec,22
2018/12/22,UTTAR PRADESH,AURAIYA,0.6,-,4.4,5.035264187,2018,Dec,22
2018/12/21,UTTAR PRADESH,FARRUKHABAD,1.26,-,9.32,5.095278638,2018,Dec,21
2018/12/21,UTTAR PRADESH,LUCKNOW,1.36,-,9.02,5.394617998,2018,Dec,21
2018/12/21,UTTAR PRADESH,KHERI,1.76,-,12.43,7.741324459,2018,Dec,21
2018/12/21,UTTAR PRADESH,CHANDAULI,0.45,-,3.9,12.19821693,2018,Dec,21
2018/12/21,UTTAR PRADESH,AMBEDKAR NAGAR,0.23,-,1.34,7.752519885,2018,Dec,21
2018/12/21,UTTAR PRADESH,BUDAUN,1.33,-,11.46,5.104449452,2018,Dec,21
2018/12/21,UTTAR PRADESH,BALRAMPUR,0.73,-,5.06,8.08598292,2018,Dec,21
2018/12/21,UTTAR PRADESH,BASTI,0.54,-,3.27,6.354069,2018,Dec,21
2018/12/21,UTTAR PRADESH,RAMPUR,0.53,-,3.73,7.574216148,2018,Dec,21
2018/12/21,UTTAR PRADESH,MIRZAPUR,1.01,-,8.76,7.786093478,2018,Dec,21
2018/12/21,UTTAR PRADESH,JYOTIBA PHULE NAGAR,1.52,-,14.36,6.051856165,2018,Dec,21
2018/12/21,UTTAR PRADESH,LALITPUR,1.71,-,11.51,3.322193404,2018,Dec,21
2018/12/21,UTTAR PRADESH,MAHAMAYA NAGAR,0.05,-,0.29,8.234515008,2018,Dec,21
2018/12/21,UTTAR PRADESH,MATHURA,0.16,-,1.05,8.274199648,2018,Dec,21
2018/12/21,UTTAR PRADESH,MAHOBA,0.44,-,3.12,2.088354633,2018,Dec,21
2018/12/21,UTTAR PRADESH,CHITRAKOOT,1.09,-,9.72,5.517037082,2018,Dec,21
2018/12/21,UTTAR PRADESH,SAHARANPUR,1.71,-,12.64,11.6491318,2018,Dec,21
2018/12/21,UTTAR PRADESH,KANNAUJ,0.92,-,6.81,5.442736719,2018,Dec,21
2018/12/21,UTTAR PRADESH,SANT KABIR NAGAR,0.03,-,0.18,6.715276582,2018,Dec,21
2018/12/21,UTTAR PRADESH,SONBHADRA,1.23,-,8.13,22.64420663,2018,Dec,21
2018/12/21,UTTAR PRADESH,FATEHPUR,1.45,-,11.37,3.445713533,2018,Dec,21
2018/12/21,UTTAR PRADESH,BARA BANKI,0.27,-,1.64,6.973475545,2018,Dec,21
2018/12/21,UTTAR PRADESH,AZAMGARH,0.19,-,1.17,6.569479063,2018,Dec,21
2018/12/21,UTTAR PRADESH,BAGHPAT,0.99,-,6.63,6.953703767,2018,Dec,21
2018/12/21,UTTAR PRADESH,ALIGARH,0.43,-,3.05,9.783412513,2018,Dec,21
2018/12/21,UTTAR PRADESH,HARDOI,0.39,-,3.05,6.039149534,2018,Dec,21
2018/12/21,UTTAR PRADESH,RAE BARELI,0.83,-,6.85,5.461540335,2018,Dec,21
2018/12/21,UTTAR PRADESH,GHAZIPUR,0.61,-,5.06,7.98038111,2018,Dec,21
2018/12/21,UTTAR PRADESH,KAUSHAMBI,1.67,-,12.95,3.870360693,2018,Dec,21
2018/12/21,UTTAR PRADESH,BULANDSHAHR,0.43,-,3.09,7.386893415,2018,Dec,21
2018/12/21,UTTAR PRADESH,DEORIA,0.08,-,0.44,8.695999027,2018,Dec,21
2018/12/21,UTTAR PRADESH,BAHRAICH,0.98,-,8.18,7.13035161,2018,Dec,21
2018/12/21,UTTAR PRADESH,GORAKHPUR,0.48,-,3.14,7.131392561,2018,Dec,21
2018/12/21,UTTAR PRADESH,BIJNOR,1.42,-,11.59,8.786198411,2018,Dec,21
2018/12/21,UTTAR PRADESH,BANDA,0.65,-,5.3,4.197691657,2018,Dec,21
2018/12/21,UTTAR PRADESH,MUZAFFARNAGAR,0.51,-,4.2,9.304639547,2018,Dec,21
2018/12/21,UTTAR PRADESH,SANT RAVI DAS NAGAR(BHADOHI),0.76,-,5.55,5.690120804,2018,Dec,21
2018/12/21,UTTAR PRADESH,HAMIRPUR,0.06,-,0.44,4.900787947,2018,Dec,21
2018/12/21,UTTAR PRADESH,PRATAPGARH,0.16,-,1.34,6.880800202,2018,Dec,21
2018/12/21,UTTAR PRADESH,ETAWAH,0.66,-,4.86,6.139058862,2018,Dec,21
2018/12/21,UTTAR PRADESH,MORADABAD,0.8,-,6.24,6.978994782,2018,Dec,21
2018/12/21,UTTAR PRADESH,AGRA,0.8,-,6.22,6.718283514,2018,Dec,21
2018/12/21,UTTAR PRADESH,JAUNPUR,0.17,-,1.46,6.02017061,2018,Dec,21
2018/12/21,UTTAR PRADESH,KANPUR NAGAR,0.64,-,4.11,4.127419028,2018,Dec,21
2018/12/21,UTTAR PRADESH,JHANSI,1.33,-,9.62,4.704739024,2018,Dec,21
2018/12/21,UTTAR PRADESH,SIDDHARTH NAGAR,0.0,-,0.02,7.069982036,2018,Dec,21
2018/12/21,UTTAR PRADESH,MEERUT,1.23,-,8.48,7.144060489,2018,Dec,21
2018/12/21,UTTAR PRADESH,PILIBHIT,1.56,-,11.54,8.423248522,2018,Dec,21
2018/12/21,UTTAR PRADESH,SHAHJAHANPUR,0.38,-,3.28,6.822561974,2018,Dec,21
2018/12/21,UTTAR PRADESH,KANPUR DEHAT,0.51,-,3.12,4.779804211,2018,Dec,21
2018/12/21,UTTAR PRADESH,FIROZABAD,0.83,-,6.72,5.906984915,2018,Dec,21
2018/12/21,UTTAR PRADESH,AYODHYA,0.57,-,3.51,7.406332939,2018,Dec,21
2018/12/21,UTTAR PRADESH,KUSHINAGAR,0.05,-,0.49,9.570907526,2018,Dec,21
2018/12/21,UTTAR PRADESH,JALAUN,0.05,-,0.3,8.832084576,2018,Dec,21
2018/12/21,UTTAR PRADESH,GHAZIABAD,1.75,-,11.53,6.543577262,2018,Dec,21
2018/12/21,UTTAR PRADESH,ETAH,0.0,-,0.0,7.314049932,2018,Dec,21
2018/12/21,UTTAR PRADESH,BALLIA,0.01,-,0.05,8.037348485,2018,Dec,21
2018/12/21,UTTAR PRADESH,UNNAO,0.51,-,4.09,4.879345324,2018,Dec,21
2018/12/21,UTTAR PRADESH,MAU,0.15,-,0.87,7.613314585,2018,Dec,21
2018/12/21,UTTAR PRADESH,SITAPUR,0.52,-,3.83,6.403782401,2018,Dec,21
2018/12/21,UTTAR PRADESH,PRAYAGRAJ,1.17,-,10.5,5.556143451,2018,Dec,21
2018/12/21,UTTAR PRADESH,BAREILLY,0.83,-,6.08,6.545103803,2018,Dec,21
2018/12/21,UTTAR PRADESH,SHRAWASTI,0.08,-,0.78,9.654718822,2018,Dec,21
2018/12/21,UTTAR PRADESH,SULTANPUR,0.09,-,0.61,8.52008181,2018,Dec,21
2018/12/21,UTTAR PRADESH,GONDA,0.78,-,5.01,7.513489772,2018,Dec,21
2018/12/21,UTTAR PRADESH,GAUTAM BUDDHA NAGAR,1.79,-,11.76,7.085951683,2018,Dec,21
2018/12/21,UTTAR PRADESH,KANSIRAM NAGAR,1.63,-,13.78,6.459657739,2018,Dec,21
2018/12/21,UTTAR PRADESH,MAHARAJGANJ,0.09,-,0.8,10.03217909,2018,Dec,21
2018/12/21,UTTAR PRADESH,MAINPURI,0.1,-,0.95,5.449978347,2018,Dec,21
2018/12/21,UTTAR PRADESH,VARANASI,0.26,-,2.05,7.835502416,2018,Dec,21
2018/12/21,UTTAR PRADESH,AURAIYA,0.61,-,4.44,5.172543863,2018,Dec,21
2018/12/20,UTTAR PRADESH,FARRUKHABAD,1.27,-,9.36,5.264591498,2018,Dec,20
2018/12/20,UTTAR PRADESH,LUCKNOW,1.36,-,9.06,5.530153815,2018,Dec,20
2018/12/20,UTTAR PRADESH,KHERI,1.77,-,12.52,7.885342522,2018,Dec,20
2018/12/20,UTTAR PRADESH,CHANDAULI,0.45,-,3.94,12.43277372,2018,Dec,20
2018/12/20,UTTAR PRADESH,AMBEDKAR NAGAR,0.23,-,1.35,8.007222407,2018,Dec,20
2018/12/20,UTTAR PRADESH,BUDAUN,1.33,-,11.49,5.261971367,2018,Dec,20
2018/12/20,UTTAR PRADESH,BALRAMPUR,0.74,-,5.15,8.212213482,2018,Dec,20
2018/12/20,UTTAR PRADESH,BASTI,0.54,-,3.27,6.569659446,2018,Dec,20
2018/12/20,UTTAR PRADESH,RAMPUR,0.53,-,3.76,7.74855389,2018,Dec,20
2018/12/20,UTTAR PRADESH,MIRZAPUR,1.02,-,8.8,7.955908414,2018,Dec,20
2018/12/20,UTTAR PRADESH,JYOTIBA PHULE NAGAR,1.53,-,14.42,6.20985545,2018,Dec,20
2018/12/20,UTTAR PRADESH,LALITPUR,1.72,-,11.58,3.392031881,2018,Dec,20
2018/12/20,UTTAR PRADESH,MAHAMAYA NAGAR,0.05,-,0.29,8.504275491,2018,Dec,20
2018/12/20,UTTAR PRADESH,MATHURA,0.16,-,1.05,8.52748073,2018,Dec,20
2018/12/20,UTTAR PRADESH,MAHOBA,0.44,-,3.14,2.137724436,2018,Dec,20
2018/12/20,UTTAR PRADESH,CHITRAKOOT,1.1,-,9.74,5.612804994,2018,Dec,20
2018/12/20,UTTAR PRADESH,SAHARANPUR,1.73,-,12.73,11.84735975,2018,Dec,20
2018/12/20,UTTAR PRADESH,KANNAUJ,0.93,-,6.86,5.631298323,2018,Dec,20
2018/12/20,UTTAR PRADESH,SANT KABIR NAGAR,0.03,-,0.19,6.933780461,2018,Dec,20
2018/12/20,UTTAR PRADESH,SONBHADRA,1.28,-,8.41,23.13427479,2018,Dec,20
2018/12/20,UTTAR PRADESH,FATEHPUR,1.46,-,11.42,3.574208852,2018,Dec,20
2018/12/20,UTTAR PRADESH,BARA BANKI,0.27,-,1.65,7.188370435,2018,Dec,20
2018/12/20,UTTAR PRADESH,AZAMGARH,0.19,-,1.19,6.803764797,2018,Dec,20
2018/12/20,UTTAR PRADESH,BAGHPAT,1.0,-,6.67,7.133733327,2018,Dec,20
2018/12/20,UTTAR PRADESH,ALIGARH,0.44,-,3.07,10.08324309,2018,Dec,20
2018/12/20,UTTAR PRADESH,HARDOI,0.39,-,3.07,6.235805779,2018,Dec,20
2018/12/20,UTTAR PRADESH,RAE BARELI,0.83,-,6.89,5.648898601,2018,Dec,20
2018/12/20,UTTAR PRADESH,GHAZIPUR,0.62,-,5.1,8.256419434,2018,Dec,20
2018/12/20,UTTAR PRADESH,KAUSHAMBI,1.68,-,13.02,3.994856484,2018,Dec,20
2018/12/20,UTTAR PRADESH,BULANDSHAHR,0.43,-,3.1,7.609602838,2018,Dec,20
2018/12/20,UTTAR PRADESH,DEORIA,0.08,-,0.44,9.003901513,2018,Dec,20
2018/12/20,UTTAR PRADESH,BAHRAICH,0.99,-,8.25,7.305692257,2018,Dec,20
2018/12/20,UTTAR PRADESH,GORAKHPUR,0.48,-,3.15,7.362248839,2018,Dec,20
2018/12/20,UTTAR PRADESH,BIJNOR,1.43,-,11.65,8.968317888,2018,Dec,20
2018/12/20,UTTAR PRADESH,BANDA,0.65,-,5.33,4.338136702,2018,Dec,20
2018/12/20,UTTAR PRADESH,MUZAFFARNAGAR,0.51,-,4.21,9.528802699,2018,Dec,20
2018/12/20,UTTAR PRADESH,SANT RAVI DAS NAGAR(BHADOHI),0.77,-,5.58,5.89423204,2018,Dec,20
2018/12/20,UTTAR PRADESH,HAMIRPUR,0.06,-,0.44,5.045890998,2018,Dec,20
2018/12/20,UTTAR PRADESH,PRATAPGARH,0.16,-,1.35,7.094318994,2018,Dec,20
2018/12/20,UTTAR PRADESH,ETAWAH,0.67,-,4.95,6.278193672,2018,Dec,20
2018/12/20,UTTAR PRADESH,MORADABAD,0.8,-,6.28,7.157490961,2018,Dec,20
2018/12/20,UTTAR PRADESH,AGRA,0.81,-,6.31,6.915897256,2018,Dec,20
2018/12/20,UTTAR PRADESH,JAUNPUR,0.17,-,1.46,6.235291358,2018,Dec,20
2018/12/20,UTTAR PRADESH,KANPUR NAGAR,0.64,-,4.14,4.277653342,2018,Dec,20
2018/12/20,UTTAR PRADESH,JHANSI,1.34,-,9.71,4.821589034,2018,Dec,20
2018/12/20,UTTAR PRADESH,SIDDHARTH NAGAR,0.0,-,0.02,7.302620192,2018,Dec,20
2018/12/20,UTTAR PRADESH,MEERUT,1.23,-,8.52,7.305722959,2018,Dec,20
2018/12/20,UTTAR PRADESH,PILIBHIT,1.58,-,11.62,8.571334474,2018,Dec,20
2018/12/20,UTTAR PRADESH,SHAHJAHANPUR,0.38,-,3.28,7.012246169,2018,Dec,20
2018/12/20,UTTAR PRADESH,KANPUR DEHAT,0.52,-,3.17,4.946960564,2018,Dec,20
2018/12/20,UTTAR PRADESH,FIROZABAD,0.84,-,6.78,6.097809233,2018,Dec,20
2018/12/20,UTTAR PRADESH,AYODHYA,0.57,-,3.53,7.633687704,2018,Dec,20
2018/12/20,UTTAR PRADESH,KUSHINAGAR,0.05,-,0.5,9.834219658,2018,Dec,20
2018/12/20,UTTAR PRADESH,JALAUN,0.05,-,0.3,9.083977867,2018,Dec,20
2018/12/20,UTTAR PRADESH,GHAZIABAD,1.76,-,11.57,6.71192349,2018,Dec,20
2018/12/20,UTTAR PRADESH,ETAH,0.0,-,0.0,7.557344317,2018,Dec,20
2018/12/20,UTTAR PRADESH,BALLIA,0.01,-,0.05,8.321957158,2018,Dec,20
2018/12/20,UTTAR PRADESH,UNNAO,0.52,-,4.12,5.041137145,2018,Dec,20
2018/12/20,UTTAR PRADESH,MAU,0.15,-,0.89,7.891474251,2018,Dec,20
2018/12/20,UTTAR PRADESH,SITAPUR,0.53,-,3.86,6.581918573,2018,Dec,20
2018/12/20,UTTAR PRADESH,PRAYAGRAJ,1.18,-,10.57,5.733793894,2018,Dec,20
2018/12/20,UTTAR PRADESH,BAREILLY,0.84,-,6.12,6.743017906,2018,Dec,20
2018/12/20,UTTAR PRADESH,SHRAWASTI,0.09,-,0.78,9.883107481,2018,Dec,20
2018/12/20,UTTAR PRADESH,SULTANPUR,0.1,-,0.62,8.804899511,2018,Dec,20
2018/12/20,UTTAR PRADESH,GONDA,0.79,-,5.07,7.709308059,2018,Dec,20
2018/12/20,UTTAR PRADESH,GAUTAM BUDDHA NAGAR,1.8,-,11.81,7.281249095,2018,Dec,20
2018/12/20,UTTAR PRADESH,KANSIRAM NAGAR,1.64,-,13.83,6.661136018,2018,Dec,20
2018/12/20,UTTAR PRADESH,MAHARAJGANJ,0.09,-,0.84,10.2394919,2018,Dec,20
2018/12/20,UTTAR PRADESH,MAINPURI,0.1,-,0.95,5.649480962,2018,Dec,20
2018/12/20,UTTAR PRADESH,VARANASI,0.27,-,2.08,8.103181668,2018,Dec,20
2018/12/20,UTTAR PRADESH,AURAIYA,0.61,-,4.46,5.328461184,2018,Dec,20
2018/12/19,UTTAR PRADESH,FARRUKHABAD,1.28,-,9.4,5.434269246,2018,Dec,19
2018/12/19,UTTAR PRADESH,LUCKNOW,1.37,-,9.14,5.682078328,2018,Dec,19
2018/12/19,UTTAR PRADESH,KHERI,1.79,-,12.62,8.039807644,2018,Dec,19
2018/12/19,UTTAR PRADESH,CHANDAULI,0.45,-,3.95,12.67659758,2018,Dec,19
2018/12/19,UTTAR PRADESH,AMBEDKAR NAGAR,0.23,-,1.36,8.273708505,2018,Dec,19
2018/12/19,UTTAR PRADESH,BUDAUN,1.34,-,11.53,5.425503468,2018,Dec,19
2018/12/19,UTTAR PRADESH,BALRAMPUR,0.76,-,5.25,8.346400887,2018,Dec,19
2018/12/19,UTTAR PRADESH,BASTI,0.55,-,3.31,6.791746803,2018,Dec,19
2018/12/19,UTTAR PRADESH,RAMPUR,0.54,-,3.79,7.930462657,2018,Dec,19
2018/12/19,UTTAR PRADESH,MIRZAPUR,1.03,-,8.87,8.132075458,2018,Dec,19
2018/12/19,UTTAR PRADESH,JYOTIBA PHULE NAGAR,1.53,-,14.46,6.379955875,2018,Dec,19
2018/12/19,UTTAR PRADESH,LALITPUR,1.73,-,11.65,3.452184301,2018,Dec,19
2018/12/19,UTTAR PRADESH,MAHAMAYA NAGAR,0.05,-,0.29,8.793618187,2018,Dec,19
2018/12/19,UTTAR PRADESH,MATHURA,0.16,-,1.07,8.792610578,2018,Dec,19
2018/12/19,UTTAR PRADESH,MAHOBA,0.45,-,3.2,2.187315291,2018,Dec,19
2018/12/19,UTTAR PRADESH,CHITRAKOOT,1.11,-,9.8,5.703522294,2018,Dec,19
2018/12/19,UTTAR PRADESH,SAHARANPUR,1.74,-,12.83,12.0579126,2018,Dec,19
2018/12/19,UTTAR PRADESH,KANNAUJ,0.93,-,6.89,5.818493169,2018,Dec,19
2018/12/19,UTTAR PRADESH,SANT KABIR NAGAR,0.03,-,0.19,7.179272309,2018,Dec,19
2018/12/19,UTTAR PRADESH,SONBHADRA,1.33,-,8.71,23.71609351,2018,Dec,19
2018/12/19,UTTAR PRADESH,FATEHPUR,1.47,-,11.5,3.712150863,2018,Dec,19
2018/12/19,UTTAR PRADESH,BARA BANKI,0.28,-,1.66,7.428117812,2018,Dec,19
2018/12/19,UTTAR PRADESH,AZAMGARH,0.19,-,1.19,7.044336641,2018,Dec,19
2018/12/19,UTTAR PRADESH,BAGHPAT,1.0,-,6.7,7.335519827,2018,Dec,19
2018/12/19,UTTAR PRADESH,ALIGARH,0.44,-,3.08,10.40257384,2018,Dec,19
2018/12/19,UTTAR PRADESH,HARDOI,0.4,-,3.08,6.446400214,2018,Dec,19
2018/12/19,UTTAR PRADESH,RAE BARELI,0.84,-,6.94,5.851911982,2018,Dec,19
2018/12/19,UTTAR PRADESH,GHAZIPUR,0.62,-,5.12,8.544418217,2018,Dec,19
2018/12/19,UTTAR PRADESH,KAUSHAMBI,1.69,-,13.12,4.129740242,2018,Dec,19
2018/12/19,UTTAR PRADESH,BULANDSHAHR,0.43,-,3.12,7.8488445,2018,Dec,19
2018/12/19,UTTAR PRADESH,DEORIA,0.08,-,0.45,9.309610804,2018,Dec,19
2018/12/19,UTTAR PRADESH,BAHRAICH,1.0,-,8.34,7.485109306,2018,Dec,19
2018/12/19,UTTAR PRADESH,GORAKHPUR,0.49,-,3.17,7.592103973,2018,Dec,19
2018/12/19,UTTAR PRADESH,BIJNOR,1.44,-,11.73,9.157715501,2018,Dec,19
2018/12/19,UTTAR PRADESH,BANDA,0.65,-,5.34,4.480612929,2018,Dec,19
2018/12/19,UTTAR PRADESH,MUZAFFARNAGAR,0.52,-,4.24,9.769594725,2018,Dec,19
2018/12/19,UTTAR PRADESH,SANT RAVI DAS NAGAR(BHADOHI),0.78,-,5.62,6.093341781,2018,Dec,19
2018/12/19,UTTAR PRADESH,HAMIRPUR,0.07,-,0.45,5.195185306,2018,Dec,19
2018/12/19,UTTAR PRADESH,PRATAPGARH,0.16,-,1.36,7.331297985,2018,Dec,19
2018/12/19,UTTAR PRADESH,ETAWAH,0.68,-,5.02,6.427785483,2018,Dec,19
2018/12/19,UTTAR PRADESH,MORADABAD,0.81,-,6.31,7.343532419,2018,Dec,19
2018/12/19,UTTAR PRADESH,AGRA,0.82,-,6.39,7.109769701,2018,Dec,19
2018/12/19,UTTAR PRADESH,JAUNPUR,0.17,-,1.47,6.451314346,2018,Dec,19
2018/12/19,UTTAR PRADESH,KANPUR NAGAR,0.65,-,4.17,4.43757829,2018,Dec,19
2018/12/19,UTTAR PRADESH,JHANSI,1.35,-,9.8,4.942634722,2018,Dec,19
2018/12/19,UTTAR PRADESH,SIDDHARTH NAGAR,0.0,-,0.02,7.54400316,2018,Dec,19
2018/12/19,UTTAR PRADESH,MEERUT,1.24,-,8.54,7.490207979,2018,Dec,19
2018/12/19,UTTAR PRADESH,PILIBHIT,1.59,-,11.73,8.721656551,2018,Dec,19
2018/12/19,UTTAR PRADESH,SHAHJAHANPUR,0.38,-,3.3,7.206637256,2018,Dec,19
2018/12/19,UTTAR PRADESH,KANPUR DEHAT,0.52,-,3.19,5.119006282,2018,Dec,19
2018/12/19,UTTAR PRADESH,FIROZABAD,0.84,-,6.81,6.293756394,2018,Dec,19
2018/12/19,UTTAR PRADESH,AYODHYA,0.58,-,3.55,7.881983765,2018,Dec,19
2018/12/19,UTTAR PRADESH,KUSHINAGAR,0.06,-,0.51,10.11900898,2018,Dec,19
2018/12/19,UTTAR PRADESH,JALAUN,0.05,-,0.3,9.334252605,2018,Dec,19
2018/12/19,UTTAR PRADESH,GHAZIABAD,1.76,-,11.61,6.896628711,2018,Dec,19
2018/12/19,UTTAR PRADESH,ETAH,0.0,-,0.0,7.82108046,2018,Dec,19
2018/12/19,UTTAR PRADESH,BALLIA,0.01,-,0.05,8.590625948,2018,Dec,19
2018/12/19,UTTAR PRADESH,UNNAO,0.52,-,4.15,5.218264975,2018,Dec,19
2018/12/19,UTTAR PRADESH,MAU,0.15,-,0.9,8.179221522,2018,Dec,19
2018/12/19,UTTAR PRADESH,SITAPUR,0.53,-,3.88,6.762055539,2018,Dec,19
2018/12/19,UTTAR PRADESH,PRAYAGRAJ,1.19,-,10.61,5.913094014,2018,Dec,19
2018/12/19,UTTAR PRADESH,BAREILLY,0.84,-,6.14,6.953670798,2018,Dec,19
2018/12/19,UTTAR PRADESH,SHRAWASTI,0.09,-,0.81,10.12363681,2018,Dec,19
2018/12/19,UTTAR PRADESH,SULTANPUR,0.1,-,0.62,9.109934935,2018,Dec,19
2018/12/19,UTTAR PRADESH,GONDA,0.8,-,5.14,7.911436097,2018,Dec,19
2018/12/19,UTTAR PRADESH,GAUTAM BUDDHA NAGAR,1.81,-,11.84,7.502895577,2018,Dec,19
2018/12/19,UTTAR PRADESH,KANSIRAM NAGAR,1.64,-,13.86,6.885076461,2018,Dec,19
2018/12/19,UTTAR PRADESH,MAHARAJGANJ,0.1,-,0.89,10.46092553,2018,Dec,19
2018/12/19,UTTAR PRADESH,MAINPURI,0.1,-,0.96,5.847839884,2018,Dec,19
2018/12/19,UTTAR PRADESH,VARANASI,0.27,-,2.12,8.365116626,2018,Dec,19
2018/12/19,UTTAR PRADESH,AURAIYA,0.61,-,4.49,5.493638625,2018,Dec,19
2018/12/18,UTTAR PRADESH,FARRUKHABAD,1.28,-,9.43,5.59290119,2018,Dec,18
2018/12/18,UTTAR PRADESH,LUCKNOW,1.38,-,9.21,5.81836879,2018,Dec,18
2018/12/18,UTTAR PRADESH,KHERI,1.8,-,12.72,8.176424982,2018,Dec,18
2018/12/18,UTTAR PRADESH,CHANDAULI,0.46,-,3.98,12.90040401,2018,Dec,18
2018/12/18,UTTAR PRADESH,AMBEDKAR NAGAR,0.23,-,1.37,8.507141566,2018,Dec,18
2018/12/18,UTTAR PRADESH,BUDAUN,1.34,-,11.56,5.59002936,2018,Dec,18
2018/12/18,UTTAR PRADESH,BALRAMPUR,0.77,-,5.34,8.469910067,2018,Dec,18
2018/12/18,UTTAR PRADESH,BASTI,0.55,-,3.33,6.994952059,2018,Dec,18
2018/12/18,UTTAR PRADESH,RAMPUR,0.54,-,3.84,8.111407534,2018,Dec,18
2018/12/18,UTTAR PRADESH,MIRZAPUR,1.04,-,8.94,8.296588712,2018,Dec,18
2018/12/18,UTTAR PRADESH,JYOTIBA PHULE NAGAR,1.54,-,14.5,6.53596105,2018,Dec,18
2018/12/18,UTTAR PRADESH,LALITPUR,1.74,-,11.75,3.514079049,2018,Dec,18
2018/12/18,UTTAR PRADESH,MAHAMAYA NAGAR,0.05,-,0.29,9.076902838,2018,Dec,18
2018/12/18,UTTAR PRADESH,MATHURA,0.16,-,1.08,9.054647679,2018,Dec,18
2018/12/18,UTTAR PRADESH,MAHOBA,0.46,-,3.25,2.229388568,2018,Dec,18
2018/12/18,UTTAR PRADESH,CHITRAKOOT,1.11,-,9.86,5.78504278,2018,Dec,18
2018/12/18,UTTAR PRADESH,SAHARANPUR,1.75,-,12.93,12.27608853,2018,Dec,18
2018/12/18,UTTAR PRADESH,KANNAUJ,0.94,-,6.92,5.996338829,2018,Dec,18
2018/12/18,UTTAR PRADESH,SANT KABIR NAGAR,0.03,-,0.19,7.381668623,2018,Dec,18
2018/12/18,UTTAR PRADESH,SONBHADRA,1.4,-,9.15,24.4456552,2018,Dec,18
2018/12/18,UTTAR PRADESH,FATEHPUR,1.48,-,11.54,3.825961525,2018,Dec,18
2018/12/18,UTTAR PRADESH,BARA BANKI,0.28,-,1.67,7.642874387,2018,Dec,18
2018/12/18,UTTAR PRADESH,AZAMGARH,0.19,-,1.2,7.257881764,2018,Dec,18
2018/12/18,UTTAR PRADESH,BAGHPAT,1.01,-,6.75,7.539841076,2018,Dec,18
2018/12/18,UTTAR PRADESH,ALIGARH,0.44,-,3.09,10.72278677,2018,Dec,18
2018/12/18,UTTAR PRADESH,HARDOI,0.4,-,3.11,6.637857646,2018,Dec,18
2018/12/18,UTTAR PRADESH,RAE BARELI,0.84,-,6.97,6.037876444,2018,Dec,18
2018/12/18,UTTAR PRADESH,GHAZIPUR,0.62,-,5.14,8.805955788,2018,Dec,18
2018/12/18,UTTAR PRADESH,KAUSHAMBI,1.7,-,13.2,4.254639297,2018,Dec,18
2018/12/18,UTTAR PRADESH,BULANDSHAHR,0.43,-,3.13,8.088761033,2018,Dec,18
2018/12/18,UTTAR PRADESH,DEORIA,0.08,-,0.45,9.595182477,2018,Dec,18
2018/12/18,UTTAR PRADESH,BAHRAICH,1.01,-,8.44,7.652109485,2018,Dec,18
2018/12/18,UTTAR PRADESH,GORAKHPUR,0.49,-,3.19,7.799765696,2018,Dec,18
2018/12/18,UTTAR PRADESH,BIJNOR,1.45,-,11.8,9.351730203,2018,Dec,18
2018/12/18,UTTAR PRADESH,BANDA,0.66,-,5.37,4.597649349,2018,Dec,18
2018/12/18,UTTAR PRADESH,MUZAFFARNAGAR,0.52,-,4.26,10.01620247,2018,Dec,18
2018/12/18,UTTAR PRADESH,SANT RAVI DAS NAGAR(BHADOHI),0.78,-,5.66,6.26309651,2018,Dec,18
2018/12/18,UTTAR PRADESH,HAMIRPUR,0.07,-,0.46,5.315932497,2018,Dec,18
2018/12/18,UTTAR PRADESH,PRATAPGARH,0.16,-,1.37,7.521530794,2018,Dec,18
2018/12/18,UTTAR PRADESH,ETAWAH,0.69,-,5.09,6.568003527,2018,Dec,18
2018/12/18,UTTAR PRADESH,MORADABAD,0.81,-,6.36,7.524978588,2018,Dec,18
2018/12/18,UTTAR PRADESH,AGRA,0.83,-,6.48,7.303736926,2018,Dec,18
2018/12/18,UTTAR PRADESH,JAUNPUR,0.17,-,1.48,6.637919504,2018,Dec,18
2018/12/18,UTTAR PRADESH,KANPUR NAGAR,0.65,-,4.2,4.575166261,2018,Dec,18
2018/12/18,UTTAR PRADESH,JHANSI,1.37,-,9.88,5.043029903,2018,Dec,18
2018/12/18,UTTAR PRADESH,SIDDHARTH NAGAR,0.0,-,0.02,7.779311196,2018,Dec,18
2018/12/18,UTTAR PRADESH,MEERUT,1.24,-,8.58,7.665982895,2018,Dec,18
2018/12/18,UTTAR PRADESH,PILIBHIT,1.6,-,11.82,8.867792346,2018,Dec,18
2018/12/18,UTTAR PRADESH,SHAHJAHANPUR,0.38,-,3.31,7.392833075,2018,Dec,18
2018/12/18,UTTAR PRADESH,KANPUR DEHAT,0.52,-,3.21,5.27384115,2018,Dec,18
2018/12/18,UTTAR PRADESH,FIROZABAD,0.85,-,6.89,6.483799816,2018,Dec,18
2018/12/18,UTTAR PRADESH,AYODHYA,0.58,-,3.58,8.103237056,2018,Dec,18
2018/12/18,UTTAR PRADESH,KUSHINAGAR,0.06,-,0.52,10.38662661,2018,Dec,18
2018/12/18,UTTAR PRADESH,JALAUN,0.05,-,0.31,9.533065994,2018,Dec,18
2018/12/18,UTTAR PRADESH,GHAZIABAD,1.77,-,11.67,7.083297304,2018,Dec,18
2018/12/18,UTTAR PRADESH,ETAH,0.0,-,0.0,8.072788635,2018,Dec,18
2018/12/18,UTTAR PRADESH,BALLIA,0.01,-,0.06,8.850000917,2018,Dec,18
2018/12/18,UTTAR PRADESH,UNNAO,0.52,-,4.17,5.380385949,2018,Dec,18
2018/12/18,UTTAR PRADESH,MAU,0.15,-,0.9,8.419190648,2018,Dec,18
2018/12/18,UTTAR PRADESH,SITAPUR,0.53,-,3.91,6.932466582,2018,Dec,18
2018/12/18,UTTAR PRADESH,PRAYAGRAJ,1.19,-,10.66,6.072977883,2018,Dec,18
2018/12/18,UTTAR PRADESH,BAREILLY,0.84,-,6.16,7.150413288,2018,Dec,18
2018/12/18,UTTAR PRADESH,SHRAWASTI,0.1,-,0.84,10.3627442,2018,Dec,18
2018/12/18,UTTAR PRADESH,SULTANPUR,0.1,-,0.63,9.362657612,2018,Dec,18
2018/12/18,UTTAR PRADESH,GONDA,0.81,-,5.2,8.099814686,2018,Dec,18
2018/12/18,UTTAR PRADESH,GAUTAM BUDDHA NAGAR,1.81,-,11.88,7.719183577,2018,Dec,18
2018/12/18,UTTAR PRADESH,KANSIRAM NAGAR,1.64,-,13.86,7.091522946,2018,Dec,18
2018/12/18,UTTAR PRADESH,MAHARAJGANJ,0.1,-,0.96,10.67760762,2018,Dec,18
2018/12/18,UTTAR PRADESH,MAINPURI,0.1,-,0.96,6.041341412,2018,Dec,18
2018/12/18,UTTAR PRADESH,VARANASI,0.27,-,2.13,8.611076784,2018,Dec,18
2018/12/18,UTTAR PRADESH,AURAIYA,0.62,-,4.53,5.634848439,2018,Dec,18
2018/12/17,UTTAR PRADESH,FARRUKHABAD,1.29,-,9.46,5.782675144,2018,Dec,17
2018/12/17,UTTAR PRADESH,LUCKNOW,1.39,-,9.29,5.978614803,2018,Dec,17
2018/12/17,UTTAR PRADESH,KHERI,1.81,-,12.8,8.3413007,2018,Dec,17
2018/12/17,UTTAR PRADESH,CHANDAULI,0.46,-,4.0,13.06324401,2018,Dec,17
2018/12/17,UTTAR PRADESH,AMBEDKAR NAGAR,0.24,-,1.39,8.734904505,2018,Dec,17
2018/12/17,UTTAR PRADESH,BUDAUN,1.35,-,11.59,5.775787137,2018,Dec,17
2018/12/17,UTTAR PRADESH,BALRAMPUR,0.79,-,5.43,8.598382547,2018,Dec,17
2018/12/17,UTTAR PRADESH,BASTI,0.55,-,3.35,7.197872604,2018,Dec,17
2018/12/17,UTTAR PRADESH,RAMPUR,0.55,-,3.88,8.300759132,2018,Dec,17
2018/12/17,UTTAR PRADESH,MIRZAPUR,1.04,-,8.99,8.443744809,2018,Dec,17
2018/12/17,UTTAR PRADESH,JYOTIBA PHULE NAGAR,1.54,-,14.57,6.703465066,2018,Dec,17
2018/12/17,UTTAR PRADESH,LALITPUR,1.75,-,11.82,3.587431771,2018,Dec,17
2018/12/17,UTTAR PRADESH,MAHAMAYA NAGAR,0.05,-,0.31,9.382031359,2018,Dec,17
2018/12/17,UTTAR PRADESH,MATHURA,0.16,-,1.09,9.344968729,2018,Dec,17
2018/12/17,UTTAR PRADESH,MAHOBA,0.47,-,3.29,2.294334899,2018,Dec,17
2018/12/17,UTTAR PRADESH,CHITRAKOOT,1.12,-,9.89,5.891167524,2018,Dec,17
2018/12/17,UTTAR PRADESH,SAHARANPUR,1.77,-,13.02,12.49472385,2018,Dec,17
2018/12/17,UTTAR PRADESH,KANNAUJ,0.94,-,6.97,6.209879615,2018,Dec,17
2018/12/17,UTTAR PRADESH,SANT KABIR NAGAR,0.03,-,0.19,7.595138741,2018,Dec,17
2018/12/17,UTTAR PRADESH,SONBHADRA,1.53,-,9.93,25.72502417,2018,Dec,17
2018/12/17,UTTAR PRADESH,FATEHPUR,1.49,-,11.62,3.977490392,2018,Dec,17
2018/12/17,UTTAR PRADESH,BARA BANKI,0.28,-,1.68,7.895036767,2018,Dec,17
2018/12/17,UTTAR PRADESH,AZAMGARH,0.2,-,1.21,7.448366656,2018,Dec,17
2018/12/17,UTTAR PRADESH,BAGHPAT,1.01,-,6.77,7.742312655,2018,Dec,17
2018/12/17,UTTAR PRADESH,ALIGARH,0.44,-,3.1,11.06128326,2018,Dec,17
2018/12/17,UTTAR PRADESH,HARDOI,0.4,-,3.14,6.862576939,2018,Dec,17
2018/12/17,UTTAR PRADESH,RAE BARELI,0.85,-,7.05,6.237712419,2018,Dec,17
2018/12/17,UTTAR PRADESH,GHAZIPUR,0.63,-,5.17,8.956505651,2018,Dec,17
2018/12/17,UTTAR PRADESH,KAUSHAMBI,1.71,-,13.29,4.378221065,2018,Dec,17
2018/12/17,UTTAR PRADESH,BULANDSHAHR,0.44,-,3.15,8.337428406,2018,Dec,17
2018/12/17,UTTAR PRADESH,DEORIA,0.08,-,0.45,9.832871717,2018,Dec,17
2018/12/17,UTTAR PRADESH,BAHRAICH,1.02,-,8.53,7.8547767,2018,Dec,17
2018/12/17,UTTAR PRADESH,GORAKHPUR,0.49,-,3.19,7.995591097,2018,Dec,17
2018/12/17,UTTAR PRADESH,BIJNOR,1.46,-,11.88,9.543440552,2018,Dec,17
2018/12/17,UTTAR PRADESH,BANDA,0.66,-,5.39,4.750899441,2018,Dec,17
2018/12/17,UTTAR PRADESH,MUZAFFARNAGAR,0.52,-,4.28,10.26873724,2018,Dec,17
2018/12/17,UTTAR PRADESH,SANT RAVI DAS NAGAR(BHADOHI),0.79,-,5.72,6.432674388,2018,Dec,17
2018/12/17,UTTAR PRADESH,HAMIRPUR,0.07,-,0.46,5.489996582,2018,Dec,17
2018/12/17,UTTAR PRADESH,PRATAPGARH,0.16,-,1.37,7.699796547,2018,Dec,17
2018/12/17,UTTAR PRADESH,ETAWAH,0.7,-,5.17,6.720027467,2018,Dec,17
2018/12/17,UTTAR PRADESH,MORADABAD,0.82,-,6.4,7.721100051,2018,Dec,17
2018/12/17,UTTAR PRADESH,AGRA,0.85,-,6.57,7.516568316,2018,Dec,17
2018/12/17,UTTAR PRADESH,JAUNPUR,0.17,-,1.48,6.814769173,2018,Dec,17
2018/12/17,UTTAR PRADESH,KANPUR NAGAR,0.66,-,4.24,4.749779729,2018,Dec,17
2018/12/17,UTTAR PRADESH,JHANSI,1.38,-,9.97,5.170952032,2018,Dec,17
2018/12/17,UTTAR PRADESH,SIDDHARTH NAGAR,0.0,-,0.02,8.001952166,2018,Dec,17
2018/12/17,UTTAR PRADESH,MEERUT,1.24,-,8.59,7.854264552,2018,Dec,17
2018/12/17,UTTAR PRADESH,PILIBHIT,1.62,-,11.92,9.021860929,2018,Dec,17
2018/12/17,UTTAR PRADESH,SHAHJAHANPUR,0.39,-,3.32,7.609976043,2018,Dec,17
2018/12/17,UTTAR PRADESH,KANPUR DEHAT,0.53,-,3.24,5.459517285,2018,Dec,17
2018/12/17,UTTAR PRADESH,FIROZABAD,0.85,-,6.92,6.701446686,2018,Dec,17
2018/12/17,UTTAR PRADESH,AYODHYA,0.59,-,3.61,8.327971261,2018,Dec,17
2018/12/17,UTTAR PRADESH,KUSHINAGAR,0.06,-,0.53,10.60092803,2018,Dec,17
2018/12/17,UTTAR PRADESH,JALAUN,0.05,-,0.31,9.813358326,2018,Dec,17
2018/12/17,UTTAR PRADESH,GHAZIABAD,1.78,-,11.71,7.267505329,2018,Dec,17
2018/12/17,UTTAR PRADESH,ETAH,0.0,-,0.0,8.354949123,2018,Dec,17
2018/12/17,UTTAR PRADESH,BALLIA,0.01,-,0.06,8.780398504,2018,Dec,17
2018/12/17,UTTAR PRADESH,UNNAO,0.53,-,4.22,5.565143221,2018,Dec,17
2018/12/17,UTTAR PRADESH,MAU,0.16,-,0.91,8.623782815,2018,Dec,17
2018/12/17,UTTAR PRADESH,SITAPUR,0.54,-,3.93,7.124878381,2018,Dec,17
2018/12/17,UTTAR PRADESH,PRAYAGRAJ,1.2,-,10.71,6.230600636,2018,Dec,17
2018/12/17,UTTAR PRADESH,BAREILLY,0.85,-,6.2,7.357900854,2018,Dec,17
2018/12/17,UTTAR PRADESH,SHRAWASTI,0.1,-,0.86,10.626374,2018,Dec,17
2018/12/17,UTTAR PRADESH,SULTANPUR,0.1,-,0.64,9.617661334,2018,Dec,17
2018/12/17,UTTAR PRADESH,GONDA,0.82,-,5.25,8.302267302,2018,Dec,17
2018/12/17,UTTAR PRADESH,GAUTAM BUDDHA NAGAR,1.82,-,11.92,7.947305488,2018,Dec,17
2018/12/17,UTTAR PRADESH,KANSIRAM NAGAR,1.65,-,13.92,7.325742894,2018,Dec,17
2018/12/17,UTTAR PRADESH,MAHARAJGANJ,0.11,-,0.98,10.8666721,2018,Dec,17
2018/12/17,UTTAR PRADESH,MAINPURI,0.1,-,0.96,6.259549437,2018,Dec,17
2018/12/17,UTTAR PRADESH,VARANASI,0.27,-,2.16,8.831342341,2018,Dec,17
2018/12/17,UTTAR PRADESH,AURAIYA,0.62,-,4.56,5.808705416,2018,Dec,17
2018/12/16,UTTAR PRADESH,FARRUKHABAD,1.3,-,9.53,5.966266896,2018,Dec,16
2018/12/16,UTTAR PRADESH,LUCKNOW,1.4,-,9.35,6.09866059,2018,Dec,16
2018/12/16,UTTAR PRADESH,KHERI,1.83,-,12.9,8.503759559,2018,Dec,16
2018/12/16,UTTAR PRADESH,CHANDAULI,0.47,-,4.02,9.14355526,2018,Dec,16
2018/12/16,UTTAR PRADESH,AMBEDKAR NAGAR,0.24,-,1.4,9.029134315,2018,Dec,16
2018/12/16,UTTAR PRADESH,BUDAUN,1.35,-,11.62,5.958559594,2018,Dec,16
2018/12/16,UTTAR PRADESH,BALRAMPUR,0.8,-,5.51,8.708287771,2018,Dec,16
2018/12/16,UTTAR PRADESH,BASTI,0.56,-,3.38,7.419230965,2018,Dec,16
2018/12/16,UTTAR PRADESH,RAMPUR,0.55,-,3.89,8.498120188,2018,Dec,16
2018/12/16,UTTAR PRADESH,MIRZAPUR,1.05,-,9.07,6.394289881,2018,Dec,16
2018/12/16,UTTAR PRADESH,JYOTIBA PHULE NAGAR,1.55,-,14.63,6.878418911,2018,Dec,16
2018/12/16,UTTAR PRADESH,LALITPUR,1.77,-,11.9,3.660017806,2018,Dec,16
2018/12/16,UTTAR PRADESH,MAHAMAYA NAGAR,0.05,-,0.31,9.69064556,2018,Dec,16
2018/12/16,UTTAR PRADESH,MATHURA,0.17,-,1.1,9.619646989,2018,Dec,16
2018/12/16,UTTAR PRADESH,MAHOBA,0.48,-,3.36,2.342083469,2018,Dec,16
2018/12/16,UTTAR PRADESH,CHITRAKOOT,1.12,-,9.96,6.002874785,2018,Dec,16
2018/12/16,UTTAR PRADESH,SAHARANPUR,1.78,-,13.1,12.72376122,2018,Dec,16
2018/12/16,UTTAR PRADESH,KANNAUJ,0.95,-,7.01,6.384990135,2018,Dec,16
2018/12/16,UTTAR PRADESH,SANT KABIR NAGAR,0.03,-,0.2,7.852060306,2018,Dec,16
2018/12/16,UTTAR PRADESH,SONBHADRA,1.05,-,7.04,14.93727835,2018,Dec,16
2018/12/16,UTTAR PRADESH,FATEHPUR,1.49,-,11.67,4.106302622,2018,Dec,16
2018/12/16,UTTAR PRADESH,BARA BANKI,0.28,-,1.69,8.077974216,2018,Dec,16
2018/12/16,UTTAR PRADESH,AZAMGARH,0.2,-,1.22,7.291952317,2018,Dec,16
2018/12/16,UTTAR PRADESH,BAGHPAT,1.02,-,6.84,7.95965065,2018,Dec,16
2018/12/16,UTTAR PRADESH,ALIGARH,0.44,-,3.11,11.4023527,2018,Dec,16
2018/12/16,UTTAR PRADESH,HARDOI,0.41,-,3.16,7.058035945,2018,Dec,16
2018/12/16,UTTAR PRADESH,RAE BARELI,0.86,-,7.07,6.422809,2018,Dec,16
2018/12/16,UTTAR PRADESH,GHAZIPUR,0.63,-,5.19,6.982386251,2018,Dec,16
2018/12/16,UTTAR PRADESH,KAUSHAMBI,1.73,-,13.39,4.536811974,2018,Dec,16
2018/12/16,UTTAR PRADESH,BULANDSHAHR,0.44,-,3.16,8.591225413,2018,Dec,16
2018/12/16,UTTAR PRADESH,DEORIA,0.08,-,0.46,9.757771061,2018,Dec,16
2018/12/16,UTTAR PRADESH,BAHRAICH,1.03,-,8.62,8.011711465,2018,Dec,16
2018/12/16,UTTAR PRADESH,GORAKHPUR,0.49,-,3.21,8.059928448,2018,Dec,16
2018/12/16,UTTAR PRADESH,BIJNOR,1.47,-,11.95,9.746741339,2018,Dec,16
2018/12/16,UTTAR PRADESH,BANDA,0.66,-,5.42,4.896677426,2018,Dec,16
2018/12/16,UTTAR PRADESH,MUZAFFARNAGAR,0.52,-,4.3,10.53143939,2018,Dec,16
2018/12/16,UTTAR PRADESH,SANT RAVI DAS NAGAR(BHADOHI),0.8,-,5.78,6.342158684,2018,Dec,16
2018/12/16,UTTAR PRADESH,HAMIRPUR,0.07,-,0.47,5.623660875,2018,Dec,16
2018/12/16,UTTAR PRADESH,PRATAPGARH,0.16,-,1.38,7.941755122,2018,Dec,16
2018/12/16,UTTAR PRADESH,ETAWAH,0.71,-,5.25,6.870946641,2018,Dec,16
2018/12/16,UTTAR PRADESH,MORADABAD,0.82,-,6.44,7.921128438,2018,Dec,16
2018/12/16,UTTAR PRADESH,AGRA,0.86,-,6.66,7.746827411,2018,Dec,16
2018/12/16,UTTAR PRADESH,JAUNPUR,0.17,-,1.49,6.83343383,2018,Dec,16
2018/12/16,UTTAR PRADESH,KANPUR NAGAR,0.66,-,4.26,4.88773363,2018,Dec,16
2018/12/16,UTTAR PRADESH,JHANSI,1.39,-,10.07,5.289632978,2018,Dec,16
2018/12/16,UTTAR PRADESH,SIDDHARTH NAGAR,0.0,-,0.02,8.245166692,2018,Dec,16
2018/12/16,UTTAR PRADESH,MEERUT,1.25,-,8.63,8.047198499,2018,Dec,16
2018/12/16,UTTAR PRADESH,PILIBHIT,1.63,-,12.01,9.194923836,2018,Dec,16
2018/12/16,UTTAR PRADESH,SHAHJAHANPUR,0.39,-,3.34,7.828419839,2018,Dec,16
2018/12/16,UTTAR PRADESH,KANPUR DEHAT,0.53,-,3.27,5.611660484,2018,Dec,16
2018/12/16,UTTAR PRADESH,FIROZABAD,0.86,-,6.99,6.922739702,2018,Dec,16
2018/12/16,UTTAR PRADESH,AYODHYA,0.59,-,3.63,8.557399339,2018,Dec,16
2018/12/16,UTTAR PRADESH,KUSHINAGAR,0.06,-,0.54,10.88897622,2018,Dec,16
2018/12/16,UTTAR PRADESH,JALAUN,0.05,-,0.32,10.03979223,2018,Dec,16
2018/12/16,UTTAR PRADESH,GHAZIABAD,1.78,-,11.75,7.466028283,2018,Dec,16
2018/12/16,UTTAR PRADESH,ETAH,0.0,-,0.0,8.640567889,2018,Dec,16
2018/12/16,UTTAR PRADESH,BALLIA,0.01,-,0.06,7.099702127,2018,Dec,16
2018/12/16,UTTAR PRADESH,UNNAO,0.53,-,4.24,5.717878671,2018,Dec,16
2018/12/16,UTTAR PRADESH,MAU,0.16,-,0.93,7.559143646,2018,Dec,16
2018/12/16,UTTAR PRADESH,SITAPUR,0.54,-,3.96,7.286973581,2018,Dec,16
2018/12/16,UTTAR PRADESH,PRAYAGRAJ,1.2,-,10.75,6.408498076,2018,Dec,16
2018/12/16,UTTAR PRADESH,BAREILLY,0.86,-,6.25,7.585269372,2018,Dec,16
2018/12/16,UTTAR PRADESH,SHRAWASTI,0.1,-,0.88,10.82601763,2018,Dec,16
2018/12/16,UTTAR PRADESH,SULTANPUR,0.1,-,0.64,9.909626671,2018,Dec,16
2018/12/16,UTTAR PRADESH,GONDA,0.83,-,5.32,8.458819012,2018,Dec,16
2018/12/16,UTTAR PRADESH,GAUTAM BUDDHA NAGAR,1.83,-,11.97,8.172417603,2018,Dec,16
2018/12/16,UTTAR PRADESH,KANSIRAM NAGAR,1.65,-,13.92,7.569494467,2018,Dec,16
2018/12/16,UTTAR PRADESH,MAHARAJGANJ,0.11,-,1.05,11.11527424,2018,Dec,16
2018/12/16,UTTAR PRADESH,MAINPURI,0.1,-,0.96,6.478250844,2018,Dec,16
2018/12/16,UTTAR PRADESH,VARANASI,0.28,-,2.19,7.996904013,2018,Dec,16
2018/12/16,UTTAR PRADESH,AURAIYA,0.63,-,4.58,5.960140431,2018,Dec,16
2018/12/15,UTTAR PRADESH,FARRUKHABAD,1.3,-,9.55,6.15086374,2018,Dec,15
2018/12/15,UTTAR PRADESH,LUCKNOW,1.42,-,9.49,6.26195117,2018,Dec,15
2018/12/15,UTTAR PRADESH,KHERI,1.84,-,13.01,8.656500436,2018,Dec,15
2018/12/15,UTTAR PRADESH,CHANDAULI,0.47,-,4.04,9.268129699,2018,Dec,15
2018/12/15,UTTAR PRADESH,AMBEDKAR NAGAR,0.24,-,1.4,9.25199639,2018,Dec,15
2018/12/15,UTTAR PRADESH,BUDAUN,1.36,-,11.68,6.145212663,2018,Dec,15
2018/12/15,UTTAR PRADESH,BALRAMPUR,0.81,-,5.6,8.847633955,2018,Dec,15
2018/12/15,UTTAR PRADESH,BASTI,0.56,-,3.4,7.625695318,2018,Dec,15
2018/12/15,UTTAR PRADESH,RAMPUR,0.56,-,3.96,8.696194438,2018,Dec,15
2018/12/15,UTTAR PRADESH,MIRZAPUR,1.06,-,9.13,6.511529109,2018,Dec,15
2018/12/15,UTTAR PRADESH,JYOTIBA PHULE NAGAR,1.56,-,14.69,7.065103721,2018,Dec,15
2018/12/15,UTTAR PRADESH,LALITPUR,1.78,-,11.99,3.733806267,2018,Dec,15
2018/12/15,UTTAR PRADESH,MAHAMAYA NAGAR,0.05,-,0.31,9.980947843,2018,Dec,15
2018/12/15,UTTAR PRADESH,MATHURA,0.17,-,1.11,9.912039032,2018,Dec,15
2018/12/15,UTTAR PRADESH,MAHOBA,0.48,-,3.4,2.394060446,2018,Dec,15
2018/12/15,UTTAR PRADESH,CHITRAKOOT,1.13,-,10.01,6.102169309,2018,Dec,15
2018/12/15,UTTAR PRADESH,SAHARANPUR,1.79,-,13.21,12.96835906,2018,Dec,15
2018/12/15,UTTAR PRADESH,KANNAUJ,0.96,-,7.07,6.581263687,2018,Dec,15
2018/12/15,UTTAR PRADESH,SANT KABIR NAGAR,0.03,-,0.2,8.062465881,2018,Dec,15
2018/12/15,UTTAR PRADESH,SONBHADRA,0.99,-,6.7,14.25199085,2018,Dec,15
2018/12/15,UTTAR PRADESH,FATEHPUR,1.5,-,11.74,4.249986614,2018,Dec,15
2018/12/15,UTTAR PRADESH,BARA BANKI,0.28,-,1.7,8.320255315,2018,Dec,15
2018/12/15,UTTAR PRADESH,AZAMGARH,0.2,-,1.23,7.480753351,2018,Dec,15
2018/12/15,UTTAR PRADESH,BAGHPAT,1.03,-,6.88,8.186579902,2018,Dec,15
2018/12/15,UTTAR PRADESH,ALIGARH,0.44,-,3.13,11.75022468,2018,Dec,15
2018/12/15,UTTAR PRADESH,HARDOI,0.41,-,3.17,7.271534354,2018,Dec,15
2018/12/15,UTTAR PRADESH,RAE BARELI,0.86,-,7.11,6.628561625,2018,Dec,15
2018/12/15,UTTAR PRADESH,GHAZIPUR,0.63,-,5.21,7.157867622,2018,Dec,15
2018/12/15,UTTAR PRADESH,KAUSHAMBI,1.74,-,13.49,4.677730514,2018,Dec,15
2018/12/15,UTTAR PRADESH,BULANDSHAHR,0.44,-,3.18,8.84671123,2018,Dec,15
2018/12/15,UTTAR PRADESH,DEORIA,0.08,-,0.46,10.02602185,2018,Dec,15
2018/12/15,UTTAR PRADESH,BAHRAICH,1.04,-,8.72,8.203522665,2018,Dec,15
2018/12/15,UTTAR PRADESH,GORAKHPUR,0.5,-,3.24,8.263691045,2018,Dec,15
2018/12/15,UTTAR PRADESH,BIJNOR,1.48,-,12.02,9.946134714,2018,Dec,15
2018/12/15,UTTAR PRADESH,BANDA,0.67,-,5.44,5.051386721,2018,Dec,15
2018/12/15,UTTAR PRADESH,MUZAFFARNAGAR,0.53,-,4.3,10.80106646,2018,Dec,15
2018/12/15,UTTAR PRADESH,SANT RAVI DAS NAGAR(BHADOHI),0.8,-,5.81,6.528275842,2018,Dec,15
2018/12/15,UTTAR PRADESH,HAMIRPUR,0.07,-,0.48,5.785200474,2018,Dec,15
2018/12/15,UTTAR PRADESH,PRATAPGARH,0.16,-,1.39,8.149743823,2018,Dec,15
2018/12/15,UTTAR PRADESH,ETAWAH,0.72,-,5.31,7.023143615,2018,Dec,15
2018/12/15,UTTAR PRADESH,MORADABAD,0.83,-,6.48,8.126832493,2018,Dec,15
2018/12/15,UTTAR PRADESH,AGRA,0.86,-,6.73,7.940105763,2018,Dec,15
2018/12/15,UTTAR PRADESH,JAUNPUR,0.17,-,1.5,7.019806161,2018,Dec,15
2018/12/15,UTTAR PRADESH,KANPUR NAGAR,0.66,-,4.28,5.052917729,2018,Dec,15
2018/12/15,UTTAR PRADESH,JHANSI,1.4,-,10.16,5.423919798,2018,Dec,15
2018/12/15,UTTAR PRADESH,SIDDHARTH NAGAR,0.0,-,0.02,8.507739538,2018,Dec,15
2018/12/15,UTTAR PRADESH,MEERUT,1.25,-,8.65,8.254211885,2018,Dec,15
2018/12/15,UTTAR PRADESH,PILIBHIT,1.65,-,12.11,9.351576247,2018,Dec,15
2018/12/15,UTTAR PRADESH,SHAHJAHANPUR,0.39,-,3.36,8.044358073,2018,Dec,15
2018/12/15,UTTAR PRADESH,KANPUR DEHAT,0.53,-,3.3,5.795917714,2018,Dec,15
2018/12/15,UTTAR PRADESH,FIROZABAD,0.87,-,7.04,7.113324542,2018,Dec,15
2018/12/15,UTTAR PRADESH,AYODHYA,0.59,-,3.65,8.782380825,2018,Dec,15
2018/12/15,UTTAR PRADESH,KUSHINAGAR,0.06,-,0.56,11.18576747,2018,Dec,15
2018/12/15,UTTAR PRADESH,JALAUN,0.05,-,0.32,10.30982068,2018,Dec,15
2018/12/15,UTTAR PRADESH,GHAZIABAD,1.79,-,11.81,7.66527843,2018,Dec,15
2018/12/15,UTTAR PRADESH,ETAH,0.0,-,0.0,8.909792841,2018,Dec,15
2018/12/15,UTTAR PRADESH,BALLIA,0.01,-,0.06,7.266852053,2018,Dec,15
2018/12/15,UTTAR PRADESH,UNNAO,0.53,-,4.26,5.898931326,2018,Dec,15
2018/12/15,UTTAR PRADESH,MAU,0.16,-,0.93,7.759886422,2018,Dec,15
2018/12/15,UTTAR PRADESH,SITAPUR,0.54,-,3.98,7.475942986,2018,Dec,15
2018/12/15,UTTAR PRADESH,PRAYAGRAJ,1.21,-,10.81,6.588766054,2018,Dec,15
2018/12/15,UTTAR PRADESH,BAREILLY,0.86,-,6.29,7.811774306,2018,Dec,15
2018/12/15,UTTAR PRADESH,SHRAWASTI,0.1,-,0.89,11.08036652,2018,Dec,15
2018/12/15,UTTAR PRADESH,SULTANPUR,0.1,-,0.65,10.18422863,2018,Dec,15
2018/12/15,UTTAR PRADESH,GONDA,0.84,-,5.37,8.658577994,2018,Dec,15
2018/12/15,UTTAR PRADESH,GAUTAM BUDDHA NAGAR,1.83,-,11.99,8.399805804,2018,Dec,15
2018/12/15,UTTAR PRADESH,KANSIRAM NAGAR,1.65,-,13.97,7.793390058,2018,Dec,15
2018/12/15,UTTAR PRADESH,MAHARAJGANJ,0.12,-,1.11,11.36518537,2018,Dec,15
2018/12/15,UTTAR PRADESH,MAINPURI,0.1,-,0.98,6.685675363,2018,Dec,15
2018/12/15,UTTAR PRADESH,VARANASI,0.28,-,2.2,8.2239426,2018,Dec,15
2018/12/15,UTTAR PRADESH,AURAIYA,0.64,-,4.64,6.131715651,2018,Dec,15
2018/12/14,UTTAR PRADESH,FARRUKHABAD,1.3,-,9.58,6.318779685,2018,Dec,14
2018/12/14,UTTAR PRADESH,LUCKNOW,1.43,-,9.57,6.40352861,2018,Dec,14
2018/12/14,UTTAR PRADESH,KHERI,1.86,-,13.11,8.829873875,2018,Dec,14
2018/12/14,UTTAR PRADESH,CHANDAULI,0.47,-,4.09,9.395221858,2018,Dec,14
2018/12/14,UTTAR PRADESH,AMBEDKAR NAGAR,0.24,-,1.42,9.513714051,2018,Dec,14
2018/12/14,UTTAR PRADESH,BUDAUN,1.36,-,11.71,6.327273058,2018,Dec,14
2018/12/14,UTTAR PRADESH,BALRAMPUR,0.83,-,5.71,8.982156036,2018,Dec,14
2018/12/14,UTTAR PRADESH,BASTI,0.57,-,3.41,7.849656434,2018,Dec,14
2018/12/14,UTTAR PRADESH,RAMPUR,0.57,-,3.99,8.903190949,2018,Dec,14
2018/12/14,UTTAR PRADESH,MIRZAPUR,1.07,-,9.19,6.626152498,2018,Dec,14
2018/12/14,UTTAR PRADESH,JYOTIBA PHULE NAGAR,1.57,-,14.75,7.249662051,2018,Dec,14
2018/12/14,UTTAR PRADESH,LALITPUR,1.79,-,12.07,3.807830131,2018,Dec,14
2018/12/14,UTTAR PRADESH,MAHAMAYA NAGAR,0.05,-,0.32,10.29161071,2018,Dec,14
2018/12/14,UTTAR PRADESH,MATHURA,0.17,-,1.13,10.2202186,2018,Dec,14
2018/12/14,UTTAR PRADESH,MAHOBA,0.48,-,3.43,2.444848077,2018,Dec,14
2018/12/14,UTTAR PRADESH,CHITRAKOOT,1.14,-,10.06,6.196510811,2018,Dec,14
2018/12/14,UTTAR PRADESH,SAHARANPUR,1.8,-,13.27,13.19555405,2018,Dec,14
2018/12/14,UTTAR PRADESH,KANNAUJ,0.96,-,7.11,6.764203285,2018,Dec,14
2018/12/14,UTTAR PRADESH,SANT KABIR NAGAR,0.03,-,0.2,8.311757313,2018,Dec,14
2018/12/14,UTTAR PRADESH,SONBHADRA,1.01,-,6.84,14.46354624,2018,Dec,14
2018/12/14,UTTAR PRADESH,FATEHPUR,1.51,-,11.79,4.368438627,2018,Dec,14
2018/12/14,UTTAR PRADESH,BARA BANKI,0.28,-,1.71,8.549086857,2018,Dec,14
2018/12/14,UTTAR PRADESH,AZAMGARH,0.2,-,1.25,7.698006908,2018,Dec,14
2018/12/14,UTTAR PRADESH,BAGHPAT,1.03,-,6.9,8.404269299,2018,Dec,14
2018/12/14,UTTAR PRADESH,ALIGARH,0.45,-,3.14,12.09586439,2018,Dec,14
2018/12/14,UTTAR PRADESH,HARDOI,0.41,-,3.21,7.482725875,2018,Dec,14
2018/12/14,UTTAR PRADESH,RAE BARELI,0.87,-,7.17,6.798452667,2018,Dec,14
2018/12/14,UTTAR PRADESH,GHAZIPUR,0.64,-,5.25,7.355946671,2018,Dec,14
2018/12/14,UTTAR PRADESH,KAUSHAMBI,1.75,-,13.59,4.804105167,2018,Dec,14
2018/12/14,UTTAR PRADESH,BULANDSHAHR,0.44,-,3.19,9.10530261,2018,Dec,14
2018/12/14,UTTAR PRADESH,DEORIA,0.08,-,0.46,10.34800537,2018,Dec,14
2018/12/14,UTTAR PRADESH,BAHRAICH,1.05,-,8.78,8.392384935,2018,Dec,14
2018/12/14,UTTAR PRADESH,GORAKHPUR,0.5,-,3.25,8.514600064,2018,Dec,14
2018/12/14,UTTAR PRADESH,BIJNOR,1.48,-,12.06,10.15484431,2018,Dec,14
2018/12/14,UTTAR PRADESH,BANDA,0.67,-,5.46,5.184949002,2018,Dec,14
2018/12/14,UTTAR PRADESH,MUZAFFARNAGAR,0.53,-,4.35,11.07266778,2018,Dec,14
2018/12/14,UTTAR PRADESH,SANT RAVI DAS NAGAR(BHADOHI),0.81,-,5.86,6.715374012,2018,Dec,14
2018/12/14,UTTAR PRADESH,HAMIRPUR,0.07,-,0.48,5.937519617,2018,Dec,14
2018/12/14,UTTAR PRADESH,PRATAPGARH,0.17,-,1.4,8.338095377,2018,Dec,14
2018/12/14,UTTAR PRADESH,ETAWAH,0.73,-,5.4,7.175654287,2018,Dec,14
2018/12/14,UTTAR PRADESH,MORADABAD,0.83,-,6.52,8.329953535,2018,Dec,14
2018/12/14,UTTAR PRADESH,AGRA,0.88,-,6.81,8.166557448,2018,Dec,14
2018/12/14,UTTAR PRADESH,JAUNPUR,0.17,-,1.5,7.20807589,2018,Dec,14
2018/12/14,UTTAR PRADESH,KANPUR NAGAR,0.67,-,4.31,5.207479633,2018,Dec,14
2018/12/14,UTTAR PRADESH,JHANSI,1.41,-,10.23,5.549914583,2018,Dec,14
2018/12/14,UTTAR PRADESH,SIDDHARTH NAGAR,0.0,-,0.02,8.771175041,2018,Dec,14
2018/12/14,UTTAR PRADESH,MEERUT,1.25,-,8.67,8.453229296,2018,Dec,14
2018/12/14,UTTAR PRADESH,PILIBHIT,1.66,-,12.2,9.523420724,2018,Dec,14
2018/12/14,UTTAR PRADESH,SHAHJAHANPUR,0.39,-,3.37,8.262472444,2018,Dec,14
2018/12/14,UTTAR PRADESH,KANPUR DEHAT,0.54,-,3.33,5.971160599,2018,Dec,14
2018/12/14,UTTAR PRADESH,FIROZABAD,0.87,-,7.08,7.327491587,2018,Dec,14
2018/12/14,UTTAR PRADESH,AYODHYA,0.6,-,3.68,9.008874722,2018,Dec,14
2018/12/14,UTTAR PRADESH,KUSHINAGAR,0.06,-,0.57,11.50096165,2018,Dec,14
2018/12/14,UTTAR PRADESH,JALAUN,0.06,-,0.33,10.58386069,2018,Dec,14
2018/12/14,UTTAR PRADESH,GHAZIABAD,1.8,-,11.84,7.868856728,2018,Dec,14
2018/12/14,UTTAR PRADESH,ETAH,0.0,-,0.0,9.181187086,2018,Dec,14
2018/12/14,UTTAR PRADESH,BALLIA,0.01,-,0.06,7.4691254,2018,Dec,14
2018/12/14,UTTAR PRADESH,UNNAO,0.54,-,4.29,6.065045772,2018,Dec,14
2018/12/14,UTTAR PRADESH,MAU,0.16,-,0.94,7.979096483,2018,Dec,14
2018/12/14,UTTAR PRADESH,SITAPUR,0.55,-,4.01,7.670087029,2018,Dec,14
2018/12/14,UTTAR PRADESH,PRAYAGRAJ,1.21,-,10.86,6.762511979,2018,Dec,14
2018/12/14,UTTAR PRADESH,BAREILLY,0.87,-,6.32,8.039179144,2018,Dec,14
2018/12/14,UTTAR PRADESH,SHRAWASTI,0.11,-,0.93,11.33986662,2018,Dec,14
2018/12/14,UTTAR PRADESH,SULTANPUR,0.1,-,0.66,10.43324229,2018,Dec,14
2018/12/14,UTTAR PRADESH,GONDA,0.85,-,5.44,8.85544961,2018,Dec,14
2018/12/14,UTTAR PRADESH,GAUTAM BUDDHA NAGAR,1.84,-,12.06,8.638014197,2018,Dec,14
2018/12/14,UTTAR PRADESH,KANSIRAM NAGAR,1.66,-,14.0,8.026118801,2018,Dec,14
2018/12/14,UTTAR PRADESH,MAHARAJGANJ,0.13,-,1.17,11.62729305,2018,Dec,14
2018/12/14,UTTAR PRADESH,MAINPURI,0.1,-,0.98,6.895929336,2018,Dec,14
2018/12/14,UTTAR PRADESH,VARANASI,0.29,-,2.26,8.455556514,2018,Dec,14
2018/12/14,UTTAR PRADESH,AURAIYA,0.64,-,4.66,6.291029413,2018,Dec,14
2018/12/13,UTTAR PRADESH,FARRUKHABAD,1.31,-,9.62,6.511370334,2018,Dec,13
2018/12/13,UTTAR PRADESH,LUCKNOW,1.44,-,9.68,6.566619131,2018,Dec,13
2018/12/13,UTTAR PRADESH,KHERI,1.87,-,13.22,9.012407047,2018,Dec,13
2018/12/13,UTTAR PRADESH,CHANDAULI,0.48,-,4.12,9.530752795,2018,Dec,13
2018/12/13,UTTAR PRADESH,AMBEDKAR NAGAR,0.24,-,1.43,9.815561781,2018,Dec,13
2018/12/13,UTTAR PRADESH,BUDAUN,1.36,-,11.74,6.518449714,2018,Dec,13
2018/12/13,UTTAR PRADESH,BALRAMPUR,0.85,-,5.85,9.121160559,2018,Dec,13
2018/12/13,UTTAR PRADESH,BASTI,0.57,-,3.45,8.098501359,2018,Dec,13
2018/12/13,UTTAR PRADESH,RAMPUR,0.57,-,4.02,9.103330149,2018,Dec,13
2018/12/13,UTTAR PRADESH,MIRZAPUR,1.07,-,9.25,6.744682132,2018,Dec,13
2018/12/13,UTTAR PRADESH,JYOTIBA PHULE NAGAR,1.57,-,14.78,7.433920158,2018,Dec,13
2018/12/13,UTTAR PRADESH,LALITPUR,1.8,-,12.14,3.88404947,2018,Dec,13
2018/12/13,UTTAR PRADESH,MAHAMAYA NAGAR,0.05,-,0.32,10.60227789,2018,Dec,13
2018/12/13,UTTAR PRADESH,MATHURA,0.17,-,1.14,10.51450487,2018,Dec,13
2018/12/13,UTTAR PRADESH,MAHOBA,0.49,-,3.51,2.510017365,2018,Dec,13
2018/12/13,UTTAR PRADESH,CHITRAKOOT,1.14,-,10.11,6.307270469,2018,Dec,13
2018/12/13,UTTAR PRADESH,SAHARANPUR,1.81,-,13.32,13.42898982,2018,Dec,13
2018/12/13,UTTAR PRADESH,KANNAUJ,0.97,-,7.14,6.96829116,2018,Dec,13
2018/12/13,UTTAR PRADESH,SANT KABIR NAGAR,0.03,-,0.21,8.582251893,2018,Dec,13
2018/12/13,UTTAR PRADESH,SONBHADRA,1.04,-,7.01,14.70498253,2018,Dec,13
2018/12/13,UTTAR PRADESH,FATEHPUR,1.52,-,11.86,4.513136519,2018,Dec,13
2018/12/13,UTTAR PRADESH,BARA BANKI,0.28,-,1.72,8.797946833,2018,Dec,13
2018/12/13,UTTAR PRADESH,AZAMGARH,0.2,-,1.25,7.943629971,2018,Dec,13
2018/12/13,UTTAR PRADESH,BAGHPAT,1.04,-,6.96,8.620580991,2018,Dec,13
2018/12/13,UTTAR PRADESH,ALIGARH,0.45,-,3.15,12.43898043,2018,Dec,13
2018/12/13,UTTAR PRADESH,HARDOI,0.42,-,3.23,7.707663578,2018,Dec,13
2018/12/13,UTTAR PRADESH,RAE BARELI,0.87,-,7.22,7.008577801,2018,Dec,13
2018/12/13,UTTAR PRADESH,GHAZIPUR,0.64,-,5.27,7.56521545,2018,Dec,13
2018/12/13,UTTAR PRADESH,KAUSHAMBI,1.76,-,13.68,4.946565766,2018,Dec,13
2018/12/13,UTTAR PRADESH,BULANDSHAHR,0.45,-,3.2,9.365573686,2018,Dec,13
2018/12/13,UTTAR PRADESH,DEORIA,0.08,-,0.46,10.68417046,2018,Dec,13
2018/12/13,UTTAR PRADESH,BAHRAICH,1.06,-,8.88,8.603173923,2018,Dec,13
2018/12/13,UTTAR PRADESH,GORAKHPUR,0.5,-,3.27,8.779633637,2018,Dec,13
2018/12/13,UTTAR PRADESH,BIJNOR,1.49,-,12.08,10.37712803,2018,Dec,13
2018/12/13,UTTAR PRADESH,BANDA,0.67,-,5.48,5.349960789,2018,Dec,13
2018/12/13,UTTAR PRADESH,MUZAFFARNAGAR,0.54,-,4.39,11.33662741,2018,Dec,13
2018/12/13,UTTAR PRADESH,SANT RAVI DAS NAGAR(BHADOHI),0.81,-,5.92,6.89774867,2018,Dec,13
2018/12/13,UTTAR PRADESH,HAMIRPUR,0.07,-,0.5,6.105711078,2018,Dec,13
2018/12/13,UTTAR PRADESH,PRATAPGARH,0.17,-,1.41,8.570122703,2018,Dec,13
2018/12/13,UTTAR PRADESH,ETAWAH,0.75,-,5.5,7.334468092,2018,Dec,13
2018/12/13,UTTAR PRADESH,MORADABAD,0.84,-,6.55,8.541106697,2018,Dec,13
2018/12/13,UTTAR PRADESH,AGRA,0.89,-,6.89,8.37939897,2018,Dec,13
2018/12/13,UTTAR PRADESH,JAUNPUR,0.17,-,1.5,7.421000855,2018,Dec,13
2018/12/13,UTTAR PRADESH,KANPUR NAGAR,0.67,-,4.34,5.374196411,2018,Dec,13
2018/12/13,UTTAR PRADESH,JHANSI,1.42,-,10.32,5.676339087,2018,Dec,13
2018/12/13,UTTAR PRADESH,SIDDHARTH NAGAR,0.0,-,0.02,9.040609761,2018,Dec,13
2018/12/13,UTTAR PRADESH,MEERUT,1.26,-,8.71,8.647511556,2018,Dec,13
2018/12/13,UTTAR PRADESH,PILIBHIT,1.68,-,12.31,9.696880291,2018,Dec,13
2018/12/13,UTTAR PRADESH,SHAHJAHANPUR,0.4,-,3.39,8.483109561,2018,Dec,13
2018/12/13,UTTAR PRADESH,KANPUR DEHAT,0.54,-,3.35,6.155963332,2018,Dec,13
2018/12/13,UTTAR PRADESH,FIROZABAD,0.89,-,7.16,7.545502118,2018,Dec,13
2018/12/13,UTTAR PRADESH,AYODHYA,0.6,-,3.71,9.275989053,2018,Dec,13
2018/12/13,UTTAR PRADESH,KUSHINAGAR,0.06,-,0.59,11.83185734,2018,Dec,13
2018/12/13,UTTAR PRADESH,JALAUN,0.06,-,0.33,10.84868294,2018,Dec,13
2018/12/13,UTTAR PRADESH,GHAZIABAD,1.81,-,11.9,8.071480849,2018,Dec,13
2018/12/13,UTTAR PRADESH,ETAH,0.0,-,0.0,9.468307342,2018,Dec,13
2018/12/13,UTTAR PRADESH,BALLIA,0.01,-,0.06,7.690904869,2018,Dec,13
2018/12/13,UTTAR PRADESH,UNNAO,0.54,-,4.32,6.246722138,2018,Dec,13
2018/12/13,UTTAR PRADESH,MAU,0.16,-,0.95,8.218937314,2018,Dec,13
2018/12/13,UTTAR PRADESH,SITAPUR,0.55,-,4.04,7.872100375,2018,Dec,13
2018/12/13,UTTAR PRADESH,PRAYAGRAJ,1.22,-,10.91,6.94326082,2018,Dec,13
2018/12/13,UTTAR PRADESH,BAREILLY,0.87,-,6.35,8.26676085,2018,Dec,13
2018/12/13,UTTAR PRADESH,SHRAWASTI,0.11,-,0.95,11.60630999,2018,Dec,13
2018/12/13,UTTAR PRADESH,SULTANPUR,0.1,-,0.66,10.75146605,2018,Dec,13
2018/12/13,UTTAR PRADESH,GONDA,0.86,-,5.5,9.066028427,2018,Dec,13
2018/12/13,UTTAR PRADESH,GAUTAM BUDDHA NAGAR,1.85,-,12.07,8.865910249,2018,Dec,13
2018/12/13,UTTAR PRADESH,KANSIRAM NAGAR,1.66,-,14.0,8.262627344,2018,Dec,13
2018/12/13,UTTAR PRADESH,MAHARAJGANJ,0.13,-,1.23,11.89776675,2018,Dec,13
2018/12/13,UTTAR PRADESH,MAINPURI,0.1,-,0.98,7.119287507,2018,Dec,13
2018/12/13,UTTAR PRADESH,VARANASI,0.29,-,2.27,8.680869726,2018,Dec,13
2018/12/13,UTTAR PRADESH,AURAIYA,0.64,-,4.71,6.467157805,2018,Dec,13
2018/12/12,UTTAR PRADESH,FARRUKHABAD,1.32,-,9.65,6.718358017,2018,Dec,12
2018/12/12,UTTAR PRADESH,LUCKNOW,1.47,-,9.87,6.721335169,2018,Dec,12
2018/12/12,UTTAR PRADESH,KHERI,1.89,-,13.3,8.175579028,2018,Dec,12
2018/12/12,UTTAR PRADESH,CHANDAULI,0.48,-,4.14,9.70203817,2018,Dec,12
2018/12/12,UTTAR PRADESH,AMBEDKAR NAGAR,0.25,-,1.44,10.13377541,2018,Dec,12
2018/12/12,UTTAR PRADESH,BUDAUN,1.37,-,11.78,6.719185397,2018,Dec,12
2018/12/12,UTTAR PRADESH,BALRAMPUR,0.86,-,5.93,9.218242312,2018,Dec,12
2018/12/12,UTTAR PRADESH,BASTI,0.57,-,3.46,8.346717595,2018,Dec,12
2018/12/12,UTTAR PRADESH,RAMPUR,0.58,-,4.06,9.304041117,2018,Dec,12
2018/12/12,UTTAR PRADESH,MIRZAPUR,1.08,-,9.31,6.902653921,2018,Dec,12
2018/12/12,UTTAR PRADESH,JYOTIBA PHULE NAGAR,1.58,-,14.83,7.629602902,2018,Dec,12
2018/12/12,UTTAR PRADESH,LALITPUR,1.82,-,12.26,3.975365501,2018,Dec,12
2018/12/12,UTTAR PRADESH,MAHAMAYA NAGAR,0.05,-,0.33,10.94155096,2018,Dec,12
2018/12/12,UTTAR PRADESH,MATHURA,0.17,-,1.15,10.84561421,2018,Dec,12
2018/12/12,UTTAR PRADESH,MAHOBA,0.5,-,3.55,2.56486332,2018,Dec,12
2018/12/12,UTTAR PRADESH,CHITRAKOOT,1.15,-,10.17,6.445707566,2018,Dec,12
2018/12/12,UTTAR PRADESH,SAHARANPUR,1.81,-,13.36,13.62126235,2018,Dec,12
2018/12/12,UTTAR PRADESH,KANNAUJ,0.97,-,7.17,7.197412576,2018,Dec,12
2018/12/12,UTTAR PRADESH,SANT KABIR NAGAR,0.03,-,0.21,8.859018986,2018,Dec,12
2018/12/12,UTTAR PRADESH,SONBHADRA,1.07,-,7.2,15.00565673,2018,Dec,12
2018/12/12,UTTAR PRADESH,FATEHPUR,1.53,-,11.92,4.685241159,2018,Dec,12
2018/12/12,UTTAR PRADESH,BARA BANKI,0.29,-,1.73,8.994763781,2018,Dec,12
2018/12/12,UTTAR PRADESH,AZAMGARH,0.2,-,1.26,8.222825342,2018,Dec,12
2018/12/12,UTTAR PRADESH,BAGHPAT,1.05,-,7.01,8.473698431,2018,Dec,12
2018/12/12,UTTAR PRADESH,ALIGARH,0.45,-,3.16,12.81330256,2018,Dec,12
2018/12/12,UTTAR PRADESH,HARDOI,0.42,-,3.25,7.953762,2018,Dec,12
2018/12/12,UTTAR PRADESH,RAE BARELI,0.88,-,7.26,7.222550373,2018,Dec,12
2018/12/12,UTTAR PRADESH,GHAZIPUR,0.64,-,5.29,7.819099918,2018,Dec,12
2018/12/12,UTTAR PRADESH,KAUSHAMBI,1.78,-,13.78,5.13312259,2018,Dec,12
2018/12/12,UTTAR PRADESH,BULANDSHAHR,0.45,-,3.22,9.646235712,2018,Dec,12
2018/12/12,UTTAR PRADESH,DEORIA,0.08,-,0.46,11.04258787,2018,Dec,12
2018/12/12,UTTAR PRADESH,BAHRAICH,1.07,-,8.92,8.672373281,2018,Dec,12
2018/12/12,UTTAR PRADESH,GORAKHPUR,0.51,-,3.29,9.056341331,2018,Dec,12
2018/12/12,UTTAR PRADESH,BIJNOR,1.47,-,11.94,10.23202841,2018,Dec,12
2018/12/12,UTTAR PRADESH,BANDA,0.68,-,5.52,5.541109758,2018,Dec,12
2018/12/12,UTTAR PRADESH,MUZAFFARNAGAR,0.54,-,4.4,11.60937393,2018,Dec,12
2018/12/12,UTTAR PRADESH,SANT RAVI DAS NAGAR(BHADOHI),0.82,-,5.97,7.14263766,2018,Dec,12
2018/12/12,UTTAR PRADESH,HAMIRPUR,0.07,-,0.5,6.285978806,2018,Dec,12
2018/12/12,UTTAR PRADESH,PRATAPGARH,0.17,-,1.42,8.841848795,2018,Dec,12
2018/12/12,UTTAR PRADESH,ETAWAH,0.76,-,5.58,7.520503242,2018,Dec,12
2018/12/12,UTTAR PRADESH,MORADABAD,0.84,-,6.58,8.68933641,2018,Dec,12
2018/12/12,UTTAR PRADESH,AGRA,0.9,-,6.97,8.6282802,2018,Dec,12
2018/12/12,UTTAR PRADESH,JAUNPUR,0.17,-,1.51,7.681297908,2018,Dec,12
2018/12/12,UTTAR PRADESH,KANPUR NAGAR,0.68,-,4.38,5.559223703,2018,Dec,12
2018/12/12,UTTAR PRADESH,JHANSI,1.44,-,10.44,5.830301652,2018,Dec,12
2018/12/12,UTTAR PRADESH,SIDDHARTH NAGAR,0.0,-,0.02,9.295796486,2018,Dec,12
2018/12/12,UTTAR PRADESH,MEERUT,1.26,-,8.72,8.825047174,2018,Dec,12
2018/12/12,UTTAR PRADESH,PILIBHIT,1.69,-,12.42,9.681180131,2018,Dec,12
2018/12/12,UTTAR PRADESH,SHAHJAHANPUR,0.4,-,3.4,8.717529794,2018,Dec,12
2018/12/12,UTTAR PRADESH,KANPUR DEHAT,0.55,-,3.38,6.36287683,2018,Dec,12
2018/12/12,UTTAR PRADESH,FIROZABAD,0.89,-,7.21,7.794810056,2018,Dec,12
2018/12/12,UTTAR PRADESH,AYODHYA,0.61,-,3.73,9.5280751,2018,Dec,12
2018/12/12,UTTAR PRADESH,KUSHINAGAR,0.07,-,0.6,12.17692052,2018,Dec,12
2018/12/12,UTTAR PRADESH,JALAUN,0.06,-,0.34,11.15992864,2018,Dec,12
2018/12/12,UTTAR PRADESH,GHAZIABAD,1.82,-,11.95,8.166990967,2018,Dec,12
2018/12/12,UTTAR PRADESH,ETAH,0.0,-,0.0,9.781900764,2018,Dec,12
2018/12/12,UTTAR PRADESH,BALLIA,0.01,-,0.07,7.937778509,2018,Dec,12
2018/12/12,UTTAR PRADESH,UNNAO,0.55,-,4.35,6.446702616,2018,Dec,12
2018/12/12,UTTAR PRADESH,MAU,0.16,-,0.95,8.504905396,2018,Dec,12
2018/12/12,UTTAR PRADESH,SITAPUR,0.56,-,4.06,8.073463058,2018,Dec,12
2018/12/12,UTTAR PRADESH,PRAYAGRAJ,1.22,-,10.94,7.180764422,2018,Dec,12
2018/12/12,UTTAR PRADESH,BAREILLY,0.88,-,6.39,8.505226299,2018,Dec,12
2018/12/12,UTTAR PRADESH,SHRAWASTI,0.11,-,0.97,11.78512742,2018,Dec,12
2018/12/12,UTTAR PRADESH,SULTANPUR,0.1,-,0.67,11.0649898,2018,Dec,12
2018/12/12,UTTAR PRADESH,GONDA,0.87,-,5.58,9.246091733,2018,Dec,12
2018/12/12,UTTAR PRADESH,GAUTAM BUDDHA NAGAR,1.86,-,12.13,9.093509892,2018,Dec,12
2018/12/12,UTTAR PRADESH,KANSIRAM NAGAR,1.66,-,14.04,8.508587731,2018,Dec,12
2018/12/12,UTTAR PRADESH,MAHARAJGANJ,0.14,-,1.32,12.17116685,2018,Dec,12
2018/12/12,UTTAR PRADESH,MAINPURI,0.1,-,0.98,7.37454561,2018,Dec,12
2018/12/12,UTTAR PRADESH,VARANASI,0.29,-,2.31,8.989275556,2018,Dec,12
2018/12/12,UTTAR PRADESH,AURAIYA,0.65,-,4.75,6.665149965,2018,Dec,12
2018/12/11,UTTAR PRADESH,FARRUKHABAD,1.32,-,9.69,6.799500748,2018,Dec,11
2018/12/11,UTTAR PRADESH,LUCKNOW,1.48,-,10.03,6.897231722,2018,Dec,11
2018/12/11,UTTAR PRADESH,KHERI,1.9,-,13.41,8.291341133,2018,Dec,11
2018/12/11,UTTAR PRADESH,CHANDAULI,0.49,-,4.18,9.869323932,2018,Dec,11
2018/12/11,UTTAR PRADESH,AMBEDKAR NAGAR,0.25,-,1.45,10.43401328,2018,Dec,11
2018/12/11,UTTAR PRADESH,BUDAUN,1.37,-,11.81,6.844134463,2018,Dec,11
2018/12/11,UTTAR PRADESH,BALRAMPUR,0.88,-,6.08,9.395266726,2018,Dec,11
2018/12/11,UTTAR PRADESH,BASTI,0.58,-,3.49,8.612033713,2018,Dec,11
2018/12/11,UTTAR PRADESH,RAMPUR,0.58,-,4.1,9.314286809,2018,Dec,11
2018/12/11,UTTAR PRADESH,MIRZAPUR,1.08,-,9.36,7.059653833,2018,Dec,11
2018/12/11,UTTAR PRADESH,JYOTIBA PHULE NAGAR,1.58,-,14.9,7.756119406,2018,Dec,11
2018/12/11,UTTAR PRADESH,LALITPUR,1.83,-,12.33,4.062317362,2018,Dec,11
2018/12/11,UTTAR PRADESH,MAHAMAYA NAGAR,0.05,-,0.33,10.3021955,2018,Dec,11
2018/12/11,UTTAR PRADESH,MATHURA,0.17,-,1.16,8.710660667,2018,Dec,11
2018/12/11,UTTAR PRADESH,MAHOBA,0.51,-,3.6,2.641322826,2018,Dec,11
2018/12/11,UTTAR PRADESH,CHITRAKOOT,1.15,-,10.22,6.597126082,2018,Dec,11
2018/12/11,UTTAR PRADESH,SAHARANPUR,1.81,-,13.37,11.04678345,2018,Dec,11
2018/12/11,UTTAR PRADESH,KANNAUJ,0.98,-,7.25,7.201553652,2018,Dec,11
2018/12/11,UTTAR PRADESH,SANT KABIR NAGAR,0.03,-,0.21,9.112169617,2018,Dec,11
2018/12/11,UTTAR PRADESH,SONBHADRA,1.11,-,7.43,15.36978967,2018,Dec,11
2018/12/11,UTTAR PRADESH,FATEHPUR,1.53,-,11.97,4.882784859,2018,Dec,11
2018/12/11,UTTAR PRADESH,BARA BANKI,0.29,-,1.75,9.304053973,2018,Dec,11
2018/12/11,UTTAR PRADESH,AZAMGARH,0.21,-,1.27,8.472868009,2018,Dec,11
2018/12/11,UTTAR PRADESH,BAGHPAT,1.05,-,7.04,8.067775752,2018,Dec,11
2018/12/11,UTTAR PRADESH,ALIGARH,0.45,-,3.17,9.76427051,2018,Dec,11
2018/12/11,UTTAR PRADESH,HARDOI,0.42,-,3.28,8.03623085,2018,Dec,11
2018/12/11,UTTAR PRADESH,RAE BARELI,0.88,-,7.3,7.504700875,2018,Dec,11
2018/12/11,UTTAR PRADESH,GHAZIPUR,0.65,-,5.33,8.063345235,2018,Dec,11
2018/12/11,UTTAR PRADESH,KAUSHAMBI,1.79,-,13.9,5.335430565,2018,Dec,11
2018/12/11,UTTAR PRADESH,BULANDSHAHR,0.45,-,3.23,8.621885912,2018,Dec,11
2018/12/11,UTTAR PRADESH,DEORIA,0.08,-,0.47,11.39323926,2018,Dec,11
2018/12/11,UTTAR PRADESH,BAHRAICH,1.07,-,9.02,8.904536898,2018,Dec,11
2018/12/11,UTTAR PRADESH,GORAKHPUR,0.51,-,3.31,9.311701656,2018,Dec,11
2018/12/11,UTTAR PRADESH,BIJNOR,1.48,-,11.99,10.18675128,2018,Dec,11
2018/12/11,UTTAR PRADESH,BANDA,0.68,-,5.53,5.761731873,2018,Dec,11
2018/12/11,UTTAR PRADESH,MUZAFFARNAGAR,0.54,-,4.42,9.280408819,2018,Dec,11
2018/12/11,UTTAR PRADESH,SANT RAVI DAS NAGAR(BHADOHI),0.83,-,5.99,7.392941685,2018,Dec,11
2018/12/11,UTTAR PRADESH,HAMIRPUR,0.07,-,0.5,6.492411905,2018,Dec,11
2018/12/11,UTTAR PRADESH,PRATAPGARH,0.17,-,1.43,9.14232074,2018,Dec,11
2018/12/11,UTTAR PRADESH,ETAWAH,0.77,-,5.66,7.566165508,2018,Dec,11
2018/12/11,UTTAR PRADESH,MORADABAD,0.84,-,6.61,8.817388536,2018,Dec,11
2018/12/11,UTTAR PRADESH,AGRA,0.91,-,7.05,7.967346628,2018,Dec,11
2018/12/11,UTTAR PRADESH,JAUNPUR,0.17,-,1.51,7.948329848,2018,Dec,11
2018/12/11,UTTAR PRADESH,KANPUR NAGAR,0.68,-,4.4,5.742911111,2018,Dec,11
2018/12/11,UTTAR PRADESH,JHANSI,1.45,-,10.51,5.963794442,2018,Dec,11
2018/12/11,UTTAR PRADESH,SIDDHARTH NAGAR,0.0,-,0.03,9.59655771,2018,Dec,11
2018/12/11,UTTAR PRADESH,MEERUT,1.27,-,8.76,8.848020833,2018,Dec,11
2018/12/11,UTTAR PRADESH,PILIBHIT,1.7,-,12.49,9.767688053,2018,Dec,11
2018/12/11,UTTAR PRADESH,SHAHJAHANPUR,0.4,-,3.41,8.861589982,2018,Dec,11
2018/12/11,UTTAR PRADESH,KANPUR DEHAT,0.55,-,3.41,6.528796322,2018,Dec,11
2018/12/11,UTTAR PRADESH,FIROZABAD,0.9,-,7.24,7.607530492,2018,Dec,11
2018/12/11,UTTAR PRADESH,AYODHYA,0.61,-,3.75,9.844023662,2018,Dec,11
2018/12/11,UTTAR PRADESH,KUSHINAGAR,0.07,-,0.61,12.51253893,2018,Dec,11
2018/12/11,UTTAR PRADESH,JALAUN,0.06,-,0.34,11.4173704,2018,Dec,11
2018/12/11,UTTAR PRADESH,GHAZIABAD,1.82,-,11.97,8.21639639,2018,Dec,11
2018/12/11,UTTAR PRADESH,ETAH,0.0,-,0.0,9.751373057,2018,Dec,11
2018/12/11,UTTAR PRADESH,BALLIA,0.01,-,0.07,8.160196354,2018,Dec,11
2018/12/11,UTTAR PRADESH,UNNAO,0.55,-,4.39,6.631176597,2018,Dec,11
2018/12/11,UTTAR PRADESH,MAU,0.17,-,0.97,8.754042171,2018,Dec,11
2018/12/11,UTTAR PRADESH,SITAPUR,0.56,-,4.09,8.256059612,2018,Dec,11
2018/12/11,UTTAR PRADESH,PRAYAGRAJ,1.23,-,11.0,7.43268649,2018,Dec,11
2018/12/11,UTTAR PRADESH,BAREILLY,0.88,-,6.41,8.519943051,2018,Dec,11
2018/12/11,UTTAR PRADESH,SHRAWASTI,0.11,-,0.99,12.10201481,2018,Dec,11
2018/12/11,UTTAR PRADESH,SULTANPUR,0.1,-,0.68,11.43756626,2018,Dec,11
2018/12/11,UTTAR PRADESH,GONDA,0.88,-,5.64,9.520861962,2018,Dec,11
2018/12/11,UTTAR PRADESH,GAUTAM BUDDHA NAGAR,1.86,-,12.17,7.941081602,2018,Dec,11
2018/12/11,UTTAR PRADESH,KANSIRAM NAGAR,1.66,-,14.08,8.49068192,2018,Dec,11
2018/12/11,UTTAR PRADESH,MAHARAJGANJ,0.15,-,1.39,12.45575167,2018,Dec,11
2018/12/11,UTTAR PRADESH,MAINPURI,0.11,-,0.99,7.502715326,2018,Dec,11
2018/12/11,UTTAR PRADESH,VARANASI,0.3,-,2.33,9.300169631,2018,Dec,11
2018/12/11,UTTAR PRADESH,AURAIYA,0.65,-,4.78,6.748870819,2018,Dec,11
2018/12/10,UTTAR PRADESH,FARRUKHABAD,1.32,-,9.73,7.002505192,2018,Dec,10
2018/12/10,UTTAR PRADESH,LUCKNOW,1.5,-,10.17,7.058860775,2018,Dec,10
2018/12/10,UTTAR PRADESH,KHERI,1.92,-,13.54,8.450495335,2018,Dec,10
2018/12/10,UTTAR PRADESH,CHANDAULI,0.49,-,4.21,10.02834309,2018,Dec,10
2018/12/10,UTTAR PRADESH,AMBEDKAR NAGAR,0.25,-,1.47,10.60982532,2018,Dec,10
2018/12/10,UTTAR PRADESH,BUDAUN,1.38,-,11.86,7.046650981,2018,Dec,10
2018/12/10,UTTAR PRADESH,BALRAMPUR,0.89,-,6.17,9.520995684,2018,Dec,10
2018/12/10,UTTAR PRADESH,BASTI,0.58,-,3.52,8.781061025,2018,Dec,10
2018/12/10,UTTAR PRADESH,RAMPUR,0.58,-,4.13,9.526721045,2018,Dec,10
2018/12/10,UTTAR PRADESH,MIRZAPUR,1.09,-,9.42,7.209147876,2018,Dec,10
2018/12/10,UTTAR PRADESH,JYOTIBA PHULE NAGAR,1.59,-,14.95,7.951020464,2018,Dec,10
2018/12/10,UTTAR PRADESH,LALITPUR,1.84,-,12.4,4.162420547,2018,Dec,10
2018/12/10,UTTAR PRADESH,MAHAMAYA NAGAR,0.06,-,0.34,10.61628726,2018,Dec,10
2018/12/10,UTTAR PRADESH,MATHURA,0.18,-,1.17,8.982541767,2018,Dec,10
2018/12/10,UTTAR PRADESH,MAHOBA,0.51,-,3.67,2.706959394,2018,Dec,10
2018/12/10,UTTAR PRADESH,CHITRAKOOT,1.16,-,10.26,6.731097998,2018,Dec,10
2018/12/10,UTTAR PRADESH,SAHARANPUR,1.82,-,13.46,11.19386907,2018,Dec,10
2018/12/10,UTTAR PRADESH,KANNAUJ,0.99,-,7.29,7.438782452,2018,Dec,10
2018/12/10,UTTAR PRADESH,SANT KABIR NAGAR,0.03,-,0.21,9.34079443,2018,Dec,10
2018/12/10,UTTAR PRADESH,SONBHADRA,1.25,-,8.28,16.11448347,2018,Dec,10
2018/12/10,UTTAR PRADESH,FATEHPUR,1.54,-,12.04,5.046749961,2018,Dec,10
2018/12/10,UTTAR PRADESH,BARA BANKI,0.29,-,1.76,9.529343873,2018,Dec,10
2018/12/10,UTTAR PRADESH,AZAMGARH,0.21,-,1.28,8.666450159,2018,Dec,10
2018/12/10,UTTAR PRADESH,BAGHPAT,1.06,-,7.07,8.2618578,2018,Dec,10
2018/12/10,UTTAR PRADESH,ALIGARH,0.45,-,3.18,10.03871044,2018,Dec,10
2018/12/10,UTTAR PRADESH,HARDOI,0.42,-,3.3,8.284669546,2018,Dec,10
2018/12/10,UTTAR PRADESH,RAE BARELI,0.89,-,7.35,7.701234011,2018,Dec,10
2018/12/10,UTTAR PRADESH,GHAZIPUR,0.65,-,5.35,8.262370527,2018,Dec,10
2018/12/10,UTTAR PRADESH,KAUSHAMBI,1.81,-,13.99,5.521823189,2018,Dec,10
2018/12/10,UTTAR PRADESH,BULANDSHAHR,0.45,-,3.24,8.865342978,2018,Dec,10
2018/12/10,UTTAR PRADESH,DEORIA,0.08,-,0.47,11.75791068,2018,Dec,10
2018/12/10,UTTAR PRADESH,BAHRAICH,1.08,-,9.1,9.105610413,2018,Dec,10
2018/12/10,UTTAR PRADESH,GORAKHPUR,0.51,-,3.32,9.562828057,2018,Dec,10
2018/12/10,UTTAR PRADESH,BIJNOR,1.49,-,12.06,10.3841252,2018,Dec,10
2018/12/10,UTTAR PRADESH,BANDA,0.68,-,5.55,5.944718997,2018,Dec,10
2018/12/10,UTTAR PRADESH,MUZAFFARNAGAR,0.54,-,4.44,9.480893347,2018,Dec,10
2018/12/10,UTTAR PRADESH,SANT RAVI DAS NAGAR(BHADOHI),0.84,-,6.07,7.616599887,2018,Dec,10
2018/12/10,UTTAR PRADESH,HAMIRPUR,0.07,-,0.52,6.681672046,2018,Dec,10
2018/12/10,UTTAR PRADESH,PRATAPGARH,0.17,-,1.45,9.387736162,2018,Dec,10
2018/12/10,UTTAR PRADESH,ETAWAH,0.78,-,5.74,7.751122897,2018,Dec,10
2018/12/10,UTTAR PRADESH,MORADABAD,0.85,-,6.67,9.031187519,2018,Dec,10
2018/12/10,UTTAR PRADESH,AGRA,0.92,-,7.14,8.212723605,2018,Dec,10
2018/12/10,UTTAR PRADESH,JAUNPUR,0.17,-,1.52,8.163637188,2018,Dec,10
2018/12/10,UTTAR PRADESH,KANPUR NAGAR,0.69,-,4.44,5.941089847,2018,Dec,10
2018/12/10,UTTAR PRADESH,JHANSI,1.46,-,10.62,6.128961507,2018,Dec,10
2018/12/10,UTTAR PRADESH,SIDDHARTH NAGAR,0.0,-,0.03,9.87699524,2018,Dec,10
2018/12/10,UTTAR PRADESH,MEERUT,1.27,-,8.77,9.050248642,2018,Dec,10
2018/12/10,UTTAR PRADESH,PILIBHIT,1.72,-,12.59,9.939774658,2018,Dec,10
2018/12/10,UTTAR PRADESH,SHAHJAHANPUR,0.4,-,3.42,9.10357564,2018,Dec,10
2018/12/10,UTTAR PRADESH,KANPUR DEHAT,0.56,-,3.44,6.748726584,2018,Dec,10
2018/12/10,UTTAR PRADESH,FIROZABAD,0.91,-,7.3,7.854972979,2018,Dec,10
2018/12/10,UTTAR PRADESH,AYODHYA,0.61,-,3.78,10.01283813,2018,Dec,10
2018/12/10,UTTAR PRADESH,KUSHINAGAR,0.07,-,0.63,12.89500792,2018,Dec,10
2018/12/10,UTTAR PRADESH,JALAUN,0.06,-,0.35,11.74977599,2018,Dec,10
2018/12/10,UTTAR PRADESH,GHAZIABAD,1.83,-,12.04,8.422493329,2018,Dec,10
2018/12/10,UTTAR PRADESH,ETAH,0.0,-,0.0,10.05861177,2018,Dec,10
2018/12/10,UTTAR PRADESH,BALLIA,0.01,-,0.07,8.375079338,2018,Dec,10
2018/12/10,UTTAR PRADESH,UNNAO,0.55,-,4.41,6.827897144,2018,Dec,10
2018/12/10,UTTAR PRADESH,MAU,0.17,-,0.98,8.952005057,2018,Dec,10
2018/12/10,UTTAR PRADESH,SITAPUR,0.56,-,4.11,8.477365126,2018,Dec,10
2018/12/10,UTTAR PRADESH,PRAYAGRAJ,1.24,-,11.04,7.663012006,2018,Dec,10
2018/12/10,UTTAR PRADESH,BAREILLY,0.88,-,6.44,8.752132903,2018,Dec,10
2018/12/10,UTTAR PRADESH,SHRAWASTI,0.12,-,1.04,12.32758565,2018,Dec,10
2018/12/10,UTTAR PRADESH,SULTANPUR,0.11,-,0.69,11.68759336,2018,Dec,10
2018/12/10,UTTAR PRADESH,GONDA,0.88,-,5.68,9.659423837,2018,Dec,10
2018/12/10,UTTAR PRADESH,GAUTAM BUDDHA NAGAR,1.87,-,12.2,8.163156086,2018,Dec,10
2018/12/10,UTTAR PRADESH,KANSIRAM NAGAR,1.67,-,14.09,8.728685545,2018,Dec,10
2018/12/10,UTTAR PRADESH,MAHARAJGANJ,0.16,-,1.45,12.76861919,2018,Dec,10
2018/12/10,UTTAR PRADESH,MAINPURI,0.11,-,0.99,7.755748526,2018,Dec,10
2018/12/10,UTTAR PRADESH,VARANASI,0.3,-,2.36,9.550599337,2018,Dec,10
2018/12/10,UTTAR PRADESH,AURAIYA,0.66,-,4.81,6.947329522,2018,Dec,10
2018/12/09,UTTAR PRADESH,FARRUKHABAD,1.33,-,9.78,7.197135803,2018,Dec,9
2018/12/09,UTTAR PRADESH,LUCKNOW,1.52,-,10.32,7.225400757,2018,Dec,9
2018/12/09,UTTAR PRADESH,KHERI,1.94,-,13.65,8.583829538,2018,Dec,9
2018/12/09,UTTAR PRADESH,CHANDAULI,0.49,-,4.24,10.21850158,2018,Dec,9
2018/12/09,UTTAR PRADESH,AMBEDKAR NAGAR,0.25,-,1.47,10.91740802,2018,Dec,9
2018/12/09,UTTAR PRADESH,BUDAUN,1.38,-,11.89,7.224850042,2018,Dec,9
2018/12/09,UTTAR PRADESH,BALRAMPUR,0.91,-,6.27,9.647098022,2018,Dec,9
2018/12/09,UTTAR PRADESH,BASTI,0.58,-,3.52,9.038131644,2018,Dec,9
2018/12/09,UTTAR PRADESH,RAMPUR,0.59,-,4.15,9.718963662,2018,Dec,9
2018/12/09,UTTAR PRADESH,MIRZAPUR,1.1,-,9.49,7.377026591,2018,Dec,9
2018/12/09,UTTAR PRADESH,JYOTIBA PHULE NAGAR,1.59,-,15.0,8.129346122,2018,Dec,9
2018/12/09,UTTAR PRADESH,LALITPUR,1.86,-,12.53,4.262544454,2018,Dec,9
2018/12/09,UTTAR PRADESH,MAHAMAYA NAGAR,0.06,-,0.35,10.9296815,2018,Dec,9
2018/12/09,UTTAR PRADESH,MATHURA,0.18,-,1.18,9.246198625,2018,Dec,9
2018/12/09,UTTAR PRADESH,MAHOBA,0.52,-,3.71,2.785676016,2018,Dec,9
2018/12/09,UTTAR PRADESH,CHITRAKOOT,1.17,-,10.34,6.896866074,2018,Dec,9
2018/12/09,UTTAR PRADESH,SAHARANPUR,1.84,-,13.57,11.34560721,2018,Dec,9
2018/12/09,UTTAR PRADESH,KANNAUJ,0.99,-,7.32,7.667011301,2018,Dec,9
2018/12/09,UTTAR PRADESH,SANT KABIR NAGAR,0.03,-,0.22,9.628608722,2018,Dec,9
2018/12/09,UTTAR PRADESH,SONBHADRA,0.84,-,5.89,13.98916507,2018,Dec,9
2018/12/09,UTTAR PRADESH,FATEHPUR,1.56,-,12.12,5.225423797,2018,Dec,9
2018/12/09,UTTAR PRADESH,BARA BANKI,0.29,-,1.77,9.784876901,2018,Dec,9
2018/12/09,UTTAR PRADESH,AZAMGARH,0.21,-,1.29,8.941968686,2018,Dec,9
2018/12/09,UTTAR PRADESH,BAGHPAT,1.07,-,7.13,8.452458376,2018,Dec,9
2018/12/09,UTTAR PRADESH,ALIGARH,0.45,-,3.19,10.321674,2018,Dec,9
2018/12/09,UTTAR PRADESH,HARDOI,0.43,-,3.32,8.504629829,2018,Dec,9
2018/12/09,UTTAR PRADESH,RAE BARELI,0.9,-,7.4,7.953916196,2018,Dec,9
2018/12/09,UTTAR PRADESH,GHAZIPUR,0.65,-,5.38,8.521202714,2018,Dec,9
2018/12/09,UTTAR PRADESH,KAUSHAMBI,1.83,-,14.14,5.734768154,2018,Dec,9
2018/12/09,UTTAR PRADESH,BULANDSHAHR,0.45,-,3.26,9.091650467,2018,Dec,9
2018/12/09,UTTAR PRADESH,DEORIA,0.08,-,0.48,12.14633839,2018,Dec,9
2018/12/09,UTTAR PRADESH,BAHRAICH,1.09,-,9.2,9.298597514,2018,Dec,9
2018/12/09,UTTAR PRADESH,GORAKHPUR,0.51,-,3.35,9.852792921,2018,Dec,9
2018/12/09,UTTAR PRADESH,BIJNOR,1.49,-,12.12,10.56592592,2018,Dec,9
2018/12/09,UTTAR PRADESH,BANDA,0.69,-,5.58,6.156998079,2018,Dec,9
2018/12/09,UTTAR PRADESH,MUZAFFARNAGAR,0.54,-,4.45,9.661186006,2018,Dec,9
2018/12/09,UTTAR PRADESH,SANT RAVI DAS NAGAR(BHADOHI),0.84,-,6.12,7.900033084,2018,Dec,9
2018/12/09,UTTAR PRADESH,HAMIRPUR,0.08,-,0.52,6.895777321,2018,Dec,9
2018/12/09,UTTAR PRADESH,PRATAPGARH,0.17,-,1.46,9.674371698,2018,Dec,9
2018/12/09,UTTAR PRADESH,ETAWAH,0.79,-,5.83,7.925884745,2018,Dec,9
2018/12/09,UTTAR PRADESH,MORADABAD,0.85,-,6.69,9.227187269,2018,Dec,9
2018/12/09,UTTAR PRADESH,AGRA,0.93,-,7.22,8.447379475,2018,Dec,9
2018/12/09,UTTAR PRADESH,JAUNPUR,0.17,-,1.53,8.437000172,2018,Dec,9
2018/12/09,UTTAR PRADESH,KANPUR NAGAR,0.69,-,4.47,6.137403418,2018,Dec,9
2018/12/09,UTTAR PRADESH,JHANSI,1.47,-,10.71,6.30802843,2018,Dec,9
2018/12/09,UTTAR PRADESH,SIDDHARTH NAGAR,0.0,-,0.03,10.18136829,2018,Dec,9
2018/12/09,UTTAR PRADESH,MEERUT,1.28,-,8.8,9.232085554,2018,Dec,9
2018/12/09,UTTAR PRADESH,PILIBHIT,1.73,-,12.66,10.09421307,2018,Dec,9
2018/12/09,UTTAR PRADESH,SHAHJAHANPUR,0.4,-,3.44,9.308450241,2018,Dec,9
2018/12/09,UTTAR PRADESH,KANPUR DEHAT,0.56,-,3.46,6.963788839,2018,Dec,9
2018/12/09,UTTAR PRADESH,FIROZABAD,0.91,-,7.38,8.096110388,2018,Dec,9
2018/12/09,UTTAR PRADESH,AYODHYA,0.62,-,3.81,10.2893887,2018,Dec,9
2018/12/09,UTTAR PRADESH,KUSHINAGAR,0.07,-,0.65,13.24743695,2018,Dec,9
2018/12/09,UTTAR PRADESH,JALAUN,0.06,-,0.35,12.0878952,2018,Dec,9
2018/12/09,UTTAR PRADESH,GHAZIABAD,1.83,-,12.06,8.611500623,2018,Dec,9
2018/12/09,UTTAR PRADESH,ETAH,0.0,-,0.0,10.36388417,2018,Dec,9
2018/12/09,UTTAR PRADESH,BALLIA,0.01,-,0.07,8.606294831,2018,Dec,9
2018/12/09,UTTAR PRADESH,UNNAO,0.56,-,4.45,7.038707047,2018,Dec,9
2018/12/09,UTTAR PRADESH,MAU,0.17,-,0.98,9.2124639,2018,Dec,9
2018/12/09,UTTAR PRADESH,SITAPUR,0.57,-,4.14,8.669638839,2018,Dec,9
2018/12/09,UTTAR PRADESH,PRAYAGRAJ,1.24,-,11.1,7.927353706,2018,Dec,9
2018/12/09,UTTAR PRADESH,BAREILLY,0.89,-,6.48,8.964329621,2018,Dec,9
2018/12/09,UTTAR PRADESH,SHRAWASTI,0.12,-,1.07,12.57787821,2018,Dec,9
2018/12/09,UTTAR PRADESH,SULTANPUR,0.11,-,0.69,12.03502029,2018,Dec,9
2018/12/09,UTTAR PRADESH,GONDA,0.89,-,5.74,9.871480446,2018,Dec,9
2018/12/09,UTTAR PRADESH,GAUTAM BUDDHA NAGAR,1.87,-,12.25,8.373509722,2018,Dec,9
2018/12/09,UTTAR PRADESH,KANSIRAM NAGAR,1.67,-,14.12,8.964046006,2018,Dec,9
2018/12/09,UTTAR PRADESH,MAHARAJGANJ,0.17,-,1.52,13.05734436,2018,Dec,9
2018/12/09,UTTAR PRADESH,MAINPURI,0.11,-,0.99,8.004463368,2018,Dec,9
2018/12/09,UTTAR PRADESH,VARANASI,0.3,-,2.39,9.8822416,2018,Dec,9
2018/12/09,UTTAR PRADESH,AURAIYA,0.66,-,4.85,7.135640443,2018,Dec,9
2018/12/08,UTTAR PRADESH,FARRUKHABAD,1.33,-,9.79,7.421286698,2018,Dec,8
2018/12/08,UTTAR PRADESH,LUCKNOW,1.54,-,10.47,7.413673322,2018,Dec,8
2018/12/08,UTTAR PRADESH,KHERI,1.95,-,13.76,8.73689071,2018,Dec,8
2018/12/08,UTTAR PRADESH,CHANDAULI,0.5,-,4.28,10.37197267,2018,Dec,8
2018/12/08,UTTAR PRADESH,AMBEDKAR NAGAR,0.25,-,1.48,11.24147804,2018,Dec,8
2018/12/08,UTTAR PRADESH,BUDAUN,1.38,-,11.92,7.441470397,2018,Dec,8
2018/12/08,UTTAR PRADESH,BALRAMPUR,0.92,-,6.39,9.787080318,2018,Dec,8
2018/12/08,UTTAR PRADESH,BASTI,0.59,-,3.55,9.30375579,2018,Dec,8
2018/12/08,UTTAR PRADESH,RAMPUR,0.6,-,4.2,9.948065957,2018,Dec,8
2018/12/08,UTTAR PRADESH,MIRZAPUR,1.11,-,9.53,7.532094602,2018,Dec,8
2018/12/08,UTTAR PRADESH,JYOTIBA PHULE NAGAR,1.6,-,15.04,8.33331401,2018,Dec,8
2018/12/08,UTTAR PRADESH,LALITPUR,1.87,-,12.61,4.368862811,2018,Dec,8
2018/12/08,UTTAR PRADESH,MAHAMAYA NAGAR,0.06,-,0.35,11.26976679,2018,Dec,8
2018/12/08,UTTAR PRADESH,MATHURA,0.18,-,1.19,9.513708765,2018,Dec,8
2018/12/08,UTTAR PRADESH,MAHOBA,0.52,-,3.76,2.865641811,2018,Dec,8
2018/12/08,UTTAR PRADESH,CHITRAKOOT,1.17,-,10.39,7.035185208,2018,Dec,8
2018/12/08,UTTAR PRADESH,SAHARANPUR,1.85,-,13.67,11.53123687,2018,Dec,8
2018/12/08,UTTAR PRADESH,KANNAUJ,1.0,-,7.37,7.909112503,2018,Dec,8
2018/12/08,UTTAR PRADESH,SANT KABIR NAGAR,0.03,-,0.22,9.920929518,2018,Dec,8
2018/12/08,UTTAR PRADESH,SONBHADRA,0.85,-,5.97,14.18953492,2018,Dec,8
2018/12/08,UTTAR PRADESH,FATEHPUR,1.56,-,12.17,5.416173848,2018,Dec,8
2018/12/08,UTTAR PRADESH,BARA BANKI,0.3,-,1.79,10.06587013,2018,Dec,8
2018/12/08,UTTAR PRADESH,AZAMGARH,0.21,-,1.3,9.200208243,2018,Dec,8
2018/12/08,UTTAR PRADESH,BAGHPAT,1.07,-,7.15,8.670616256,2018,Dec,8
2018/12/08,UTTAR PRADESH,ALIGARH,0.46,-,3.21,10.62350812,2018,Dec,8
2018/12/08,UTTAR PRADESH,HARDOI,0.43,-,3.35,8.748795957,2018,Dec,8
2018/12/08,UTTAR PRADESH,RAE BARELI,0.9,-,7.44,8.205899952,2018,Dec,8
2018/12/08,UTTAR PRADESH,GHAZIPUR,0.65,-,5.4,8.749149427,2018,Dec,8
2018/12/08,UTTAR PRADESH,KAUSHAMBI,1.83,-,14.21,5.925841377,2018,Dec,8
2018/12/08,UTTAR PRADESH,BULANDSHAHR,0.46,-,3.28,9.35410868,2018,Dec,8
2018/12/08,UTTAR PRADESH,DEORIA,0.08,-,0.48,12.55532097,2018,Dec,8
2018/12/08,UTTAR PRADESH,BAHRAICH,1.1,-,9.26,9.514214948,2018,Dec,8
2018/12/08,UTTAR PRADESH,GORAKHPUR,0.52,-,3.37,10.15865827,2018,Dec,8
2018/12/08,UTTAR PRADESH,BIJNOR,1.5,-,12.2,10.78056724,2018,Dec,8
2018/12/08,UTTAR PRADESH,BANDA,0.69,-,5.6,6.362384396,2018,Dec,8
2018/12/08,UTTAR PRADESH,MUZAFFARNAGAR,0.55,-,4.49,9.894615508,2018,Dec,8
2018/12/08,UTTAR PRADESH,SANT RAVI DAS NAGAR(BHADOHI),0.85,-,6.14,8.124289086,2018,Dec,8
2018/12/08,UTTAR PRADESH,HAMIRPUR,0.08,-,0.53,7.108342846,2018,Dec,8
2018/12/08,UTTAR PRADESH,PRATAPGARH,0.17,-,1.47,9.94763242,2018,Dec,8
2018/12/08,UTTAR PRADESH,ETAWAH,0.81,-,5.92,8.116156164,2018,Dec,8
2018/12/08,UTTAR PRADESH,MORADABAD,0.86,-,6.72,9.461746771,2018,Dec,8
2018/12/08,UTTAR PRADESH,AGRA,0.94,-,7.31,8.678991535,2018,Dec,8
2018/12/08,UTTAR PRADESH,JAUNPUR,0.18,-,1.54,8.680697852,2018,Dec,8
2018/12/08,UTTAR PRADESH,KANPUR NAGAR,0.7,-,4.49,6.337266801,2018,Dec,8
2018/12/08,UTTAR PRADESH,JHANSI,1.49,-,10.81,6.494401318,2018,Dec,8
2018/12/08,UTTAR PRADESH,SIDDHARTH NAGAR,0.0,-,0.03,10.48141715,2018,Dec,8
2018/12/08,UTTAR PRADESH,MEERUT,1.28,-,8.83,9.449765456,2018,Dec,8
2018/12/08,UTTAR PRADESH,PILIBHIT,1.74,-,12.75,10.26507536,2018,Dec,8
2018/12/08,UTTAR PRADESH,SHAHJAHANPUR,0.4,-,3.46,9.550372845,2018,Dec,8
2018/12/08,UTTAR PRADESH,KANPUR DEHAT,0.57,-,3.49,7.191228614,2018,Dec,8
2018/12/08,UTTAR PRADESH,FIROZABAD,0.92,-,7.43,8.351928602,2018,Dec,8
2018/12/08,UTTAR PRADESH,AYODHYA,0.62,-,3.84,10.56893438,2018,Dec,8
2018/12/08,UTTAR PRADESH,KUSHINAGAR,0.08,-,0.68,13.6215271,2018,Dec,8
2018/12/08,UTTAR PRADESH,JALAUN,0.06,-,0.36,12.42866811,2018,Dec,8
2018/12/08,UTTAR PRADESH,GHAZIABAD,1.84,-,12.1,8.842971421,2018,Dec,8
2018/12/08,UTTAR PRADESH,ETAH,0.0,-,0.0,10.6984136,2018,Dec,8
2018/12/08,UTTAR PRADESH,BALLIA,0.01,-,0.08,8.861945257,2018,Dec,8
2018/12/08,UTTAR PRADESH,UNNAO,0.56,-,4.47,7.256683136,2018,Dec,8
2018/12/08,UTTAR PRADESH,MAU,0.17,-,0.99,9.497741885,2018,Dec,8
2018/12/08,UTTAR PRADESH,SITAPUR,0.57,-,4.16,8.893516001,2018,Dec,8
2018/12/08,UTTAR PRADESH,PRAYAGRAJ,1.25,-,11.14,8.166269637,2018,Dec,8
2018/12/08,UTTAR PRADESH,BAREILLY,0.9,-,6.51,9.212302214,2018,Dec,8
2018/12/08,UTTAR PRADESH,SHRAWASTI,0.13,-,1.1,12.85384649,2018,Dec,8
2018/12/08,UTTAR PRADESH,SULTANPUR,0.11,-,0.71,12.37441049,2018,Dec,8
2018/12/08,UTTAR PRADESH,GONDA,0.9,-,5.8,10.09663463,2018,Dec,8
2018/12/08,UTTAR PRADESH,GAUTAM BUDDHA NAGAR,1.88,-,12.29,8.602753272,2018,Dec,8
2018/12/08,UTTAR PRADESH,KANSIRAM NAGAR,1.68,-,14.15,9.249663929,2018,Dec,8
2018/12/08,UTTAR PRADESH,MAHARAJGANJ,0.17,-,1.59,13.34975948,2018,Dec,8
2018/12/08,UTTAR PRADESH,MAINPURI,0.11,-,1.0,8.276388519,2018,Dec,8
2018/12/08,UTTAR PRADESH,VARANASI,0.31,-,2.42,10.16960989,2018,Dec,8
2018/12/08,UTTAR PRADESH,AURAIYA,0.67,-,4.89,7.335905543,2018,Dec,8
2018/12/07,UTTAR PRADESH,FARRUKHABAD,1.34,-,9.83,7.655152379,2018,Dec,7
2018/12/07,UTTAR PRADESH,LUCKNOW,1.56,-,10.64,7.630999125,2018,Dec,7
2018/12/07,UTTAR PRADESH,KHERI,1.97,-,13.87,8.890859987,2018,Dec,7
2018/12/07,UTTAR PRADESH,CHANDAULI,0.51,-,4.32,10.54008875,2018,Dec,7
2018/12/07,UTTAR PRADESH,AMBEDKAR NAGAR,0.26,-,1.5,11.58022211,2018,Dec,7
2018/12/07,UTTAR PRADESH,BUDAUN,1.39,-,11.97,7.671056592,2018,Dec,7
2018/12/07,UTTAR PRADESH,BALRAMPUR,0.94,-,6.51,9.931497945,2018,Dec,7
2018/12/07,UTTAR PRADESH,BASTI,0.59,-,3.58,9.586140977,2018,Dec,7
2018/12/07,UTTAR PRADESH,RAMPUR,0.61,-,4.26,10.18152189,2018,Dec,7
2018/12/07,UTTAR PRADESH,MIRZAPUR,1.11,-,9.59,7.692581625,2018,Dec,7
2018/12/07,UTTAR PRADESH,JYOTIBA PHULE NAGAR,1.61,-,15.12,8.552093384,2018,Dec,7
2018/12/07,UTTAR PRADESH,LALITPUR,1.87,-,12.67,4.475940679,2018,Dec,7
2018/12/07,UTTAR PRADESH,MAHAMAYA NAGAR,0.06,-,0.36,11.63437266,2018,Dec,7
2018/12/07,UTTAR PRADESH,MATHURA,0.18,-,1.21,9.795589475,2018,Dec,7
2018/12/07,UTTAR PRADESH,MAHOBA,0.53,-,3.82,2.946766428,2018,Dec,7
2018/12/07,UTTAR PRADESH,CHITRAKOOT,1.18,-,10.45,7.190207078,2018,Dec,7
2018/12/07,UTTAR PRADESH,SAHARANPUR,1.87,-,13.78,11.7182119,2018,Dec,7
2018/12/07,UTTAR PRADESH,KANNAUJ,1.01,-,7.43,8.175686365,2018,Dec,7
2018/12/07,UTTAR PRADESH,SANT KABIR NAGAR,0.03,-,0.22,10.22334488,2018,Dec,7
2018/12/07,UTTAR PRADESH,SONBHADRA,0.86,-,6.03,14.40199195,2018,Dec,7
2018/12/07,UTTAR PRADESH,FATEHPUR,1.57,-,12.2,5.612053037,2018,Dec,7
2018/12/07,UTTAR PRADESH,BARA BANKI,0.3,-,1.8,10.38260969,2018,Dec,7
2018/12/07,UTTAR PRADESH,AZAMGARH,0.21,-,1.31,9.476034397,2018,Dec,7
2018/12/07,UTTAR PRADESH,BAGHPAT,1.07,-,7.2,8.896217826,2018,Dec,7
2018/12/07,UTTAR PRADESH,ALIGARH,0.46,-,3.22,10.9574469,2018,Dec,7
2018/12/07,UTTAR PRADESH,HARDOI,0.43,-,3.37,9.02698594,2018,Dec,7
2018/12/07,UTTAR PRADESH,RAE BARELI,0.91,-,7.5,8.485606811,2018,Dec,7
2018/12/07,UTTAR PRADESH,GHAZIPUR,0.66,-,5.44,8.983841425,2018,Dec,7
2018/12/07,UTTAR PRADESH,KAUSHAMBI,1.85,-,14.33,6.138144904,2018,Dec,7
2018/12/07,UTTAR PRADESH,BULANDSHAHR,0.46,-,3.29,9.633687727,2018,Dec,7
2018/12/07,UTTAR PRADESH,DEORIA,0.08,-,0.48,12.97072459,2018,Dec,7
2018/12/07,UTTAR PRADESH,BAHRAICH,1.11,-,9.33,9.73872683,2018,Dec,7
2018/12/07,UTTAR PRADESH,GORAKHPUR,0.52,-,3.39,10.46208284,2018,Dec,7
2018/12/07,UTTAR PRADESH,BIJNOR,1.52,-,12.28,11.01010874,2018,Dec,7
2018/12/07,UTTAR PRADESH,BANDA,0.69,-,5.62,6.578801146,2018,Dec,7
2018/12/07,UTTAR PRADESH,MUZAFFARNAGAR,0.55,-,4.51,10.13919522,2018,Dec,7
2018/12/07,UTTAR PRADESH,SANT RAVI DAS NAGAR(BHADOHI),0.85,-,6.19,8.387346994,2018,Dec,7
2018/12/07,UTTAR PRADESH,HAMIRPUR,0.08,-,0.53,7.338123928,2018,Dec,7
2018/12/07,UTTAR PRADESH,PRATAPGARH,0.18,-,1.49,10.23438005,2018,Dec,7
2018/12/07,UTTAR PRADESH,ETAWAH,0.82,-,6.03,8.326702239,2018,Dec,7
2018/12/07,UTTAR PRADESH,MORADABAD,0.86,-,6.76,9.696963403,2018,Dec,7
2018/12/07,UTTAR PRADESH,AGRA,0.95,-,7.38,8.932643104,2018,Dec,7
2018/12/07,UTTAR PRADESH,JAUNPUR,0.18,-,1.54,8.941807265,2018,Dec,7
2018/12/07,UTTAR PRADESH,KANPUR NAGAR,0.7,-,4.53,6.569161783,2018,Dec,7
2018/12/07,UTTAR PRADESH,JHANSI,1.5,-,10.92,6.68261462,2018,Dec,7
2018/12/07,UTTAR PRADESH,SIDDHARTH NAGAR,0.0,-,0.03,10.80507617,2018,Dec,7
2018/12/07,UTTAR PRADESH,MEERUT,1.29,-,8.87,9.688059734,2018,Dec,7
2018/12/07,UTTAR PRADESH,PILIBHIT,1.75,-,12.83,10.43941288,2018,Dec,7
2018/12/07,UTTAR PRADESH,SHAHJAHANPUR,0.41,-,3.48,9.804155324,2018,Dec,7
2018/12/07,UTTAR PRADESH,KANPUR DEHAT,0.57,-,3.52,7.447474011,2018,Dec,7
2018/12/07,UTTAR PRADESH,FIROZABAD,0.92,-,7.46,8.626163477,2018,Dec,7
2018/12/07,UTTAR PRADESH,AYODHYA,0.63,-,3.87,10.88112475,2018,Dec,7
2018/12/07,UTTAR PRADESH,KUSHINAGAR,0.08,-,0.7,14.00655657,2018,Dec,7
2018/12/07,UTTAR PRADESH,JALAUN,0.06,-,0.36,12.79387221,2018,Dec,7
2018/12/07,UTTAR PRADESH,GHAZIABAD,1.84,-,12.14,9.086955065,2018,Dec,7
2018/12/07,UTTAR PRADESH,ETAH,0.0,-,0.0,11.0484857,2018,Dec,7
2018/12/07,UTTAR PRADESH,BALLIA,0.01,-,0.08,9.111844048,2018,Dec,7
2018/12/07,UTTAR PRADESH,UNNAO,0.57,-,4.5,7.506718422,2018,Dec,7
2018/12/07,UTTAR PRADESH,MAU,0.17,-,1.01,9.773915152,2018,Dec,7
2018/12/07,UTTAR PRADESH,SITAPUR,0.58,-,4.19,9.142137483,2018,Dec,7
2018/12/07,UTTAR PRADESH,PRAYAGRAJ,1.25,-,11.18,8.430937759,2018,Dec,7
2018/12/07,UTTAR PRADESH,BAREILLY,0.9,-,6.54,9.471502948,2018,Dec,7
2018/12/07,UTTAR PRADESH,SHRAWASTI,0.13,-,1.12,13.14556893,2018,Dec,7
2018/12/07,UTTAR PRADESH,SULTANPUR,0.11,-,0.71,12.74702152,2018,Dec,7
2018/12/07,UTTAR PRADESH,GONDA,0.91,-,5.85,10.34577332,2018,Dec,7
2018/12/07,UTTAR PRADESH,GAUTAM BUDDHA NAGAR,1.89,-,12.34,8.85781807,2018,Dec,7
2018/12/07,UTTAR PRADESH,KANSIRAM NAGAR,1.68,-,14.15,9.535002028,2018,Dec,7
2018/12/07,UTTAR PRADESH,MAHARAJGANJ,0.18,-,1.66,13.65799995,2018,Dec,7
2018/12/07,UTTAR PRADESH,MAINPURI,0.11,-,1.0,8.572439187,2018,Dec,7
2018/12/07,UTTAR PRADESH,VARANASI,0.31,-,2.45,10.4657525,2018,Dec,7
2018/12/07,UTTAR PRADESH,AURAIYA,0.67,-,4.94,7.560161089,2018,Dec,7
2018/12/06,UTTAR PRADESH,FARRUKHABAD,1.35,-,9.87,7.897120914,2018,Dec,6
2018/12/06,UTTAR PRADESH,LUCKNOW,1.58,-,10.81,7.842237653,2018,Dec,6
2018/12/06,UTTAR PRADESH,KHERI,1.98,-,13.97,9.053787713,2018,Dec,6
2018/12/06,UTTAR PRADESH,CHANDAULI,0.51,-,4.35,10.71341962,2018,Dec,6
2018/12/06,UTTAR PRADESH,AMBEDKAR NAGAR,0.26,-,1.5,11.93956729,2018,Dec,6
2018/12/06,UTTAR PRADESH,BUDAUN,1.4,-,12.01,7.90567726,2018,Dec,6
2018/12/06,UTTAR PRADESH,BALRAMPUR,0.97,-,6.67,10.10601998,2018,Dec,6
2018/12/06,UTTAR PRADESH,BASTI,0.59,-,3.6,9.8756373,2018,Dec,6
2018/12/06,UTTAR PRADESH,RAMPUR,0.61,-,4.29,10.4355273,2018,Dec,6
2018/12/06,UTTAR PRADESH,MIRZAPUR,1.12,-,9.64,7.851402649,2018,Dec,6
2018/12/06,UTTAR PRADESH,JYOTIBA PHULE NAGAR,1.62,-,15.18,8.78724423,2018,Dec,6
2018/12/06,UTTAR PRADESH,LALITPUR,1.9,-,12.81,4.587141771,2018,Dec,6
2018/12/06,UTTAR PRADESH,MAHAMAYA NAGAR,0.06,-,0.36,12.02808852,2018,Dec,6
2018/12/06,UTTAR PRADESH,MATHURA,0.18,-,1.21,10.10908819,2018,Dec,6
2018/12/06,UTTAR PRADESH,MAHOBA,0.54,-,3.9,3.031947246,2018,Dec,6
2018/12/06,UTTAR PRADESH,CHITRAKOOT,1.18,-,10.52,7.348149329,2018,Dec,6
2018/12/06,UTTAR PRADESH,SAHARANPUR,1.89,-,13.91,11.93883916,2018,Dec,6
2018/12/06,UTTAR PRADESH,KANNAUJ,1.02,-,7.48,8.438032178,2018,Dec,6
2018/12/06,UTTAR PRADESH,SANT KABIR NAGAR,0.03,-,0.22,10.54202055,2018,Dec,6
2018/12/06,UTTAR PRADESH,SONBHADRA,0.87,-,6.11,14.62558587,2018,Dec,6
2018/12/06,UTTAR PRADESH,FATEHPUR,1.58,-,12.28,5.823527916,2018,Dec,6
2018/12/06,UTTAR PRADESH,BARA BANKI,0.3,-,1.81,10.70899327,2018,Dec,6
2018/12/06,UTTAR PRADESH,AZAMGARH,0.21,-,1.32,9.77650861,2018,Dec,6
2018/12/06,UTTAR PRADESH,BAGHPAT,1.08,-,7.25,9.145038338,2018,Dec,6
2018/12/06,UTTAR PRADESH,ALIGARH,0.46,-,3.23,11.31264368,2018,Dec,6
2018/12/06,UTTAR PRADESH,HARDOI,0.44,-,3.4,9.298206448,2018,Dec,6
2018/12/06,UTTAR PRADESH,RAE BARELI,0.91,-,7.53,8.774991193,2018,Dec,6
2018/12/06,UTTAR PRADESH,GHAZIPUR,0.66,-,5.46,9.248252505,2018,Dec,6
2018/12/06,UTTAR PRADESH,KAUSHAMBI,1.87,-,14.45,6.34457435,2018,Dec,6
2018/12/06,UTTAR PRADESH,BULANDSHAHR,0.46,-,3.3,9.929254048,2018,Dec,6
2018/12/06,UTTAR PRADESH,DEORIA,0.08,-,0.49,13.37261214,2018,Dec,6
2018/12/06,UTTAR PRADESH,BAHRAICH,1.12,-,9.43,9.980397703,2018,Dec,6
2018/12/06,UTTAR PRADESH,GORAKHPUR,0.52,-,3.42,10.76953955,2018,Dec,6
2018/12/06,UTTAR PRADESH,BIJNOR,1.53,-,12.34,11.25154622,2018,Dec,6
2018/12/06,UTTAR PRADESH,BANDA,0.69,-,5.64,6.805067462,2018,Dec,6
2018/12/06,UTTAR PRADESH,MUZAFFARNAGAR,0.55,-,4.53,10.39599652,2018,Dec,6
2018/12/06,UTTAR PRADESH,SANT RAVI DAS NAGAR(BHADOHI),0.86,-,6.24,8.636544963,2018,Dec,6
2018/12/06,UTTAR PRADESH,HAMIRPUR,0.08,-,0.55,7.57133017,2018,Dec,6
2018/12/06,UTTAR PRADESH,PRATAPGARH,0.18,-,1.49,10.55134907,2018,Dec,6
2018/12/06,UTTAR PRADESH,ETAWAH,0.83,-,6.1,8.535105793,2018,Dec,6
2018/12/06,UTTAR PRADESH,MORADABAD,0.87,-,6.8,9.959421388,2018,Dec,6
2018/12/06,UTTAR PRADESH,AGRA,0.96,-,7.49,9.206182734,2018,Dec,6
2018/12/06,UTTAR PRADESH,JAUNPUR,0.18,-,1.54,9.216021262,2018,Dec,6
2018/12/06,UTTAR PRADESH,KANPUR NAGAR,0.71,-,4.56,6.812757474,2018,Dec,6
2018/12/06,UTTAR PRADESH,JHANSI,1.51,-,11.0,6.875994073,2018,Dec,6
2018/12/06,UTTAR PRADESH,SIDDHARTH NAGAR,0.0,-,0.03,11.13794968,2018,Dec,6
2018/12/06,UTTAR PRADESH,MEERUT,1.29,-,8.88,9.935935964,2018,Dec,6
2018/12/06,UTTAR PRADESH,PILIBHIT,1.77,-,12.95,10.6347432,2018,Dec,6
2018/12/06,UTTAR PRADESH,SHAHJAHANPUR,0.41,-,3.49,10.07300072,2018,Dec,6
2018/12/06,UTTAR PRADESH,KANPUR DEHAT,0.58,-,3.55,7.706086451,2018,Dec,6
2018/12/06,UTTAR PRADESH,FIROZABAD,0.93,-,7.52,8.919359221,2018,Dec,6
2018/12/06,UTTAR PRADESH,AYODHYA,0.64,-,3.91,11.21439515,2018,Dec,6
2018/12/06,UTTAR PRADESH,KUSHINAGAR,0.08,-,0.73,14.365613,2018,Dec,6
2018/12/06,UTTAR PRADESH,JALAUN,0.06,-,0.37,13.1719969,2018,Dec,6
2018/12/06,UTTAR PRADESH,GHAZIABAD,1.85,-,12.18,9.329536596,2018,Dec,6
2018/12/06,UTTAR PRADESH,ETAH,0.0,-,0.0,11.43495038,2018,Dec,6
2018/12/06,UTTAR PRADESH,BALLIA,0.01,-,0.08,9.385210704,2018,Dec,6
2018/12/06,UTTAR PRADESH,UNNAO,0.57,-,4.54,7.759271702,2018,Dec,6
2018/12/06,UTTAR PRADESH,MAU,0.17,-,1.02,10.0781817,2018,Dec,6
2018/12/06,UTTAR PRADESH,SITAPUR,0.58,-,4.21,9.383800872,2018,Dec,6
2018/12/06,UTTAR PRADESH,PRAYAGRAJ,1.26,-,11.24,8.682886258,2018,Dec,6
2018/12/06,UTTAR PRADESH,BAREILLY,0.91,-,6.58,9.750821558,2018,Dec,6
2018/12/06,UTTAR PRADESH,SHRAWASTI,0.13,-,1.15,13.46239412,2018,Dec,6
2018/12/06,UTTAR PRADESH,SULTANPUR,0.11,-,0.72,13.14350759,2018,Dec,6
2018/12/06,UTTAR PRADESH,GONDA,0.92,-,5.92,10.60605435,2018,Dec,6
2018/12/06,UTTAR PRADESH,GAUTAM BUDDHA NAGAR,1.89,-,12.36,9.126933904,2018,Dec,6
2018/12/06,UTTAR PRADESH,KANSIRAM NAGAR,1.68,-,14.19,9.834240397,2018,Dec,6
2018/12/06,UTTAR PRADESH,MAHARAJGANJ,0.19,-,1.73,13.96231101,2018,Dec,6
2018/12/06,UTTAR PRADESH,MAINPURI,0.11,-,1.0,8.876919578,2018,Dec,6
2018/12/06,UTTAR PRADESH,VARANASI,0.32,-,2.5,10.77464122,2018,Dec,6
2018/12/06,UTTAR PRADESH,AURAIYA,0.68,-,4.98,7.792478918,2018,Dec,6
2018/12/05,UTTAR PRADESH,FARRUKHABAD,1.35,-,9.91,8.172134077,2018,Dec,5
2018/12/05,UTTAR PRADESH,LUCKNOW,1.6,-,10.97,8.089101002,2018,Dec,5
2018/12/05,UTTAR PRADESH,KHERI,2.0,-,14.11,9.240319445,2018,Dec,5
2018/12/05,UTTAR PRADESH,CHANDAULI,0.51,-,4.37,10.90221497,2018,Dec,5
2018/12/05,UTTAR PRADESH,AMBEDKAR NAGAR,0.26,-,1.51,12.32623046,2018,Dec,5
2018/12/05,UTTAR PRADESH,BUDAUN,1.4,-,12.06,8.165048141,2018,Dec,5
2018/12/05,UTTAR PRADESH,BALRAMPUR,0.98,-,6.82,10.28110911,2018,Dec,5
2018/12/05,UTTAR PRADESH,BASTI,0.6,-,3.62,10.2047491,2018,Dec,5
2018/12/05,UTTAR PRADESH,RAMPUR,0.62,-,4.35,10.71285554,2018,Dec,5
2018/12/05,UTTAR PRADESH,MIRZAPUR,1.13,-,9.7,8.026917607,2018,Dec,5
2018/12/05,UTTAR PRADESH,JYOTIBA PHULE NAGAR,1.62,-,15.25,9.040822186,2018,Dec,5
2018/12/05,UTTAR PRADESH,LALITPUR,1.91,-,12.87,4.688942874,2018,Dec,5
2018/12/05,UTTAR PRADESH,MAHAMAYA NAGAR,0.06,-,0.36,12.45228724,2018,Dec,5
2018/12/05,UTTAR PRADESH,MATHURA,0.19,-,1.22,10.44888633,2018,Dec,5
2018/12/05,UTTAR PRADESH,MAHOBA,0.54,-,3.93,3.117429844,2018,Dec,5
2018/12/05,UTTAR PRADESH,CHITRAKOOT,1.19,-,10.58,7.526683336,2018,Dec,5
2018/12/05,UTTAR PRADESH,SAHARANPUR,1.91,-,14.05,12.15378033,2018,Dec,5
2018/12/05,UTTAR PRADESH,KANNAUJ,1.02,-,7.52,8.74173224,2018,Dec,5
2018/12/05,UTTAR PRADESH,SANT KABIR NAGAR,0.03,-,0.23,10.88977967,2018,Dec,5
2018/12/05,UTTAR PRADESH,SONBHADRA,0.88,-,6.16,14.87572134,2018,Dec,5
2018/12/05,UTTAR PRADESH,FATEHPUR,1.58,-,12.35,6.06609902,2018,Dec,5
2018/12/05,UTTAR PRADESH,BARA BANKI,0.3,-,1.83,11.06797568,2018,Dec,5
2018/12/05,UTTAR PRADESH,AZAMGARH,0.21,-,1.32,10.09135239,2018,Dec,5
2018/12/05,UTTAR PRADESH,BAGHPAT,1.09,-,7.28,9.416163223,2018,Dec,5
2018/12/05,UTTAR PRADESH,ALIGARH,0.46,-,3.24,11.6866031,2018,Dec,5
2018/12/05,UTTAR PRADESH,HARDOI,0.44,-,3.42,9.607714475,2018,Dec,5
2018/12/05,UTTAR PRADESH,RAE BARELI,0.92,-,7.59,9.109987289,2018,Dec,5
2018/12/05,UTTAR PRADESH,GHAZIPUR,0.67,-,5.49,9.518985153,2018,Dec,5
2018/12/05,UTTAR PRADESH,KAUSHAMBI,1.88,-,14.56,6.591852793,2018,Dec,5
2018/12/05,UTTAR PRADESH,BULANDSHAHR,0.46,-,3.32,10.24590197,2018,Dec,5
2018/12/05,UTTAR PRADESH,DEORIA,0.08,-,0.49,13.81328564,2018,Dec,5
2018/12/05,UTTAR PRADESH,BAHRAICH,1.13,-,9.53,10.24004563,2018,Dec,5
2018/12/05,UTTAR PRADESH,GORAKHPUR,0.53,-,3.44,11.11646642,2018,Dec,5
2018/12/05,UTTAR PRADESH,BIJNOR,1.53,-,12.42,11.5158104,2018,Dec,5
2018/12/05,UTTAR PRADESH,BANDA,0.7,-,5.66,7.054395911,2018,Dec,5
2018/12/05,UTTAR PRADESH,MUZAFFARNAGAR,0.56,-,4.56,10.67808554,2018,Dec,5
2018/12/05,UTTAR PRADESH,SANT RAVI DAS NAGAR(BHADOHI),0.87,-,6.29,8.916856573,2018,Dec,5
2018/12/05,UTTAR PRADESH,HAMIRPUR,0.08,-,0.56,7.818571895,2018,Dec,5
2018/12/05,UTTAR PRADESH,PRATAPGARH,0.18,-,1.51,10.88125826,2018,Dec,5
2018/12/05,UTTAR PRADESH,ETAWAH,0.85,-,6.2,8.769856625,2018,Dec,5
2018/12/05,UTTAR PRADESH,MORADABAD,0.87,-,6.83,10.24282562,2018,Dec,5
2018/12/05,UTTAR PRADESH,AGRA,0.97,-,7.58,9.496029207,2018,Dec,5
2018/12/05,UTTAR PRADESH,JAUNPUR,0.18,-,1.55,9.519397469,2018,Dec,5
2018/12/05,UTTAR PRADESH,KANPUR NAGAR,0.71,-,4.59,7.071555097,2018,Dec,5
2018/12/05,UTTAR PRADESH,JHANSI,1.52,-,11.1,7.057799555,2018,Dec,5
2018/12/05,UTTAR PRADESH,SIDDHARTH NAGAR,0.0,-,0.03,11.50625422,2018,Dec,5
2018/12/05,UTTAR PRADESH,MEERUT,1.29,-,8.91,10.20772526,2018,Dec,5
2018/12/05,UTTAR PRADESH,PILIBHIT,1.79,-,13.05,10.85058129,2018,Dec,5
2018/12/05,UTTAR PRADESH,SHAHJAHANPUR,0.41,-,3.5,10.35933201,2018,Dec,5
2018/12/05,UTTAR PRADESH,KANPUR DEHAT,0.58,-,3.58,7.987589624,2018,Dec,5
2018/12/05,UTTAR PRADESH,FIROZABAD,0.94,-,7.57,9.236871712,2018,Dec,5
2018/12/05,UTTAR PRADESH,AYODHYA,0.64,-,3.95,11.57084261,2018,Dec,5
2018/12/05,UTTAR PRADESH,KUSHINAGAR,0.08,-,0.75,14.78900362,2018,Dec,5
2018/12/05,UTTAR PRADESH,JALAUN,0.06,-,0.37,13.56593147,2018,Dec,5
2018/12/05,UTTAR PRADESH,GHAZIABAD,1.86,-,12.23,9.606890731,2018,Dec,5
2018/12/05,UTTAR PRADESH,ETAH,0.0,-,0.0,11.84644966,2018,Dec,5
2018/12/05,UTTAR PRADESH,BALLIA,0.01,-,0.08,9.664110204,2018,Dec,5
2018/12/05,UTTAR PRADESH,UNNAO,0.57,-,4.56,8.05516015,2018,Dec,5
2018/12/05,UTTAR PRADESH,MAU,0.17,-,1.02,10.38872104,2018,Dec,5
2018/12/05,UTTAR PRADESH,SITAPUR,0.58,-,4.24,9.657144954,2018,Dec,5
2018/12/05,UTTAR PRADESH,PRAYAGRAJ,1.26,-,11.28,8.969431773,2018,Dec,5
2018/12/05,UTTAR PRADESH,BAREILLY,0.91,-,6.61,10.04946743,2018,Dec,5
2018/12/05,UTTAR PRADESH,SHRAWASTI,0.14,-,1.2,13.80109803,2018,Dec,5
2018/12/05,UTTAR PRADESH,SULTANPUR,0.11,-,0.73,13.57208392,2018,Dec,5
2018/12/05,UTTAR PRADESH,GONDA,0.93,-,5.99,10.88664394,2018,Dec,5
2018/12/05,UTTAR PRADESH,GAUTAM BUDDHA NAGAR,1.9,-,12.39,9.415775514,2018,Dec,5
2018/12/05,UTTAR PRADESH,KANSIRAM NAGAR,1.68,-,14.22,10.17737633,2018,Dec,5
2018/12/05,UTTAR PRADESH,MAHARAJGANJ,0.2,-,1.82,14.31049444,2018,Dec,5
2018/12/05,UTTAR PRADESH,MAINPURI,0.11,-,1.0,9.214674398,2018,Dec,5
2018/12/05,UTTAR PRADESH,VARANASI,0.32,-,2.5,11.11691314,2018,Dec,5
2018/12/05,UTTAR PRADESH,AURAIYA,0.68,-,5.02,8.03998582,2018,Dec,5
2018/12/04,UTTAR PRADESH,FARRUKHABAD,1.36,-,9.96,8.440597277,2018,Dec,4
2018/12/04,UTTAR PRADESH,LUCKNOW,1.62,-,11.12,8.316145747,2018,Dec,4
2018/12/04,UTTAR PRADESH,KHERI,2.02,-,14.25,9.427206624,2018,Dec,4
2018/12/04,UTTAR PRADESH,CHANDAULI,0.52,-,4.43,11.08107875,2018,Dec,4
2018/12/04,UTTAR PRADESH,AMBEDKAR NAGAR,0.26,-,1.52,12.70812574,2018,Dec,4
2018/12/04,UTTAR PRADESH,BUDAUN,1.41,-,12.09,8.421566837,2018,Dec,4
2018/12/04,UTTAR PRADESH,BALRAMPUR,1.01,-,6.95,10.46375065,2018,Dec,4
2018/12/04,UTTAR PRADESH,BASTI,0.6,-,3.63,10.51710819,2018,Dec,4
2018/12/04,UTTAR PRADESH,RAMPUR,0.62,-,4.41,10.98140975,2018,Dec,4
2018/12/04,UTTAR PRADESH,MIRZAPUR,1.13,-,9.76,8.20432799,2018,Dec,4
2018/12/04,UTTAR PRADESH,JYOTIBA PHULE NAGAR,1.63,-,15.29,9.288664262,2018,Dec,4
2018/12/04,UTTAR PRADESH,LALITPUR,1.92,-,12.93,4.775266403,2018,Dec,4
2018/12/04,UTTAR PRADESH,MAHAMAYA NAGAR,0.06,-,0.37,12.82580526,2018,Dec,4
2018/12/04,UTTAR PRADESH,MATHURA,0.19,-,1.24,10.74441721,2018,Dec,4
2018/12/04,UTTAR PRADESH,MAHOBA,0.55,-,3.98,3.192052846,2018,Dec,4
2018/12/04,UTTAR PRADESH,CHITRAKOOT,1.2,-,10.64,7.696221892,2018,Dec,4
2018/12/04,UTTAR PRADESH,SAHARANPUR,1.93,-,14.16,12.37797983,2018,Dec,4
2018/12/04,UTTAR PRADESH,KANNAUJ,1.03,-,7.56,9.038990176,2018,Dec,4
2018/12/04,UTTAR PRADESH,SANT KABIR NAGAR,0.03,-,0.23,11.21948142,2018,Dec,4
2018/12/04,UTTAR PRADESH,SONBHADRA,0.89,-,6.2,15.07588372,2018,Dec,4
2018/12/04,UTTAR PRADESH,FATEHPUR,1.59,-,12.39,6.283058154,2018,Dec,4
2018/12/04,UTTAR PRADESH,BARA BANKI,0.3,-,1.84,11.41048193,2018,Dec,4
2018/12/04,UTTAR PRADESH,AZAMGARH,0.22,-,1.34,10.41336255,2018,Dec,4
2018/12/04,UTTAR PRADESH,BAGHPAT,1.09,-,7.3,9.66900066,2018,Dec,4
2018/12/04,UTTAR PRADESH,ALIGARH,0.46,-,3.25,12.03907966,2018,Dec,4
2018/12/04,UTTAR PRADESH,HARDOI,0.44,-,3.45,9.914109661,2018,Dec,4
2018/12/04,UTTAR PRADESH,RAE BARELI,0.93,-,7.64,9.413097439,2018,Dec,4
2018/12/04,UTTAR PRADESH,GHAZIPUR,0.67,-,5.53,9.793157793,2018,Dec,4
2018/12/04,UTTAR PRADESH,KAUSHAMBI,1.9,-,14.69,6.822673071,2018,Dec,4
2018/12/04,UTTAR PRADESH,BULANDSHAHR,0.47,-,3.35,10.56184001,2018,Dec,4
2018/12/04,UTTAR PRADESH,DEORIA,0.08,-,0.49,14.25319317,2018,Dec,4
2018/12/04,UTTAR PRADESH,BAHRAICH,1.14,-,9.6,10.4982441,2018,Dec,4
2018/12/04,UTTAR PRADESH,GORAKHPUR,0.53,-,3.47,11.44571083,2018,Dec,4
2018/12/04,UTTAR PRADESH,BIJNOR,1.55,-,12.5,11.77273301,2018,Dec,4
2018/12/04,UTTAR PRADESH,BANDA,0.7,-,5.69,7.290677366,2018,Dec,4
2018/12/04,UTTAR PRADESH,MUZAFFARNAGAR,0.56,-,4.58,10.94759881,2018,Dec,4
2018/12/04,UTTAR PRADESH,SANT RAVI DAS NAGAR(BHADOHI),0.87,-,6.33,9.211865199,2018,Dec,4
2018/12/04,UTTAR PRADESH,HAMIRPUR,0.08,-,0.56,8.043857707,2018,Dec,4
2018/12/04,UTTAR PRADESH,PRATAPGARH,0.18,-,1.52,11.20843459,2018,Dec,4
2018/12/04,UTTAR PRADESH,ETAWAH,0.86,-,6.28,8.991177555,2018,Dec,4
2018/12/04,UTTAR PRADESH,MORADABAD,0.88,-,6.87,10.51496347,2018,Dec,4
2018/12/04,UTTAR PRADESH,AGRA,0.99,-,7.66,9.760044837,2018,Dec,4
2018/12/04,UTTAR PRADESH,JAUNPUR,0.18,-,1.56,9.822355057,2018,Dec,4
2018/12/04,UTTAR PRADESH,KANPUR NAGAR,0.72,-,4.63,7.325268705,2018,Dec,4
2018/12/04,UTTAR PRADESH,JHANSI,1.54,-,11.2,7.22609292,2018,Dec,4
2018/12/04,UTTAR PRADESH,SIDDHARTH NAGAR,0.0,-,0.03,11.86312226,2018,Dec,4
2018/12/04,UTTAR PRADESH,MEERUT,1.3,-,8.94,10.46848074,2018,Dec,4
2018/12/04,UTTAR PRADESH,PILIBHIT,1.8,-,13.16,11.05885317,2018,Dec,4
2018/12/04,UTTAR PRADESH,SHAHJAHANPUR,0.41,-,3.52,10.65671377,2018,Dec,4
2018/12/04,UTTAR PRADESH,KANPUR DEHAT,0.59,-,3.62,8.259218183,2018,Dec,4
2018/12/04,UTTAR PRADESH,FIROZABAD,0.95,-,7.6,9.513664149,2018,Dec,4
2018/12/04,UTTAR PRADESH,AYODHYA,0.65,-,3.98,11.91753132,2018,Dec,4
2018/12/04,UTTAR PRADESH,KUSHINAGAR,0.09,-,0.8,15.20713683,2018,Dec,4
2018/12/04,UTTAR PRADESH,JALAUN,0.06,-,0.38,13.90946351,2018,Dec,4
2018/12/04,UTTAR PRADESH,GHAZIABAD,1.86,-,12.27,9.871908671,2018,Dec,4
2018/12/04,UTTAR PRADESH,ETAH,0.0,-,0.0,12.22363618,2018,Dec,4
2018/12/04,UTTAR PRADESH,BALLIA,0.01,-,0.08,9.951033312,2018,Dec,4
2018/12/04,UTTAR PRADESH,UNNAO,0.58,-,4.59,8.33113689,2018,Dec,4
2018/12/04,UTTAR PRADESH,MAU,0.17,-,1.03,10.71743108,2018,Dec,4
2018/12/04,UTTAR PRADESH,SITAPUR,0.59,-,4.27,9.935059018,2018,Dec,4
2018/12/04,UTTAR PRADESH,PRAYAGRAJ,1.27,-,11.34,9.250223148,2018,Dec,4
2018/12/04,UTTAR PRADESH,BAREILLY,0.91,-,6.63,10.34182889,2018,Dec,4
2018/12/04,UTTAR PRADESH,SHRAWASTI,0.14,-,1.23,14.14123123,2018,Dec,4
2018/12/04,UTTAR PRADESH,SULTANPUR,0.11,-,0.74,13.99411034,2018,Dec,4
2018/12/04,UTTAR PRADESH,GONDA,0.94,-,6.04,11.16306685,2018,Dec,4
2018/12/04,UTTAR PRADESH,GAUTAM BUDDHA NAGAR,1.91,-,12.46,9.678601775,2018,Dec,4
2018/12/04,UTTAR PRADESH,KANSIRAM NAGAR,1.68,-,14.24,10.49126352,2018,Dec,4
2018/12/04,UTTAR PRADESH,MAHARAJGANJ,0.21,-,1.92,14.6503305,2018,Dec,4
2018/12/04,UTTAR PRADESH,MAINPURI,0.11,-,1.01,9.534036494,2018,Dec,4
2018/12/04,UTTAR PRADESH,VARANASI,0.33,-,2.56,11.4541724,2018,Dec,4
2018/12/04,UTTAR PRADESH,AURAIYA,0.69,-,5.06,8.277203158,2018,Dec,4
2018/12/03,UTTAR PRADESH,FARRUKHABAD,1.36,-,9.98,8.60639828,2018,Dec,3
2018/12/03,UTTAR PRADESH,LUCKNOW,1.63,-,11.21,8.463155078,2018,Dec,3
2018/12/03,UTTAR PRADESH,KHERI,2.04,-,14.34,9.53628592,2018,Dec,3
2018/12/03,UTTAR PRADESH,CHANDAULI,0.52,-,4.45,11.10290828,2018,Dec,3
2018/12/03,UTTAR PRADESH,AMBEDKAR NAGAR,0.26,-,1.53,12.99141422,2018,Dec,3
2018/12/03,UTTAR PRADESH,BUDAUN,1.41,-,12.13,8.578256109,2018,Dec,3
2018/12/03,UTTAR PRADESH,BALRAMPUR,1.02,-,7.08,10.59905672,2018,Dec,3
2018/12/03,UTTAR PRADESH,BASTI,0.61,-,3.66,10.76390792,2018,Dec,3
2018/12/03,UTTAR PRADESH,RAMPUR,0.63,-,4.44,11.14937526,2018,Dec,3
2018/12/03,UTTAR PRADESH,MIRZAPUR,1.14,-,9.81,8.253138965,2018,Dec,3
2018/12/03,UTTAR PRADESH,JYOTIBA PHULE NAGAR,1.64,-,15.34,9.44526705,2018,Dec,3
2018/12/03,UTTAR PRADESH,LALITPUR,1.93,-,13.05,4.821281461,2018,Dec,3
2018/12/03,UTTAR PRADESH,MAHAMAYA NAGAR,0.06,-,0.38,13.03667435,2018,Dec,3
2018/12/03,UTTAR PRADESH,MATHURA,0.19,-,1.24,10.91177309,2018,Dec,3
2018/12/03,UTTAR PRADESH,MAHOBA,0.56,-,4.08,3.238093013,2018,Dec,3
2018/12/03,UTTAR PRADESH,CHITRAKOOT,1.2,-,10.68,7.773480543,2018,Dec,3
2018/12/03,UTTAR PRADESH,SAHARANPUR,1.94,-,14.24,12.48752688,2018,Dec,3
2018/12/03,UTTAR PRADESH,KANNAUJ,1.03,-,7.62,9.205796516,2018,Dec,3
2018/12/03,UTTAR PRADESH,SANT KABIR NAGAR,0.03,-,0.23,11.46561639,2018,Dec,3
2018/12/03,UTTAR PRADESH,SONBHADRA,0.89,-,6.22,14.96642481,2018,Dec,3
2018/12/03,UTTAR PRADESH,FATEHPUR,1.6,-,12.45,6.424080649,2018,Dec,3
2018/12/03,UTTAR PRADESH,BARA BANKI,0.31,-,1.84,11.64866662,2018,Dec,3
2018/12/03,UTTAR PRADESH,AZAMGARH,0.22,-,1.35,10.64107721,2018,Dec,3
2018/12/03,UTTAR PRADESH,BAGHPAT,1.1,-,7.34,9.83669603,2018,Dec,3
2018/12/03,UTTAR PRADESH,ALIGARH,0.46,-,3.27,12.24177986,2018,Dec,3
2018/12/03,UTTAR PRADESH,HARDOI,0.45,-,3.47,10.1038126,2018,Dec,3
2018/12/03,UTTAR PRADESH,RAE BARELI,0.93,-,7.67,9.613968969,2018,Dec,3
2018/12/03,UTTAR PRADESH,GHAZIPUR,0.68,-,5.55,9.961152915,2018,Dec,3
2018/12/03,UTTAR PRADESH,KAUSHAMBI,1.91,-,14.75,6.954952137,2018,Dec,3
2018/12/03,UTTAR PRADESH,BULANDSHAHR,0.47,-,3.36,10.75392728,2018,Dec,3
2018/12/03,UTTAR PRADESH,DEORIA,0.09,-,0.49,14.56995768,2018,Dec,3
2018/12/03,UTTAR PRADESH,BAHRAICH,1.15,-,9.68,10.66908769,2018,Dec,3
2018/12/03,UTTAR PRADESH,GORAKHPUR,0.54,-,3.5,11.68114075,2018,Dec,3
2018/12/03,UTTAR PRADESH,BIJNOR,1.55,-,12.55,11.90110628,2018,Dec,3
2018/12/03,UTTAR PRADESH,BANDA,0.7,-,5.71,7.414559163,2018,Dec,3
2018/12/03,UTTAR PRADESH,MUZAFFARNAGAR,0.56,-,4.6,11.10600599,2018,Dec,3
2018/12/03,UTTAR PRADESH,SANT RAVI DAS NAGAR(BHADOHI),0.88,-,6.37,9.361792571,2018,Dec,3
2018/12/03,UTTAR PRADESH,HAMIRPUR,0.08,-,0.57,8.179041632,2018,Dec,3
2018/12/03,UTTAR PRADESH,PRATAPGARH,0.18,-,1.53,11.41955339,2018,Dec,3
2018/12/03,UTTAR PRADESH,ETAWAH,0.87,-,6.35,9.105793804,2018,Dec,3
2018/12/03,UTTAR PRADESH,MORADABAD,0.88,-,6.91,10.68462629,2018,Dec,3
2018/12/03,UTTAR PRADESH,AGRA,0.99,-,7.73,9.914708658,2018,Dec,3
2018/12/03,UTTAR PRADESH,JAUNPUR,0.18,-,1.56,10.01361399,2018,Dec,3
2018/12/03,UTTAR PRADESH,KANPUR NAGAR,0.72,-,4.66,7.464590279,2018,Dec,3
2018/12/03,UTTAR PRADESH,JHANSI,1.55,-,11.29,7.322773479,2018,Dec,3
2018/12/03,UTTAR PRADESH,SIDDHARTH NAGAR,0.0,-,0.03,12.11294133,2018,Dec,3
2018/12/03,UTTAR PRADESH,MEERUT,1.3,-,8.97,10.62894543,2018,Dec,3
2018/12/03,UTTAR PRADESH,PILIBHIT,1.81,-,13.23,11.18947858,2018,Dec,3
2018/12/03,UTTAR PRADESH,SHAHJAHANPUR,0.42,-,3.54,10.83884653,2018,Dec,3
2018/12/03,UTTAR PRADESH,KANPUR DEHAT,0.59,-,3.64,8.410115715,2018,Dec,3
2018/12/03,UTTAR PRADESH,FIROZABAD,0.95,-,7.63,9.671464366,2018,Dec,3
2018/12/03,UTTAR PRADESH,AYODHYA,0.65,-,4.01,12.171907,2018,Dec,3
2018/12/03,UTTAR PRADESH,KUSHINAGAR,0.09,-,0.83,15.48630713,2018,Dec,3
2018/12/03,UTTAR PRADESH,JALAUN,0.06,-,0.38,14.1214681,2018,Dec,3
2018/12/03,UTTAR PRADESH,GHAZIABAD,1.87,-,12.33,10.05018903,2018,Dec,3
2018/12/03,UTTAR PRADESH,ETAH,0.0,-,0.0,12.43985627,2018,Dec,3
2018/12/03,UTTAR PRADESH,BALLIA,0.01,-,0.09,10.15454544,2018,Dec,3
2018/12/03,UTTAR PRADESH,UNNAO,0.58,-,4.61,8.501161818,2018,Dec,3
2018/12/03,UTTAR PRADESH,MAU,0.18,-,1.04,10.94637016,2018,Dec,3
2018/12/03,UTTAR PRADESH,SITAPUR,0.59,-,4.28,10.10557448,2018,Dec,3
2018/12/03,UTTAR PRADESH,PRAYAGRAJ,1.28,-,11.37,9.400294219,2018,Dec,3
2018/12/03,UTTAR PRADESH,BAREILLY,0.92,-,6.67,10.5405967,2018,Dec,3
2018/12/03,UTTAR PRADESH,SHRAWASTI,0.14,-,1.26,14.38487675,2018,Dec,3
2018/12/03,UTTAR PRADESH,SULTANPUR,0.12,-,0.75,14.27654971,2018,Dec,3
2018/12/03,UTTAR PRADESH,GONDA,0.95,-,6.1,11.38091098,2018,Dec,3
2018/12/03,UTTAR PRADESH,GAUTAM BUDDHA NAGAR,1.91,-,12.49,9.855785247,2018,Dec,3
2018/12/03,UTTAR PRADESH,KANSIRAM NAGAR,1.69,-,14.27,10.67289621,2018,Dec,3
2018/12/03,UTTAR PRADESH,MAHARAJGANJ,0.22,-,1.97,14.87533642,2018,Dec,3
2018/12/03,UTTAR PRADESH,MAINPURI,0.11,-,1.01,9.708256828,2018,Dec,3
2018/12/03,UTTAR PRADESH,VARANASI,0.33,-,2.58,11.62892427,2018,Dec,3
2018/12/03,UTTAR PRADESH,AURAIYA,0.7,-,5.11,8.413918979,2018,Dec,3
2018/12/02,UTTAR PRADESH,FARRUKHABAD,1.37,-,10.0,8.867937137,2018,Dec,2
2018/12/02,UTTAR PRADESH,LUCKNOW,1.64,-,11.29,8.665314605,2018,Dec,2
2018/12/02,UTTAR PRADESH,KHERI,2.05,-,14.45,9.708105588,2018,Dec,2
2018/12/02,UTTAR PRADESH,CHANDAULI,0.53,-,4.48,11.28785132,2018,Dec,2
2018/12/02,UTTAR PRADESH,AMBEDKAR NAGAR,0.26,-,1.53,13.38209515,2018,Dec,2
2018/12/02,UTTAR PRADESH,BUDAUN,1.41,-,12.17,8.844942506,2018,Dec,2
2018/12/02,UTTAR PRADESH,BALRAMPUR,1.05,-,7.23,10.77553914,2018,Dec,2
2018/12/02,UTTAR PRADESH,BASTI,0.61,-,3.68,11.08175798,2018,Dec,2
2018/12/02,UTTAR PRADESH,RAMPUR,0.64,-,4.49,11.42205001,2018,Dec,2
2018/12/02,UTTAR PRADESH,MIRZAPUR,1.15,-,9.86,8.436437256,2018,Dec,2
2018/12/02,UTTAR PRADESH,JYOTIBA PHULE NAGAR,1.64,-,15.38,9.706521976,2018,Dec,2
2018/12/02,UTTAR PRADESH,LALITPUR,1.94,-,13.1,4.917671887,2018,Dec,2
2018/12/02,UTTAR PRADESH,MAHAMAYA NAGAR,0.06,-,0.38,13.42899779,2018,Dec,2
2018/12/02,UTTAR PRADESH,MATHURA,0.19,-,1.25,11.22724077,2018,Dec,2
2018/12/02,UTTAR PRADESH,MAHOBA,0.57,-,4.11,3.316903868,2018,Dec,2
2018/12/02,UTTAR PRADESH,CHITRAKOOT,1.21,-,10.73,7.934561625,2018,Dec,2
2018/12/02,UTTAR PRADESH,SAHARANPUR,1.95,-,14.37,12.71925239,2018,Dec,2
2018/12/02,UTTAR PRADESH,KANNAUJ,1.04,-,7.66,9.485101019,2018,Dec,2
2018/12/02,UTTAR PRADESH,SANT KABIR NAGAR,0.03,-,0.23,11.81254785,2018,Dec,2
2018/12/02,UTTAR PRADESH,SONBHADRA,0.91,-,6.33,15.19226965,2018,Dec,2
2018/12/02,UTTAR PRADESH,FATEHPUR,1.61,-,12.52,6.639064822,2018,Dec,2
2018/12/02,UTTAR PRADESH,BARA BANKI,0.31,-,1.86,11.96739737,2018,Dec,2
2018/12/02,UTTAR PRADESH,AZAMGARH,0.22,-,1.35,10.97207577,2018,Dec,2
2018/12/02,UTTAR PRADESH,BAGHPAT,1.1,-,7.38,10.12259099,2018,Dec,2
2018/12/02,UTTAR PRADESH,ALIGARH,0.47,-,3.28,12.60307602,2018,Dec,2
2018/12/02,UTTAR PRADESH,HARDOI,0.45,-,3.49,10.40012626,2018,Dec,2
2018/12/02,UTTAR PRADESH,RAE BARELI,0.94,-,7.73,9.897893886,2018,Dec,2
2018/12/02,UTTAR PRADESH,GHAZIPUR,0.68,-,5.58,10.25016464,2018,Dec,2
2018/12/02,UTTAR PRADESH,KAUSHAMBI,1.92,-,14.87,7.181081741,2018,Dec,2
2018/12/02,UTTAR PRADESH,BULANDSHAHR,0.47,-,3.36,11.08192494,2018,Dec,2
2018/12/02,UTTAR PRADESH,DEORIA,0.09,-,0.49,15.05214469,2018,Dec,2
2018/12/02,UTTAR PRADESH,BAHRAICH,1.16,-,9.73,10.91243889,2018,Dec,2
2018/12/02,UTTAR PRADESH,GORAKHPUR,0.54,-,3.52,12.0371974,2018,Dec,2
2018/12/02,UTTAR PRADESH,BIJNOR,1.56,-,12.6,12.15510303,2018,Dec,2
2018/12/02,UTTAR PRADESH,BANDA,0.7,-,5.73,7.63571683,2018,Dec,2
2018/12/02,UTTAR PRADESH,MUZAFFARNAGAR,0.57,-,4.64,11.38825682,2018,Dec,2
2018/12/02,UTTAR PRADESH,SANT RAVI DAS NAGAR(BHADOHI),0.88,-,6.41,9.658146591,2018,Dec,2
2018/12/02,UTTAR PRADESH,HAMIRPUR,0.08,-,0.58,8.40619904,2018,Dec,2
2018/12/02,UTTAR PRADESH,PRATAPGARH,0.18,-,1.54,11.73579636,2018,Dec,2
2018/12/02,UTTAR PRADESH,ETAWAH,0.88,-,6.41,9.321939097,2018,Dec,2
2018/12/02,UTTAR PRADESH,MORADABAD,0.89,-,6.95,10.97005483,2018,Dec,2
2018/12/02,UTTAR PRADESH,AGRA,1.0,-,7.79,10.18709945,2018,Dec,2
2018/12/02,UTTAR PRADESH,JAUNPUR,0.18,-,1.56,10.32607493,2018,Dec,2
2018/12/02,UTTAR PRADESH,KANPUR NAGAR,0.73,-,4.7,7.702456796,2018,Dec,2
2018/12/02,UTTAR PRADESH,JHANSI,1.56,-,11.37,7.492182399,2018,Dec,2
2018/12/02,UTTAR PRADESH,SIDDHARTH NAGAR,0.0,-,0.03,12.48337923,2018,Dec,2
2018/12/02,UTTAR PRADESH,MEERUT,1.3,-,8.98,10.91035229,2018,Dec,2
2018/12/02,UTTAR PRADESH,PILIBHIT,1.83,-,13.32,11.38975802,2018,Dec,2
2018/12/02,UTTAR PRADESH,SHAHJAHANPUR,0.42,-,3.55,11.1297662,2018,Dec,2
2018/12/02,UTTAR PRADESH,KANPUR DEHAT,0.6,-,3.68,8.673478075,2018,Dec,2
2018/12/02,UTTAR PRADESH,FIROZABAD,0.95,-,7.67,9.956812961,2018,Dec,2
2018/12/02,UTTAR PRADESH,AYODHYA,0.66,-,4.05,12.51109214,2018,Dec,2
2018/12/02,UTTAR PRADESH,KUSHINAGAR,0.1,-,0.87,15.92954282,2018,Dec,2
2018/12/02,UTTAR PRADESH,JALAUN,0.06,-,0.39,14.483993,2018,Dec,2
2018/12/02,UTTAR PRADESH,GHAZIABAD,1.88,-,12.36,10.33352233,2018,Dec,2
2018/12/02,UTTAR PRADESH,ETAH,0.0,-,0.0,12.81963896,2018,Dec,2
2018/12/02,UTTAR PRADESH,BALLIA,0.01,-,0.09,10.46091354,2018,Dec,2
2018/12/02,UTTAR PRADESH,UNNAO,0.58,-,4.63,8.748070933,2018,Dec,2
2018/12/02,UTTAR PRADESH,MAU,0.18,-,1.05,11.29153641,2018,Dec,2
2018/12/02,UTTAR PRADESH,SITAPUR,0.59,-,4.31,10.3637973,2018,Dec,2
2018/12/02,UTTAR PRADESH,PRAYAGRAJ,1.28,-,11.42,9.688598457,2018,Dec,2
2018/12/02,UTTAR PRADESH,BAREILLY,0.92,-,6.7,10.84323464,2018,Dec,2
2018/12/02,UTTAR PRADESH,SHRAWASTI,0.15,-,1.3,14.7078298,2018,Dec,2
2018/12/02,UTTAR PRADESH,SULTANPUR,0.12,-,0.75,14.69429481,2018,Dec,2
2018/12/02,UTTAR PRADESH,GONDA,0.96,-,6.16,11.66270233,2018,Dec,2
2018/12/02,UTTAR PRADESH,GAUTAM BUDDHA NAGAR,1.92,-,12.54,10.14511905,2018,Dec,2
2018/12/02,UTTAR PRADESH,KANSIRAM NAGAR,1.69,-,14.29,10.99251494,2018,Dec,2
2018/12/02,UTTAR PRADESH,MAHARAJGANJ,0.22,-,2.03,15.20642099,2018,Dec,2
2018/12/02,UTTAR PRADESH,MAINPURI,0.11,-,1.01,10.01511948,2018,Dec,2
2018/12/02,UTTAR PRADESH,VARANASI,0.33,-,2.62,11.97213098,2018,Dec,2
2018/12/02,UTTAR PRADESH,AURAIYA,0.7,-,5.14,8.65496979,2018,Dec,2
2018/12/01,UTTAR PRADESH,FARRUKHABAD,1.37,-,10.06,9.144884305,2018,Dec,1
2018/12/01,UTTAR PRADESH,LUCKNOW,1.66,-,11.43,8.898243224,2018,Dec,1
2018/12/01,UTTAR PRADESH,KHERI,2.07,-,14.57,9.901130149,2018,Dec,1
2018/12/01,UTTAR PRADESH,CHANDAULI,0.53,-,4.53,11.48746281,2018,Dec,1
2018/12/01,UTTAR PRADESH,AMBEDKAR NAGAR,0.26,-,1.55,13.81820047,2018,Dec,1
2018/12/01,UTTAR PRADESH,BUDAUN,1.42,-,12.21,9.108988584,2018,Dec,1
2018/12/01,UTTAR PRADESH,BALRAMPUR,1.07,-,7.39,10.95536946,2018,Dec,1
2018/12/01,UTTAR PRADESH,BASTI,0.61,-,3.7,11.42258215,2018,Dec,1
2018/12/01,UTTAR PRADESH,RAMPUR,0.65,-,4.55,11.70233866,2018,Dec,1
2018/12/01,UTTAR PRADESH,MIRZAPUR,1.15,-,9.92,8.621495085,2018,Dec,1
2018/12/01,UTTAR PRADESH,JYOTIBA PHULE NAGAR,1.65,-,15.44,9.953091293,2018,Dec,1
2018/12/01,UTTAR PRADESH,LALITPUR,1.95,-,13.19,5.022734654,2018,Dec,1
2018/12/01,UTTAR PRADESH,MAHAMAYA NAGAR,0.06,-,0.38,13.80720854,2018,Dec,1
2018/12/01,UTTAR PRADESH,MATHURA,0.19,-,1.26,11.51777846,2018,Dec,1
2018/12/01,UTTAR PRADESH,MAHOBA,0.57,-,4.16,3.39936304,2018,Dec,1
2018/12/01,UTTAR PRADESH,CHITRAKOOT,1.21,-,10.78,8.094894241,2018,Dec,1
2018/12/01,UTTAR PRADESH,SAHARANPUR,1.97,-,14.49,12.9355752,2018,Dec,1
2018/12/01,UTTAR PRADESH,KANNAUJ,1.04,-,7.69,9.780080401,2018,Dec,1
2018/12/01,UTTAR PRADESH,SANT KABIR NAGAR,0.03,-,0.24,12.1794551,2018,Dec,1
2018/12/01,UTTAR PRADESH,SONBHADRA,0.88,-,6.21,13.57548244,2018,Dec,1
2018/12/01,UTTAR PRADESH,FATEHPUR,1.61,-,12.56,6.857693295,2018,Dec,1
2018/12/01,UTTAR PRADESH,BARA BANKI,0.31,-,1.87,12.3385253,2018,Dec,1
2018/12/01,UTTAR PRADESH,AZAMGARH,0.22,-,1.36,11.3460902,2018,Dec,1
2018/12/01,UTTAR PRADESH,BAGHPAT,1.11,-,7.42,10.36998201,2018,Dec,1
2018/12/01,UTTAR PRADESH,ALIGARH,0.47,-,3.29,12.94674686,2018,Dec,1
2018/12/01,UTTAR PRADESH,HARDOI,0.45,-,3.5,10.72308526,2018,Dec,1
2018/12/01,UTTAR PRADESH,RAE BARELI,0.94,-,7.78,10.20985539,2018,Dec,1
2018/12/01,UTTAR PRADESH,GHAZIPUR,0.69,-,5.62,10.57574747,2018,Dec,1
2018/12/01,UTTAR PRADESH,KAUSHAMBI,1.93,-,14.95,7.406623088,2018,Dec,1
2018/12/01,UTTAR PRADESH,BULANDSHAHR,0.47,-,3.39,11.39013416,2018,Dec,1
2018/12/01,UTTAR PRADESH,DEORIA,0.09,-,0.5,15.55683964,2018,Dec,1
2018/12/01,UTTAR PRADESH,BAHRAICH,1.17,-,9.82,11.18379332,2018,Dec,1
2018/12/01,UTTAR PRADESH,GORAKHPUR,0.54,-,3.55,12.41380201,2018,Dec,1
2018/12/01,UTTAR PRADESH,BIJNOR,1.57,-,12.7,12.40813437,2018,Dec,1
2018/12/01,UTTAR PRADESH,BANDA,0.71,-,5.75,7.865621162,2018,Dec,1
2018/12/01,UTTAR PRADESH,MUZAFFARNAGAR,0.57,-,4.67,11.65131699,2018,Dec,1
2018/12/01,UTTAR PRADESH,SANT RAVI DAS NAGAR(BHADOHI),0.89,-,6.45,9.979966672,2018,Dec,1
2018/12/01,UTTAR PRADESH,HAMIRPUR,0.08,-,0.58,8.637456742,2018,Dec,1
2018/12/01,UTTAR PRADESH,PRATAPGARH,0.19,-,1.55,12.08157575,2018,Dec,1
2018/12/01,UTTAR PRADESH,ETAWAH,0.89,-,6.5,9.553998833,2018,Dec,1
2018/12/01,UTTAR PRADESH,MORADABAD,0.89,-,6.99,11.24667601,2018,Dec,1
2018/12/01,UTTAR PRADESH,AGRA,1.01,-,7.88,10.44499723,2018,Dec,1
2018/12/01,UTTAR PRADESH,JAUNPUR,0.18,-,1.57,10.66437863,2018,Dec,1
2018/12/01,UTTAR PRADESH,KANPUR NAGAR,0.73,-,4.73,7.949382661,2018,Dec,1
2018/12/01,UTTAR PRADESH,JHANSI,1.57,-,11.48,7.6579571,2018,Dec,1
2018/12/01,UTTAR PRADESH,SIDDHARTH NAGAR,0.0,-,0.03,12.85147733,2018,Dec,1
2018/12/01,UTTAR PRADESH,MEERUT,1.31,-,9.02,11.17312686,2018,Dec,1
2018/12/01,UTTAR PRADESH,PILIBHIT,1.84,-,13.41,11.61862619,2018,Dec,1
2018/12/01,UTTAR PRADESH,SHAHJAHANPUR,0.42,-,3.57,11.43485742,2018,Dec,1
2018/12/01,UTTAR PRADESH,KANPUR DEHAT,0.6,-,3.7,8.942621908,2018,Dec,1
2018/12/01,UTTAR PRADESH,FIROZABAD,0.96,-,7.73,10.25342275,2018,Dec,1
2018/12/01,UTTAR PRADESH,AYODHYA,0.66,-,4.08,12.89805873,2018,Dec,1
2018/12/01,UTTAR PRADESH,KUSHINAGAR,0.1,-,0.91,16.39132128,2018,Dec,1
2018/12/01,UTTAR PRADESH,JALAUN,0.07,-,0.4,14.84640049,2018,Dec,1
2018/12/01,UTTAR PRADESH,GHAZIABAD,1.89,-,12.42,10.60193238,2018,Dec,1
2018/12/01,UTTAR PRADESH,ETAH,0.0,-,0.0,13.20967595,2018,Dec,1
2018/12/01,UTTAR PRADESH,BALLIA,0.01,-,0.09,10.80435111,2018,Dec,1
2018/12/01,UTTAR PRADESH,UNNAO,0.59,-,4.68,9.019709251,2018,Dec,1
2018/12/01,UTTAR PRADESH,MAU,0.18,-,1.06,11.67318592,2018,Dec,1
2018/12/01,UTTAR PRADESH,SITAPUR,0.6,-,4.34,10.65594499,2018,Dec,1
2018/12/01,UTTAR PRADESH,PRAYAGRAJ,1.29,-,11.47,9.986619637,2018,Dec,1
2018/12/01,UTTAR PRADESH,BAREILLY,0.93,-,6.75,11.15809053,2018,Dec,1
2018/12/01,UTTAR PRADESH,SHRAWASTI,0.16,-,1.35,15.0545709,2018,Dec,1
2018/12/01,UTTAR PRADESH,SULTANPUR,0.12,-,0.76,15.15395822,2018,Dec,1
2018/12/01,UTTAR PRADESH,GONDA,0.97,-,6.23,11.97837402,2018,Dec,1
2018/12/01,UTTAR PRADESH,GAUTAM BUDDHA NAGAR,1.93,-,12.59,10.40577093,2018,Dec,1
2018/12/01,UTTAR PRADESH,KANSIRAM NAGAR,1.69,-,14.32,11.31149666,2018,Dec,1
2018/12/01,UTTAR PRADESH,MAHARAJGANJ,0.23,-,2.08,15.55147427,2018,Dec,1
2018/12/01,UTTAR PRADESH,MAINPURI,0.11,-,1.02,10.33195058,2018,Dec,1
2018/12/01,UTTAR PRADESH,VARANASI,0.34,-,2.65,12.35474531,2018,Dec,1
2018/12/01,UTTAR PRADESH,AURAIYA,0.71,-,5.18,8.902376293,2018,Dec,1
